time_tag,bx_gsm,by_gsm,bz_gsm,lon_gsm,lat_gsm,bt,density,speed,temperature
2026-02-28 03:45:00,2.02,-2.10,0.76,313.92,14.61,3.01,0.49,451.8,81165
2026-02-28 03:46:00,-0.29,-3.18,1.88,264.71,30.44,3.70,0.39,450.0,91607
2026-02-28 03:47:00,0.71,-2.10,1.61,288.66,36.12,2.74,0.24,447.1,107766
2026-02-28 03:48:00,1.93,-1.43,0.31,323.46,7.27,2.42,0.15,441.2,116155
2026-02-28 03:49:00,1.73,-2.62,0.30,303.50,5.44,3.16,0.27,440.3,121392
2026-02-28 03:50:00,2.67,-1.34,-0.88,333.36,-16.31,3.12,0.65,430.1,120916
2026-02-28 03:51:00,2.54,0.36,-1.92,8.00,-36.85,3.21,1.05,419.6,101563
2026-02-28 03:52:00,2.48,0.78,-2.08,17.42,-38.71,3.33,1.75,416.8,65136
2026-02-28 03:53:00,2.39,0.58,-2.22,13.71,-42.08,3.31,1.95,416.9,66435
2026-02-28 03:54:00,2.27,0.79,-2.30,19.11,-43.76,3.32,1.92,415.0,60112
2026-02-28 03:55:00,2.19,0.96,-2.61,23.75,-47.46,3.54,1.97,414.8,59460
2026-02-28 03:56:00,2.07,0.75,-2.68,19.97,-50.63,3.47,1.98,416.3,57911
2026-02-28 03:57:00,1.60,0.47,-2.64,16.22,-57.77,3.12,1.97,419.1,67487
2026-02-28 03:58:00,0.95,-1.31,-0.49,306.00,-16.98,1.69,1.63,417.1,81916
2026-02-28 04:00:00,-0.12,-3.46,1.50,267.98,23.39,3.77,0.45,447.6,86143
2026-02-28 09:59:00,2.05,-2.68,0.22,307.44,3.81,3.38,0.61,413.6,103993
2026-02-28 10:02:00,1.63,-2.35,2.14,304.79,36.74,3.57,0.45,427.4,88171
2026-02-28 10:03:00,1.65,-2.55,1.74,302.90,29.77,3.50,0.44,429.2,74103
2026-02-28 10:04:00,1.05,-3.41,1.08,287.14,16.84,3.73,0.47,437.4,109087
2026-02-28 10:05:00,0.80,-3.71,0.41,282.10,6.10,3.82,0.65,433.5,110750
2026-02-28 10:06:00,1.05,-3.57,0.08,286.39,1.19,3.72,0.97,426.5,87276
2026-02-28 10:07:00,1.25,-3.33,-0.91,290.59,-14.38,3.67,1.02,411.8,55682
2026-02-28 10:08:00,0.85,-3.02,0.34,285.79,6.16,3.16,1.26,408.9,51198
2026-02-28 10:09:00,0.57,-2.66,2.92,282.11,46.97,3.99,1.53,423.6,50987
2026-02-28 10:10:00,0.69,-3.13,2.17,282.46,34.07,3.87,0.98,431.5,39753
2026-02-28 10:11:00,1.13,-2.88,1.81,291.46,30.32,3.58,0.39,436.1,108049
2026-02-28 10:12:00,2.10,-2.61,1.51,308.79,24.19,3.68,0.46,440.1,190206
2026-02-28 10:13:00,2.08,-2.74,1.11,307.31,17.86,3.61,0.48,427.8,136477
2026-02-28 10:14:00,1.60,-2.83,1.31,299.37,21.88,3.51,0.59,416.2,101735
2026-02-28 10:15:00,1.48,-2.73,1.79,298.57,29.94,3.58,0.46,424.7,114113
2026-02-28 10:16:00,1.58,-2.68,1.61,300.45,27.34,3.50,0.55,438.1,186033
2026-02-28 10:17:00,2.04,-2.48,1.28,309.46,21.76,3.45,0.53,430.8,178351
2026-02-28 10:18:00,1.60,-2.65,1.74,301.03,29.37,3.55,0.53,430.1,177542
2026-02-28 10:19:00,1.18,-2.85,1.85,292.42,30.92,3.60,0.40,433.7,81127
2026-02-28 10:20:00,1.50,-2.35,2.02,302.42,35.98,3.45,0.30,419.4,72860
2026-02-28 10:21:00,1.93,-2.10,2.02,312.50,35.32,3.50,0.33,430.5,101581
2026-02-28 10:22:00,2.10,-1.99,1.96,316.59,34.17,3.49,0.33,419.2,79111
2026-02-28 10:23:00,2.35,-1.78,1.69,322.85,29.84,3.39,0.32,417.6,81475
2026-02-28 10:24:00,2.49,-1.84,1.48,323.45,25.54,3.43,0.43,425.8,148435
2026-02-28 10:25:00,2.45,-2.30,1.39,316.80,22.48,3.64,0.48,417.5,162975
2026-02-28 10:26:00,2.68,-2.07,1.30,322.28,20.96,3.63,0.39,414.0,125275
2026-02-28 10:27:00,2.56,-1.66,2.10,327.00,34.60,3.71,0.38,424.7,145014
2026-02-28 10:28:00,2.00,-1.94,2.57,315.85,42.71,3.79,0.26,442.9,106010
2026-02-28 10:29:00,1.29,-2.45,2.95,297.82,46.79,4.04,0.32,444.9,68746
2026-02-28 10:30:00,1.40,-2.58,2.92,298.51,44.88,4.14,0.69,420.5,29423
2026-02-28 10:31:00,1.35,-1.81,3.49,306.80,57.08,4.16,0.26,441.4,60144
2026-02-28 10:32:00,1.57,-1.88,3.27,309.82,53.24,4.09,0.24,457.6,69801
2026-02-28 10:33:00,1.60,-2.49,2.73,302.80,42.70,4.03,0.04,419.7,75236
2026-02-28 10:34:00,1.53,-2.56,2.77,300.83,42.98,4.07,0.21,434.3,43410
2026-02-28 10:35:00,1.31,-2.57,2.85,296.95,44.62,4.05,0.15,431.1,68969
2026-02-28 10:36:00,1.75,-2.69,2.20,303.01,34.44,3.89,0.12,431.0,55508
2026-02-28 10:37:00,2.08,-2.33,1.33,311.72,23.03,3.39,0.13,422.1,61941
2026-02-28 10:38:00,2.62,-0.73,-1.86,344.47,-34.47,3.29,1.40,414.6,105240
2026-02-28 10:39:00,2.70,-1.17,-1.49,336.56,-26.80,3.29,1.51,403.9,113235
2026-02-28 10:40:00,3.11,-0.42,-1.01,352.35,-17.92,3.29,0.92,393.0,84456
2026-02-28 10:41:00,3.27,-1.03,0.35,342.46,5.86,3.45,0.87,387.2,61096
2026-02-28 10:42:00,3.38,-1.10,0.12,341.97,1.87,3.55,0.44,381.4,38855
2026-02-28 10:43:00,3.20,-1.55,0.25,334.10,3.97,3.57,0.32,386.2,51038
2026-02-28 10:44:00,2.61,-2.01,-0.87,322.42,-14.78,3.41,0.33,404.2,134731
2026-02-28 10:45:00,2.74,-0.92,-2.05,341.52,-35.39,3.55,0.62,390.7,62867
2026-02-28 10:46:00,1.88,-1.92,-2.50,314.39,-42.94,3.67,1.76,407.2,67073
2026-02-28 10:47:00,2.45,-1.47,-2.17,329.02,-37.20,3.59,1.76,405.7,48437
2026-02-28 10:48:00,2.35,-1.89,-2.07,321.23,-34.45,3.65,1.59,406.5,67118
2026-02-28 10:49:00,2.01,-1.99,-2.31,315.22,-39.18,3.65,0.62,385.9,35844
2026-02-28 10:50:00,1.56,-1.64,-2.90,313.52,-51.99,3.68,1.85,412.0,75004
2026-02-28 10:55:00,2.93,-1.15,-2.08,338.63,-33.47,3.78,1.18,397.0,53198
2026-02-28 10:56:00,2.85,-0.91,-2.29,342.35,-37.47,3.77,1.04,392.1,37908
2026-02-28 10:57:00,3.04,-0.86,-2.14,344.28,-34.10,3.82,1.34,394.3,49607
2026-02-28 10:58:00,3.26,-0.52,-2.02,350.91,-31.43,3.86,2.12,405.9,72281
2026-02-28 10:59:00,3.17,-0.45,-2.28,352.01,-35.37,3.93,1.48,394.5,38532
2026-02-28 11:00:00,3.29,-0.38,-2.22,353.36,-33.79,3.99,1.71,395.0,40144
2026-02-28 11:01:00,3.19,-0.20,-2.26,356.45,-35.26,3.92,1.79,396.4,43625
2026-02-28 11:02:00,3.21,0.08,-2.20,1.36,-34.38,3.90,1.55,391.9,39930
2026-02-28 11:03:00,3.20,-0.05,-2.38,359.04,-36.64,3.99,2.15,400.4,51205
2026-02-28 11:04:00,3.16,-0.28,-2.40,354.99,-37.11,3.98,0.87,382.5,22174
2026-02-28 11:05:00,3.10,-0.38,-2.35,353.05,-37.03,3.91,2.11,400.6,58131
2026-02-28 11:06:00,2.63,-0.91,-2.72,340.87,-44.33,3.90,1.81,396.5,44427
2026-02-28 11:07:00,2.62,-0.85,-2.78,342.02,-45.28,3.91,1.85,398.1,42262
2026-02-28 11:08:00,2.69,-0.47,-2.67,350.05,-44.39,3.82,1.75,397.0,39101
2026-02-28 11:09:00,2.44,-1.03,-2.71,337.05,-45.66,3.79,2.12,401.8,54326
2026-02-28 11:10:00,2.69,-0.50,-2.62,349.46,-43.73,3.79,2.10,400.3,49835
2026-02-28 11:11:00,2.84,-0.40,-2.61,351.97,-42.32,3.88,1.89,396.1,38818
2026-02-28 11:12:00,2.80,0.63,-2.74,12.61,-43.73,3.97,2.08,398.2,44894
2026-02-28 11:13:00,2.58,0.66,-2.87,14.41,-47.12,3.92,2.07,398.7,45657
2026-02-28 11:14:00,2.29,1.37,-2.79,30.90,-46.33,3.86,1.67,395.8,34590
2026-02-28 11:15:00,2.37,0.85,-2.78,19.67,-47.86,3.76,1.84,399.7,39093
2026-02-28 11:16:00,2.07,1.14,-3.05,28.83,-52.26,3.86,2.09,399.9,41324
2026-02-28 11:17:00,2.22,0.97,-2.96,23.64,-50.74,3.83,2.41,405.4,56171
2026-02-28 11:18:00,2.18,1.04,-2.90,25.56,-50.23,3.78,2.23,403.1,46735
2026-02-28 11:19:00,2.15,0.80,-2.97,20.44,-52.33,3.76,1.79,397.9,38651
2026-02-28 11:20:00,1.67,-0.84,-3.35,333.24,-60.85,3.84,1.76,399.0,38921
2026-02-28 11:21:00,1.48,-1.00,-3.36,325.96,-62.05,3.80,2.13,406.8,46793
2026-02-28 11:22:00,1.84,-0.82,-3.14,336.05,-57.36,3.73,2.28,408.1,53061
2026-02-28 11:23:00,1.72,-0.70,-3.33,337.85,-60.83,3.82,2.10,402.3,46216
2026-02-28 11:24:00,1.55,-0.42,-3.53,345.01,-65.54,3.88,2.04,400.7,44052
2026-02-28 11:25:00,1.80,-0.84,-3.22,334.93,-58.30,3.78,3.18,418.7,121025
2026-02-28 11:26:00,1.94,-1.26,-2.91,327.05,-51.45,3.72,2.09,401.3,63294
2026-02-28 11:27:00,1.73,-1.61,-2.87,316.95,-50.50,3.72,1.53,395.5,32170
2026-02-28 11:28:00,1.19,-1.54,-3.39,307.77,-60.16,3.90,1.89,406.1,47991
2026-02-28 11:29:00,1.26,-1.60,-3.31,308.18,-58.37,3.89,1.94,408.5,49373
2026-02-28 11:30:00,1.12,-1.65,-3.47,304.18,-60.01,4.00,1.57,400.7,33481
2026-02-28 11:31:00,1.17,-1.47,-3.50,308.38,-61.76,3.97,1.51,397.0,28271
2026-02-28 11:32:00,1.15,-1.34,-3.56,310.73,-63.59,3.98,2.16,407.1,49225
2026-02-28 11:33:00,1.21,-1.37,-3.56,311.55,-62.78,4.00,2.16,413.2,52448
2026-02-28 11:34:00,1.26,-0.87,-3.67,325.29,-67.27,3.98,2.89,418.8,66777
2026-02-28 11:35:00,0.90,-1.51,-3.63,300.76,-64.19,4.03,2.18,412.0,51494
2026-02-28 11:36:00,1.18,-1.69,-3.45,304.88,-59.17,4.02,2.19,414.3,46169
2026-02-28 11:37:00,1.05,-1.65,-3.56,302.46,-61.25,4.06,2.36,415.5,59457
2026-02-28 11:38:00,0.72,-1.86,-3.58,291.19,-60.88,4.10,1.00,391.5,21220
2026-02-28 11:39:00,0.30,-1.63,-3.82,280.55,-66.46,4.16,2.24,418.7,79521
2026-02-28 11:40:00,0.89,-0.66,-3.66,323.50,-73.12,3.83,2.36,427.7,64906
2026-02-28 11:41:00,1.05,-0.31,-3.78,343.58,-73.86,3.94,2.56,421.1,63652
2026-02-28 11:42:00,1.14,-0.42,-3.76,339.84,-72.02,3.95,1.70,402.9,42041
2026-02-28 11:43:00,0.99,-1.12,-3.62,311.39,-67.55,3.92,1.61,401.9,35764
2026-02-28 11:44:00,0.86,-1.00,-3.73,310.85,-70.53,3.96,2.40,410.9,51480
2026-02-28 11:45:00,0.83,-1.68,-3.57,296.31,-62.27,4.04,1.96,404.7,41038
2026-02-28 11:46:00,1.19,-1.45,-3.54,309.44,-62.09,4.00,1.46,401.6,36398
2026-02-28 11:47:00,1.31,-1.00,-3.56,322.80,-65.20,3.93,2.53,413.7,67395
2026-02-28 11:48:00,1.20,-1.24,-3.48,314.05,-63.56,3.89,2.11,403.0,42672
2026-02-28 11:49:00,1.47,-1.34,-3.40,317.60,-59.69,3.93,1.68,401.8,34788
2026-02-28 11:50:00,1.34,-1.18,-3.62,318.47,-63.75,4.04,1.07,392.5,24799
2026-02-28 11:51:00,1.60,-0.96,-3.49,329.01,-61.87,3.96,2.60,415.6,65000
2026-02-28 11:52:00,1.53,-1.13,-3.45,323.56,-61.04,3.94,2.73,411.0,63463
2026-02-28 11:53:00,1.40,-1.51,-3.35,312.70,-58.42,3.94,1.19,392.9,27721
2026-02-28 11:54:00,1.26,-1.36,-3.52,312.73,-62.20,3.97,2.22,412.0,57117
2026-02-28 11:55:00,1.19,-1.32,-3.55,312.01,-63.46,3.97,2.41,409.4,52099
2026-02-28 11:56:00,1.22,-1.35,-3.51,312.01,-62.60,3.95,2.05,405.9,40952
2026-02-28 11:57:00,1.10,-1.37,-3.60,308.75,-63.90,4.00,1.91,405.3,37723
2026-02-28 11:58:00,1.35,-1.44,-3.46,313.15,-60.24,3.99,2.67,415.3,60688
2026-02-28 11:59:00,1.20,-1.38,-3.60,311.01,-63.14,4.04,2.41,410.5,53437
2026-02-28 12:00:00,0.58,-0.78,-3.94,306.63,-76.11,4.06,1.50,400.4,34300
2026-02-28 12:01:00,0.00,-0.33,-4.17,270.57,-85.43,4.18,1.33,405.9,33842
2026-02-28 12:02:00,0.29,-0.85,-3.79,289.02,-76.67,3.90,2.60,426.0,61694
2026-02-28 12:03:00,0.42,-2.86,-2.81,278.40,-44.21,4.03,2.83,422.9,64304
2026-02-28 12:04:00,0.44,-1.55,-3.55,285.76,-65.65,3.90,1.64,409.6,39792
2026-02-28 12:05:00,1.22,-1.05,-3.30,319.14,-64.01,3.67,0.85,392.5,25088
2026-02-28 12:06:00,0.62,-0.83,-3.57,306.47,-73.78,3.71,2.63,417.3,65211
2026-02-28 12:07:00,0.33,-1.01,-3.57,288.20,-73.48,3.72,2.47,413.7,51522
2026-02-28 12:08:00,0.60,-1.56,-3.45,290.90,-64.16,3.83,1.67,413.3,42680
2026-02-28 12:09:00,0.88,-1.26,-3.43,305.07,-65.87,3.76,1.90,406.2,42908
2026-02-28 12:10:00,0.22,-1.84,-3.45,276.77,-61.68,3.91,1.93,409.8,46392
2026-02-28 12:11:00,0.28,-1.93,-3.40,278.29,-60.12,3.92,1.90,412.3,50834
2026-02-28 12:12:00,0.31,-1.93,-3.46,279.03,-60.52,3.98,1.46,400.3,26551
2026-02-28 12:13:00,0.46,-1.96,-3.38,283.25,-59.23,3.93,2.05,411.8,58024
2026-02-28 12:14:00,0.37,-1.81,-3.39,281.64,-61.40,3.86,2.60,421.1,71969
2026-02-28 12:15:00,0.60,-2.01,-3.22,286.54,-56.98,3.84,2.44,416.6,57200
2026-02-28 12:16:00,1.05,-1.45,-3.32,306.07,-61.71,3.77,2.35,411.9,56046
2026-02-28 12:17:00,1.56,-1.15,-3.20,323.71,-58.76,3.74,2.28,407.1,56038
2026-02-28 12:18:00,1.69,-0.96,-3.15,330.38,-58.33,3.71,1.78,398.2,38658
2026-02-28 12:19:00,1.79,-0.63,-3.20,340.60,-59.35,3.72,1.78,396.8,34402
2026-02-28 12:20:00,1.69,-0.72,-3.19,336.82,-59.99,3.68,2.61,403.6,48519
2026-02-28 12:21:00,2.02,-1.26,-2.75,328.20,-49.09,3.64,2.86,409.0,64712
2026-02-28 12:22:00,2.05,-1.80,-2.41,318.67,-41.40,3.64,1.88,398.6,44031
2026-02-28 12:23:00,2.61,0.46,-2.47,10.01,-43.02,3.62,1.55,392.6,33453
2026-02-28 12:24:00,2.39,0.11,-2.85,2.60,-49.99,3.73,1.96,393.7,39558
2026-02-28 12:25:00,2.09,0.69,-2.98,18.41,-53.61,3.70,1.62,394.1,34492
2026-02-28 12:26:00,1.99,0.36,-2.87,10.26,-54.81,3.52,2.18,398.4,44800
2026-02-28 12:27:00,1.88,1.36,-2.94,35.75,-51.67,3.75,2.04,398.5,41546
2026-02-28 12:28:00,1.41,1.60,-3.02,48.49,-54.73,3.69,1.99,401.2,41477
2026-02-28 12:29:00,1.19,1.03,-3.54,40.99,-66.02,3.87,2.36,405.6,49011
2026-02-28 12:30:00,1.45,0.86,-3.47,30.71,-64.11,3.86,2.56,407.4,52778
2026-02-28 12:31:00,1.51,0.87,-3.44,29.82,-63.11,3.85,2.14,399.4,38245
2026-02-28 12:32:00,1.16,1.31,-3.48,48.33,-63.30,3.90,2.14,401.3,39107
2026-02-28 12:33:00,0.77,1.78,-3.43,66.65,-60.47,3.94,2.22,405.3,42503
2026-02-28 12:34:00,0.58,1.69,-3.51,71.15,-62.98,3.94,2.19,406.6,42720
2026-02-28 12:35:00,0.66,1.85,-3.40,70.38,-60.00,3.93,1.83,403.5,35890
2026-02-28 12:36:00,1.33,1.27,-3.27,43.69,-60.68,3.75,1.92,404.0,39707
2026-02-28 12:37:00,1.43,1.12,-3.27,38.05,-61.00,3.74,2.34,402.2,44664
2026-02-28 12:38:00,1.59,0.81,-3.21,26.84,-60.89,3.67,1.64,399.4,37435
2026-02-28 12:39:00,1.84,0.07,-3.30,2.15,-60.93,3.78,1.47,386.5,24372
2026-02-28 12:40:00,1.82,0.04,-3.21,1.38,-60.46,3.69,1.99,399.9,38769
2026-02-28 12:41:00,1.80,-0.12,-3.26,356.08,-61.06,3.73,2.51,405.9,55069
2026-02-28 12:42:00,1.66,0.40,-3.33,13.63,-62.83,3.74,2.10,399.5,38617
2026-02-28 12:43:00,1.66,0.38,-3.41,12.76,-63.40,3.81,2.22,401.8,41488
2026-02-28 12:44:00,1.64,0.62,-3.39,20.77,-62.71,3.82,2.05,398.8,36546
2026-02-28 12:45:00,1.63,0.93,-3.36,29.70,-60.87,3.85,2.25,400.5,42996
2026-02-28 12:46:00,1.60,1.08,-3.38,33.95,-60.31,3.89,1.65,394.8,31662
2026-02-28 12:47:00,1.51,1.37,-3.36,42.09,-58.72,3.93,1.69,396.3,30972
2026-02-28 12:48:00,1.49,1.62,-3.22,47.40,-55.67,3.90,2.29,404.2,44061
2026-02-28 12:49:00,1.43,1.75,-3.03,50.70,-53.29,3.78,2.30,402.9,43997
2026-02-28 12:50:00,0.54,2.41,-3.13,77.28,-51.66,3.99,2.07,397.7,33964
2026-02-28 12:51:00,0.70,2.03,-3.29,71.06,-56.86,3.93,1.88,399.1,29140
2026-02-28 12:52:00,1.18,2.34,-2.83,63.32,-47.18,3.85,2.28,406.1,43224
2026-02-28 12:53:00,1.24,2.38,-2.78,62.53,-45.99,3.86,2.39,407.2,46853
2026-02-28 12:54:00,0.81,2.70,-2.68,73.24,-43.56,3.89,1.69,400.5,34383
2026-02-28 12:55:00,1.94,1.40,-2.38,35.76,-44.89,3.37,2.14,412.8,45324
2026-02-28 12:56:00,1.26,-0.32,-3.36,345.84,-68.87,3.60,1.71,401.0,32785
2026-02-28 12:57:00,1.98,-0.45,-2.83,347.22,-54.36,3.48,1.84,400.2,37073
2026-02-28 12:58:00,2.27,-1.21,-2.25,331.98,-41.17,3.42,1.54,386.6,22598
2026-02-28 12:59:00,2.34,-2.01,-1.53,319.42,-26.41,3.44,1.38,391.0,32301
2026-02-28 13:00:00,1.76,-3.12,-0.56,299.50,-8.81,3.63,1.10,402.3,53878
2026-02-28 13:01:00,1.49,-3.32,-0.14,294.18,-2.27,3.64,0.53,399.4,41013
2026-02-28 13:02:00,1.64,-3.03,0.02,298.42,0.40,3.44,0.50,397.0,45938
2026-02-28 13:03:00,1.61,-2.82,-0.81,299.65,-14.00,3.34,0.65,397.8,57167
2026-02-28 13:04:00,1.99,-2.50,0.05,308.58,0.96,3.20,0.70,419.7,147168
2026-02-28 13:05:00,2.06,-2.44,-0.95,310.09,-16.49,3.33,0.83,409.5,112705
2026-02-28 13:06:00,2.39,-1.57,-1.77,326.61,-31.79,3.36,1.20,392.5,57664
2026-02-28 13:07:00,2.50,-1.63,-0.95,326.98,-17.71,3.13,1.36,393.7,64145
2026-02-28 13:08:00,3.03,-1.01,0.04,341.57,0.64,3.19,0.72,397.2,74054
2026-02-28 13:09:00,3.12,-0.48,-0.58,351.21,-10.46,3.21,0.73,381.9,47588
2026-02-28 13:10:00,3.07,0.29,-0.91,5.42,-16.36,3.21,1.13,387.9,80905
2026-02-28 13:11:00,2.81,-0.33,-1.65,353.36,-30.29,3.28,1.46,387.1,69385
2026-02-28 13:12:00,2.84,-0.19,-1.33,356.08,-24.97,3.14,1.23,385.6,48001
2026-02-28 13:13:00,-2.32,-3.56,-0.48,236.93,-6.49,4.28,0.68,385.8,40917
2026-02-28 13:14:00,-1.60,-3.70,-1.16,246.54,-16.06,4.19,0.87,445.2,58949
2026-02-28 13:15:00,-2.15,-3.56,-1.14,238.92,-15.34,4.31,1.89,451.3,147516
2026-02-28 13:16:00,-1.70,-3.60,-1.44,244.71,-19.90,4.24,1.34,428.9,68309
2026-02-28 13:17:00,-1.79,-3.64,-1.24,243.81,-16.96,4.24,1.48,434.0,44591
2026-02-28 13:18:00,-1.48,-3.73,-0.94,248.37,-13.13,4.12,1.97,439.0,63190
2026-02-28 13:19:00,-2.95,-3.19,-0.91,227.23,-11.77,4.44,1.78,441.9,54006
2026-02-28 13:20:00,-3.16,-2.98,-0.75,223.29,-9.79,4.41,1.36,436.6,32122
2026-02-28 13:21:00,-2.60,-3.01,-1.03,229.16,-14.52,4.11,1.21,442.2,56384
2026-02-28 13:22:00,-2.34,-3.34,-0.81,235.02,-11.26,4.15,1.07,460.7,84661
2026-02-28 13:23:00,-2.00,-3.24,-0.93,238.25,-13.77,3.92,0.92,436.9,29409
2026-02-28 13:24:00,1.34,-3.23,-0.74,292.53,-11.96,3.58,0.79,419.1,21914
2026-02-28 13:25:00,1.83,-2.98,-0.23,301.52,-3.79,3.51,0.59,388.3,26928
2026-02-28 13:26:00,1.37,-3.18,0.29,293.24,4.77,3.47,0.65,393.7,62152
2026-02-28 13:27:00,2.53,-1.53,-0.44,328.72,-8.54,2.99,0.48,405.2,109262
2026-02-28 13:28:00,3.13,0.27,-1.02,4.97,-17.94,3.30,1.36,383.1,61074
2026-02-28 13:29:00,2.80,1.28,-1.35,24.50,-23.67,3.36,1.63,386.6,78629
2026-02-28 13:30:00,2.67,1.68,-1.37,32.17,-23.44,3.44,1.44,383.5,40881
2026-02-28 13:31:00,2.75,1.65,-1.06,30.97,-18.34,3.38,1.71,388.6,42951
2026-02-28 13:32:00,2.91,0.17,-1.59,3.43,-28.59,3.32,1.42,382.2,30477
2026-02-28 13:33:00,2.81,0.07,-1.78,1.51,-32.31,3.32,1.75,385.6,44578
2026-02-28 13:34:00,2.87,-0.02,-1.76,359.63,-31.50,3.36,1.92,387.0,46105
2026-02-28 13:35:00,3.13,0.16,-1.20,2.96,-20.88,3.35,1.58,382.8,42987
2026-02-28 13:36:00,3.26,-0.06,-0.87,358.92,-14.95,3.37,1.32,380.4,46253
2026-02-28 13:37:00,3.30,-0.67,-0.32,348.59,-5.41,3.38,0.81,378.2,38394
2026-02-28 13:38:00,3.32,-0.65,-0.04,348.88,-0.70,3.38,0.79,382.3,68854
2026-02-28 13:39:00,3.28,-0.84,0.10,345.62,1.76,3.39,0.66,388.4,118753
2026-02-28 13:40:00,3.31,-0.76,-0.27,347.04,-4.53,3.41,0.53,379.6,70077
2026-02-28 13:41:00,3.26,-0.63,-0.18,349.04,-3.08,3.33,0.90,378.4,61030
2026-02-28 13:42:00,3.16,-0.85,-0.68,344.99,-11.68,3.34,0.89,377.1,33850
2026-02-28 13:43:00,3.09,-0.29,-1.13,354.55,-20.00,3.30,1.32,379.9,55950
2026-02-28 13:44:00,3.18,0.35,-0.82,6.33,-14.35,3.30,1.54,381.1,53011
2026-02-28 13:45:00,2.89,-0.06,-1.58,358.88,-28.72,3.29,1.16,376.4,49054
2026-02-28 13:46:00,2.81,-0.83,-1.57,343.58,-28.26,3.32,1.29,379.4,42487
2026-02-28 13:47:00,2.82,-1.28,-1.32,335.61,-23.12,3.36,1.09,378.4,39849
2026-02-28 13:48:00,2.93,-0.30,-1.43,354.19,-25.83,3.27,1.63,386.8,74015
2026-02-28 13:49:00,2.60,-1.05,-1.69,338.04,-31.03,3.27,1.54,385.6,54233
2026-02-28 13:50:00,3.33,-0.53,-0.66,350.97,-11.00,3.44,1.42,387.6,52286
2026-02-28 13:51:00,3.05,-0.34,-1.59,353.65,-27.37,3.45,1.47,385.5,55705
2026-02-28 13:52:00,2.96,0.05,-1.72,0.88,-30.10,3.42,1.66,381.8,41520
2026-02-28 13:53:00,2.77,0.78,-1.92,15.64,-33.72,3.46,1.77,382.7,32015
2026-02-28 13:54:00,2.37,0.80,-2.52,18.72,-45.18,3.55,1.48,380.8,27038
2026-02-28 13:55:00,2.34,0.04,-2.35,1.02,-45.15,3.31,1.46,382.9,27338
2026-02-28 13:56:00,2.63,0.26,-2.31,5.75,-41.16,3.51,2.19,393.9,43740
2026-02-28 13:57:00,2.58,0.13,-2.49,2.81,-43.90,3.59,2.08,384.8,31865
2026-02-28 13:58:00,2.40,0.31,-2.65,7.47,-47.56,3.59,1.46,379.7,21703
2026-02-28 13:59:00,2.27,0.15,-2.67,3.88,-49.48,3.51,2.06,388.2,30603
2026-02-28 14:00:00,1.96,0.33,-2.98,9.58,-56.30,3.58,2.19,390.9,31917
2026-02-28 14:01:00,2.45,-0.08,-2.43,358.24,-44.71,3.45,1.75,389.9,28483
2026-02-28 14:02:00,2.71,0.58,-2.02,12.12,-36.09,3.44,1.98,387.2,29258
2026-02-28 14:03:00,2.58,0.41,-2.34,9.09,-41.78,3.51,2.42,390.8,47230
2026-02-28 14:04:00,2.21,0.03,-2.82,0.71,-51.91,3.58,2.16,389.2,35654
2026-02-28 14:05:00,2.17,-0.08,-2.70,357.79,-51.27,3.46,2.13,388.8,32085
2026-02-28 14:06:00,1.89,0.35,-2.94,10.37,-56.82,3.52,1.78,385.9,28670
2026-02-28 14:07:00,2.10,-0.22,-2.80,354.05,-53.01,3.51,2.10,389.1,34929
2026-02-28 14:08:00,2.36,-0.38,-2.49,350.75,-46.07,3.45,2.31,390.0,37212
2026-02-28 14:09:00,2.46,-0.68,-2.41,344.63,-43.26,3.51,1.88,384.6,28759
2026-02-28 14:10:00,2.45,-0.69,-2.42,344.24,-43.49,3.51,0.94,376.8,19323
2026-02-28 14:11:00,1.77,-1.25,-2.47,324.84,-48.65,3.28,1.05,381.6,22518
2026-02-28 14:12:00,2.25,0.65,-2.66,16.06,-48.58,3.54,1.53,395.1,34033
2026-02-28 14:13:00,2.54,0.42,-2.29,9.31,-41.71,3.44,2.00,389.4,40000
2026-02-28 14:14:00,2.39,-0.37,-2.34,351.21,-44.08,3.37,1.04,376.0,21822
2026-02-28 14:15:00,2.31,0.03,-2.43,0.66,-46.44,3.36,2.58,393.8,54749
2026-02-28 14:16:00,2.22,-1.82,-1.42,320.75,-26.38,3.20,1.79,387.0,32360
2026-02-28 14:17:00,2.32,-0.88,-2.00,339.30,-38.85,3.19,1.35,384.9,32040
2026-02-28 14:18:00,1.36,1.57,-2.63,49.12,-51.66,3.35,1.82,390.7,38004
2026-02-28 14:19:00,0.97,2.00,-2.75,64.10,-51.03,3.53,1.53,397.8,47019
2026-02-28 14:20:00,2.04,0.30,-2.61,8.30,-51.72,3.33,2.68,404.7,58087
2026-02-28 14:21:00,2.18,0.38,-2.65,9.80,-50.16,3.45,2.67,393.2,37930
2026-02-28 14:22:00,1.99,0.61,-2.72,16.92,-52.53,3.42,1.84,384.9,22139
2026-02-28 14:23:00,2.22,0.44,-2.58,11.23,-48.70,3.43,2.05,391.7,37938
2026-02-28 14:24:00,1.93,0.70,-2.89,19.97,-54.65,3.54,2.44,397.2,48862
2026-02-28 14:25:00,1.79,1.23,-2.82,34.53,-52.36,3.56,2.07,394.2,39138
2026-02-28 14:26:00,1.61,-0.87,-2.85,331.78,-57.28,3.39,1.92,392.9,35040
2026-02-28 14:27:00,1.75,-0.51,-2.82,343.81,-57.16,3.36,2.05,395.6,37088
2026-02-28 14:28:00,1.81,-0.45,-2.74,345.96,-55.78,3.32,1.79,393.5,38919
2026-02-28 14:29:00,1.68,0.07,-2.85,2.28,-59.38,3.31,1.33,380.5,23337
2026-02-28 14:30:00,1.78,-0.51,-2.72,344.05,-55.81,3.29,2.82,399.4,58694
2026-02-28 14:31:00,1.53,-1.01,-2.74,326.42,-56.21,3.30,2.58,395.1,44882
2026-02-28 14:32:00,0.40,-2.44,-1.96,279.39,-38.46,3.15,2.09,394.3,41738
2026-02-28 14:33:00,-0.32,-3.60,-1.57,264.89,-23.41,3.94,1.19,406.8,36012
2026-02-28 14:34:00,-0.42,-3.47,-1.83,263.11,-27.60,3.94,1.19,408.5,37644
2026-02-28 14:35:00,-0.24,-3.08,-2.44,265.49,-38.28,3.94,1.95,418.5,54187
2026-02-28 14:36:00,-0.45,-2.46,-3.21,259.59,-52.10,4.06,2.25,416.4,41533
2026-02-28 14:37:00,-0.46,-2.13,-3.41,257.90,-57.45,4.04,2.58,420.2,52049
2026-02-28 14:38:00,-0.55,-2.24,-3.30,256.16,-55.07,4.02,2.79,422.3,54345
2026-02-28 14:39:00,-0.98,-1.99,-3.45,243.68,-57.25,4.10,2.52,422.1,42246
2026-02-28 14:40:00,-1.18,-1.40,-3.68,230.01,-63.53,4.11,2.05,420.6,32397
2026-02-28 14:41:00,-0.50,-1.61,-3.57,252.74,-64.65,3.94,2.40,420.5,46220
2026-02-28 14:42:00,-0.24,-1.78,-3.45,262.27,-62.46,3.89,3.36,424.1,74780
2026-02-28 14:45:00,0.15,-1.66,-3.37,275.32,-63.74,3.76,2.52,414.4,50148
2026-02-28 14:46:00,0.13,-1.60,-3.41,274.73,-64.84,3.77,3.01,414.3,57223
2026-02-28 14:47:00,-0.96,-2.10,-3.42,245.53,-55.98,4.12,1.41,406.2,19011
2026-02-28 14:48:00,-1.44,-2.34,-3.21,238.37,-49.48,4.23,2.16,421.0,36315
2026-02-28 14:49:00,-1.05,-2.38,-3.23,246.17,-51.14,4.14,2.22,424.8,38470
2026-02-28 14:50:00,-0.21,-2.62,-2.98,265.51,-48.50,3.97,3.38,431.0,85780
2026-02-28 14:51:00,-0.49,-2.68,-3.05,259.64,-48.29,4.09,1.73,408.7,37040
2026-02-28 14:52:00,-0.36,-2.94,-2.82,262.93,-43.65,4.09,1.86,407.8,33253
2026-02-28 14:53:00,-0.31,-3.01,-2.74,264.11,-42.12,4.08,1.87,409.5,32889
2026-02-28 14:54:00,0.04,-2.79,-2.77,270.74,-44.81,3.93,2.09,411.8,40191
2026-02-28 14:55:00,-0.06,-2.78,-2.73,268.79,-44.43,3.90,1.49,400.9,33150
2026-02-28 14:56:00,-0.22,-3.29,-2.27,266.14,-34.56,4.01,0.86,393.2,20866
2026-02-28 14:57:00,-0.04,-2.79,-2.72,269.17,-44.31,3.89,1.84,408.8,42176
2026-02-28 14:58:00,0.24,-2.59,-2.76,275.35,-46.68,3.79,2.86,421.2,67808
2026-02-28 14:59:00,0.88,-2.33,-2.68,290.65,-47.15,3.66,2.32,407.9,51024
2026-02-28 15:00:00,0.89,-2.47,-2.55,289.85,-44.20,3.66,2.17,397.0,44414
2026-02-28 15:01:00,1.15,-2.24,-2.75,297.10,-47.57,3.73,2.08,397.1,45912
2026-02-28 15:02:00,0.73,-2.29,-1.33,287.68,-28.88,2.74,1.66,396.1,32459
2026-02-28 15:03:00,1.06,-1.34,-1.19,308.54,-34.94,2.08,0.93,390.5,20919
2026-02-28 15:04:00,-0.09,-2.36,-0.63,267.78,-14.92,2.45,2.14,404.4,99498
2026-02-28 15:05:00,0.44,-3.39,-1.50,277.41,-23.67,3.73,1.13,424.5,82629
2026-02-28 15:06:00,-0.63,-3.94,-0.46,260.92,-6.50,4.02,0.92,412.8,45353
2026-02-28 15:07:00,-0.12,-3.55,-1.06,268.03,-16.59,3.71,0.79,413.5,36322
2026-02-28 15:08:00,-0.84,-3.38,1.82,256.01,27.56,3.93,1.89,431.9,38103
2026-02-28 15:09:00,0.12,-3.76,0.88,271.85,13.09,3.87,1.29,429.3,56289
2026-02-28 15:10:00,0.46,-3.64,1.03,277.19,15.60,3.81,0.42,408.7,41401
2026-02-28 15:11:00,0.85,-3.60,-0.12,283.35,-1.86,3.70,0.41,406.1,65944
2026-02-28 15:12:00,0.60,-3.38,-0.96,280.14,-15.66,3.57,0.73,412.2,87646
2026-02-28 15:13:00,0.40,-3.39,-1.18,276.79,-19.08,3.61,1.13,408.6,60389
2026-02-28 15:14:00,0.29,-3.63,-0.15,274.62,-2.40,3.65,1.16,403.1,42766
2026-02-28 15:15:00,-0.22,-3.20,-0.53,266.12,-9.38,3.25,0.43,395.8,25579
2026-02-28 15:20:00,-1.24,-3.36,1.81,249.79,26.87,4.01,0.26,408.3,29569
2026-02-28 15:21:00,-0.98,-3.76,0.24,255.32,3.60,3.89,0.36,416.0,46407
2026-02-28 15:22:00,-0.83,-3.42,-1.18,256.37,-18.48,3.71,0.74,417.4,47495
2026-02-28 15:23:00,-0.65,-3.15,-2.01,258.36,-32.07,3.79,1.55,414.6,42733
2026-02-28 15:24:00,-1.05,-3.04,-1.72,250.98,-28.11,3.64,1.53,417.1,51532
2026-02-28 15:25:00,-1.62,-2.89,-2.24,240.70,-34.04,3.99,1.74,421.8,44518
2026-02-28 15:26:00,-1.40,-1.96,-2.97,234.42,-50.99,3.83,2.31,422.7,41683
2026-02-28 15:27:00,-1.93,-1.26,-3.13,213.19,-53.68,3.89,2.77,428.9,46066
2026-02-28 15:28:00,-1.29,-2.48,-2.65,242.62,-43.40,3.85,2.50,429.8,45374
2026-02-28 15:29:00,-1.43,-1.20,-3.28,219.98,-60.33,3.78,2.09,426.9,42995
2026-02-28 15:30:00,-1.12,-1.42,-3.23,231.69,-60.73,3.70,2.10,426.8,41245
2026-02-28 15:31:00,-0.81,-1.76,-3.24,245.26,-59.07,3.77,1.87,415.0,35648
2026-02-28 15:32:00,-0.71,-2.12,-2.82,251.44,-51.61,3.60,2.20,419.6,44963
2026-02-28 15:33:00,-0.12,-2.51,-2.33,267.30,-42.76,3.43,1.86,414.0,63719
2026-02-28 15:34:00,0.23,-2.74,-2.15,274.73,-37.95,3.49,1.65,408.6,43113
2026-02-28 15:35:00,1.32,-2.28,-2.05,300.12,-37.82,3.34,1.74,407.4,44699
2026-02-28 15:36:00,1.74,-1.98,-1.88,311.33,-35.49,3.24,1.26,393.9,48384
2026-02-28 15:37:00,1.15,-2.39,-2.17,295.80,-39.30,3.42,1.76,395.4,43412
2026-02-28 15:38:00,0.94,-2.76,-1.89,288.88,-32.98,3.48,1.70,398.3,39651
2026-02-28 15:39:00,1.24,-2.28,-2.13,298.41,-39.37,3.36,1.25,396.8,44106
2026-02-28 15:40:00,0.57,-1.90,-2.65,286.73,-53.17,3.31,1.50,395.6,43597
2026-02-28 15:41:00,-0.64,-1.81,-3.03,250.52,-57.68,3.59,1.91,409.6,38869
2026-02-28 15:42:00,-1.19,-3.43,-1.75,250.79,-25.76,4.03,1.74,418.8,36995
2026-02-28 15:43:00,-0.78,-3.31,-1.90,256.69,-29.18,3.90,1.36,418.7,36680
2026-02-28 15:44:00,-0.43,-2.98,-2.36,261.72,-38.11,3.82,1.58,416.4,39034
2026-02-28 15:45:00,-0.90,-2.94,-2.42,252.91,-38.14,3.91,2.02,420.1,42803
2026-02-28 15:46:00,-0.93,-3.08,-2.22,253.27,-34.60,3.91,1.92,425.4,40563
2026-02-28 15:47:00,-0.84,-3.39,-1.77,256.08,-26.94,3.91,1.64,419.1,34638
2026-02-28 15:49:00,1.14,-3.11,-0.91,290.08,-15.39,3.43,0.46,400.8,64776
2026-02-28 15:50:00,0.60,-3.22,-1.30,280.58,-21.59,3.52,0.51,400.8,63545
2026-02-28 15:51:00,0.28,-3.35,-1.47,274.77,-23.59,3.67,1.46,399.9,40143
2026-02-28 15:52:00,0.15,-3.39,-1.44,272.57,-22.99,3.69,1.30,403.6,38932
2026-02-28 15:53:00,0.58,-3.32,-1.35,279.97,-21.92,3.63,1.10,402.4,35371
2026-02-28 15:54:00,1.01,-3.06,-1.32,288.20,-22.27,3.48,0.89,403.3,34757
2026-02-28 15:55:00,0.95,-3.16,-1.07,286.68,-17.93,3.46,0.60,402.9,43822
2026-02-28 15:56:00,0.98,-2.93,-1.61,288.45,-27.53,3.49,1.16,401.8,43871
2026-02-28 15:57:00,1.18,-2.71,-1.56,293.63,-27.86,3.34,1.08,398.6,46309
2026-02-28 15:58:00,1.17,-2.72,-1.33,293.36,-24.24,3.25,1.02,394.7,42117
2026-02-28 16:03:00,1.70,-2.51,-0.88,304.19,-16.11,3.16,0.35,410.5,97404
2026-02-28 16:04:00,1.89,-2.84,0.49,303.70,8.16,3.45,0.55,399.9,93293
2026-02-28 16:05:00,0.94,-2.74,1.79,289.01,31.63,3.40,0.37,408.8,93851
2026-02-28 16:06:00,1.11,-2.82,2.06,291.52,34.13,3.67,0.30,424.9,42951
2026-02-28 16:07:00,0.94,-2.58,2.42,290.02,41.40,3.66,0.11,409.7,39616
2026-02-28 16:08:00,0.42,-2.77,2.42,278.69,40.83,3.70,0.23,434.8,32246
2026-02-28 16:09:00,-0.19,-2.50,2.66,265.58,46.64,3.65,0.35,424.0,43517
2026-02-28 16:10:00,0.10,-2.16,2.85,272.74,52.84,3.58,0.28,429.3,47271
2026-02-28 16:11:00,1.81,-1.86,2.41,314.23,42.86,3.55,0.26,432.2,35794
2026-02-28 16:12:00,2.01,-1.83,2.06,317.67,37.22,3.41,0.28,427.9,54647
2026-02-28 16:13:00,2.49,-0.40,1.96,350.95,37.88,3.20,0.30,420.6,83672
2026-02-28 16:14:00,2.25,-0.85,1.95,339.21,39.03,3.10,0.32,412.6,110795
2026-02-28 16:15:00,2.06,-0.83,2.57,338.05,49.11,3.40,0.30,415.7,103785
2026-02-28 16:16:00,1.79,0.45,3.18,13.98,59.83,3.68,0.27,423.4,76953
2026-02-28 16:17:00,1.48,0.18,3.43,6.99,66.51,3.74,0.24,424.8,69091
2026-02-28 16:18:00,1.33,-0.03,3.66,358.64,69.99,3.90,0.22,425.0,63914
2026-02-28 16:19:00,0.97,-0.25,3.88,345.33,75.46,4.00,0.29,428.0,40359
2026-02-28 16:20:00,1.00,0.18,3.93,10.52,75.54,4.06,0.26,432.9,41525
2026-02-28 16:22:00,0.46,0.73,4.04,57.84,78.01,4.13,0.35,,
2026-02-28 16:23:00,0.43,0.99,3.99,66.68,74.85,4.13,0.35,425.2,34515
2026-02-28 16:24:00,1.06,0.29,3.73,15.49,73.58,3.89,0.33,426.5,40567
2026-02-28 16:25:00,1.32,-0.02,3.39,359.07,68.71,3.64,0.28,425.9,45277
2026-02-28 16:26:00,-0.28,0.71,4.04,111.54,79.34,4.11,0.24,423.9,36568
2026-02-28 16:27:00,-0.82,0.61,4.05,143.17,75.85,4.17,0.25,422.1,33634
2026-02-28 16:28:00,-0.88,0.12,4.13,172.33,77.85,4.22,0.30,417.2,30706
2026-02-28 16:29:00,-1.01,-0.16,4.13,189.03,76.07,4.25,0.17,425.3,24144
2026-02-28 16:30:00,-1.22,-0.41,4.06,198.48,72.39,4.26,0.10,417.1,46439
2026-02-28 16:31:00,-1.54,0.37,3.97,166.33,68.25,4.28,0.19,413.2,51167
2026-02-28 16:32:00,-1.20,-0.12,4.03,185.54,73.33,4.21,0.23,418.1,38171
2026-02-28 16:33:00,-1.39,-0.73,3.81,207.80,67.59,4.12,0.15,414.8,36063
2026-02-28 16:34:00,1.44,0.14,3.36,5.44,66.72,3.66,0.17,415.0,43381
2026-02-28 16:35:00,0.94,0.37,3.66,21.53,74.63,3.80,0.26,424.2,59102
2026-02-28 16:36:00,1.21,0.27,3.51,12.46,70.59,3.72,0.25,424.4,45214
2026-02-28 16:37:00,1.40,0.13,3.30,5.45,66.89,3.58,0.24,424.4,51380
2026-02-28 16:38:00,1.54,-0.06,3.11,357.69,63.57,3.47,0.28,426.6,44846
2026-02-28 16:39:00,1.49,-0.31,3.22,348.14,64.74,3.56,0.32,421.1,55591
2026-02-28 16:40:00,1.43,-0.28,3.27,348.93,65.94,3.58,0.31,423.2,55398
2026-02-28 16:41:00,1.12,-0.34,3.18,343.30,69.81,3.38,0.27,426.3,53416
2026-02-28 16:42:00,1.09,-0.46,3.25,337.35,69.95,3.46,0.30,421.5,60908
2026-02-28 16:43:00,1.25,0.36,3.29,16.23,68.45,3.54,0.30,422.4,51521
2026-02-28 16:44:00,1.05,0.38,3.47,20.16,72.16,3.64,0.27,422.7,44420
2026-02-28 16:45:00,0.11,-1.14,-0.10,275.62,-4.95,1.15,0.52,418.1,49087
2026-02-28 16:46:00,-1.23,-1.56,-2.64,231.63,-53.02,3.30,1.22,415.8,61360
2026-02-28 16:47:00,-1.47,-1.02,-2.94,214.75,-58.73,3.44,1.79,417.5,62815
2026-02-28 16:48:00,-1.61,-1.25,-3.14,217.93,-56.95,3.74,2.26,418.7,55478
2026-02-28 16:49:00,-1.10,-0.84,-3.61,217.49,-69.06,3.86,2.52,415.2,49122
2026-02-28 16:50:00,-0.52,-1.63,-3.40,252.42,-63.27,3.80,2.33,410.1,43008
2026-02-28 16:51:00,-0.37,-1.81,-3.28,258.53,-60.56,3.76,2.00,408.2,36449
2026-02-28 16:52:00,-1.28,-2.04,-3.18,237.90,-52.91,3.98,1.36,407.6,27309
2026-02-28 16:53:00,-1.00,-2.29,-2.83,246.29,-48.57,3.77,1.86,419.2,36153
2026-02-28 16:56:00,-1.31,-2.46,-2.96,241.93,-46.75,4.06,1.93,404.2,30742
2026-02-28 16:57:00,-1.74,-2.38,-2.95,233.82,-44.99,4.17,1.63,418.2,28703
2026-02-28 16:58:00,-2.66,-2.41,-2.17,222.28,-31.19,4.20,1.78,423.3,36784
2026-02-28 16:59:00,-2.61,-2.60,-2.32,224.93,-32.19,4.35,1.75,430.0,37108
2026-02-28 17:00:00,-2.06,-2.61,-2.75,231.81,-39.59,4.32,2.02,426.6,36501
2026-02-28 17:01:00,-1.48,-2.35,-3.13,237.81,-48.43,4.18,2.09,418.8,36593
2026-02-28 17:02:00,-1.41,-2.47,-2.99,240.27,-46.42,4.12,1.85,420.5,32953
2026-02-28 17:03:00,-1.65,-2.47,-2.96,236.37,-44.91,4.20,2.15,426.2,38481
2026-02-28 17:04:00,-1.06,-2.68,-2.95,248.46,-45.65,4.12,2.19,423.3,41076
2026-02-28 17:05:00,0.10,-2.44,-3.02,272.31,-51.01,3.88,1.64,410.7,33095
2026-02-28 17:06:00,1.05,-2.20,-2.73,295.48,-48.21,3.66,1.56,396.8,31241
2026-02-28 17:07:00,0.85,-2.20,-2.83,291.07,-50.26,3.68,1.63,390.6,34305
2026-02-28 17:08:00,1.19,-2.27,-2.60,297.59,-45.41,3.65,1.61,393.5,37074
2026-02-28 17:09:00,0.53,-2.42,-2.90,282.37,-49.47,3.82,1.92,393.1,35865
2026-02-28 17:10:00,-1.05,-2.49,-3.06,247.17,-48.59,4.08,1.61,397.1,27772
2026-02-28 17:11:00,-0.70,-2.56,-3.11,254.67,-49.56,4.09,1.70,413.7,35591
2026-02-28 17:12:00,-0.34,-2.20,-3.42,261.34,-56.89,4.08,2.14,407.9,35822
2026-02-28 17:13:00,-0.34,-2.27,-3.35,261.43,-55.64,4.06,2.01,404.0,36121
2026-02-28 17:14:00,-0.58,-2.29,-3.30,255.75,-54.43,4.06,1.95,405.9,35680
2026-02-28 17:15:00,0.03,-1.45,-3.61,271.25,-68.11,3.89,1.82,405.0,32312
2026-02-28 17:16:00,-0.03,-1.48,-3.50,268.72,-67.14,3.80,2.44,401.8,39603
2026-02-28 17:17:00,-0.29,-2.10,-3.33,262.19,-57.57,3.95,2.41,401.2,38208
2026-02-28 17:18:00,-1.35,-2.47,-3.12,241.34,-47.90,4.20,2.03,412.1,35131
2026-02-28 17:19:00,-1.23,-2.45,-3.14,243.38,-48.93,4.17,1.89,417.2,34783
2026-02-28 17:20:00,-0.88,-2.64,-3.00,251.64,-47.16,4.10,1.86,413.7,34046
2026-02-28 17:21:00,-0.77,-2.57,-2.97,253.35,-47.87,4.00,1.91,413.0,36473
2026-02-28 17:22:00,-0.87,-2.31,-3.13,249.44,-51.75,3.99,2.05,411.8,39227
2026-02-28 17:23:00,-0.62,-2.70,-2.24,257.05,-38.93,3.56,1.54,408.0,34276
2026-02-28 17:24:00,-0.23,-2.77,-2.60,265.29,-43.06,3.80,0.67,409.8,36269
2026-02-28 17:25:00,0.15,-1.65,-3.43,275.19,-64.25,3.81,1.86,403.6,33098
2026-02-28 17:26:00,0.38,-1.48,-3.44,284.50,-65.98,3.77,1.99,397.3,34270
2026-02-28 17:29:00,-1.71,-3.12,-2.44,241.29,-34.49,4.31,1.17,423.9,32794
2026-02-28 17:30:00,-1.69,-2.77,-2.84,238.62,-41.22,4.31,1.63,420.2,33552
2026-02-28 17:31:00,-1.43,-2.30,-3.25,238.21,-50.13,4.23,1.78,421.5,36380
2026-02-28 17:32:00,-1.47,-1.76,-3.55,230.12,-57.12,4.22,2.24,418.1,37071
2026-02-28 17:33:00,-1.85,-2.39,-2.84,232.22,-43.18,4.15,2.15,417.7,37038
2026-02-28 17:34:00,-2.08,-2.21,-2.95,226.72,-44.15,4.24,2.01,421.2,36122
2026-02-28 17:35:00,-2.17,-1.95,-2.85,221.91,-44.33,4.08,2.02,421.9,44226
2026-02-28 17:36:00,-1.93,-1.31,-3.25,214.28,-54.36,4.00,2.19,421.9,51126
2026-02-28 17:37:00,-1.88,-1.57,-3.25,219.95,-52.96,4.07,2.25,422.2,44672
2026-02-28 17:38:00,-1.66,-2.09,-3.29,231.62,-50.89,4.24,2.08,420.6,35090
2026-02-28 17:39:00,-1.84,-1.90,-3.26,225.86,-50.96,4.20,2.10,421.9,31789
2026-02-28 17:40:00,-1.90,-2.00,-3.10,226.37,-48.34,4.15,1.96,423.3,33810
2026-02-28 17:41:00,-2.22,-2.71,-2.58,230.74,-36.36,4.35,2.08,425.1,36107
2026-02-28 17:42:00,-2.13,-2.70,-2.62,231.69,-37.25,4.32,1.74,427.2,30052
2026-02-28 17:43:00,-2.33,-2.74,-2.47,229.69,-34.49,4.36,1.75,425.7,33702
2026-02-28 17:44:00,-2.08,-2.80,-2.53,233.41,-35.93,4.31,1.59,430.9,28614
2026-02-28 17:45:00,-2.64,-2.83,-2.10,227.00,-28.50,4.41,1.40,427.6,33783
2026-02-28 17:46:00,-2.51,-3.13,-1.77,231.25,-23.81,4.38,1.06,426.2,28033
2026-02-28 17:47:00,-2.31,-3.15,-1.83,233.77,-25.16,4.32,1.06,428.2,33317
2026-02-28 17:48:00,-3.32,-2.54,-1.55,217.37,-20.37,4.46,1.12,427.4,43492
2026-02-28 17:49:00,-1.91,-2.54,-2.59,233.08,-39.21,4.10,1.39,422.3,37867
2026-02-28 17:50:00,-2.12,-2.58,-2.41,230.60,-35.77,4.12,1.47,418.5,30054
2026-02-28 17:51:00,0.41,-2.09,-2.67,281.22,-51.43,3.42,1.41,410.7,25808
2026-02-28 17:52:00,1.18,-1.93,-2.51,301.34,-47.90,3.38,1.39,398.8,37464
2026-02-28 17:53:00,2.00,-0.45,-2.13,347.43,-46.14,2.95,1.54,390.7,50642
2026-02-28 17:54:00,2.46,0.39,-2.10,9.06,-40.18,3.26,1.78,387.3,46367
2026-02-28 17:55:00,2.59,0.39,-2.10,8.56,-38.78,3.36,1.80,383.0,44636
2026-02-28 17:56:00,2.66,0.20,-2.04,4.34,-37.32,3.36,1.82,378.2,31571
2026-02-28 17:57:00,2.84,0.66,-1.70,13.01,-30.27,3.38,1.63,375.4,34250
2026-02-28 17:58:00,2.96,1.10,-0.96,20.33,-16.95,3.30,1.69,376.4,33258
2026-02-28 17:59:00,3.00,1.37,-0.27,24.63,-4.66,3.31,1.39,379.2,39046
2026-02-28 18:02:00,-0.79,-1.91,-3.48,247.44,-59.25,4.05,2.16,410.2,36976
2026-02-28 18:03:00,-0.64,-1.77,-3.57,250.28,-62.19,4.04,2.25,412.2,36786
2026-02-28 18:04:00,-0.58,-2.09,-3.36,254.42,-57.14,4.00,2.32,409.6,36671
2026-02-28 18:05:00,-0.86,-1.02,-3.84,229.88,-70.81,4.06,2.53,411.6,38896
2026-02-28 18:06:00,-0.39,-1.66,-3.49,256.86,-63.95,3.88,2.46,411.7,36505
2026-02-28 18:07:00,-0.44,-2.23,-3.25,258.90,-55.05,3.97,2.18,408.3,35648
2026-02-28 18:08:00,-0.98,-2.63,-3.04,249.67,-47.31,4.14,2.01,410.6,38071
2026-02-28 18:09:00,-1.20,-2.37,-3.20,243.23,-50.25,4.16,1.98,416.3,37182
2026-02-28 18:10:00,-0.41,-1.60,-3.64,255.57,-65.59,4.00,2.04,414.1,33654
2026-02-28 18:11:00,-0.47,-1.46,-3.75,251.97,-67.80,4.05,2.18,407.9,33131
2026-02-28 18:12:00,-0.01,-1.25,-3.74,269.42,-71.47,3.94,2.17,407.2,34144
2026-02-28 18:13:00,0.31,-1.84,-3.45,279.53,-61.59,3.92,2.10,401.9,31541
2026-02-28 18:14:00,0.35,-1.19,-3.67,286.34,-71.33,3.87,2.11,399.9,31360
2026-02-28 18:15:00,0.11,-0.80,-3.79,278.12,-77.93,3.87,2.15,398.6,30108
2026-02-28 18:16:00,-0.52,-2.30,-3.30,257.35,-54.47,4.06,1.87,409.0,32144
2026-02-28 18:17:00,0.03,-1.65,-3.57,270.95,-65.20,3.93,1.77,404.5,32669
2026-02-28 18:18:00,1.03,-0.87,-3.43,319.84,-68.61,3.68,2.02,398.1,27475
2026-02-28 18:19:00,-0.18,-1.92,-3.37,264.74,-60.18,3.88,2.07,397.0,26550
2026-02-28 18:20:00,-0.79,-2.19,-3.34,250.09,-55.13,4.08,1.97,410.3,38938
2026-02-28 18:21:00,-1.03,-2.04,-3.35,243.11,-55.69,4.06,2.09,410.7,35736
2026-02-28 18:22:00,-1.54,-2.29,-3.25,236.11,-49.64,4.26,2.17,415.9,35557
2026-02-28 18:23:00,-1.41,-2.20,-3.26,237.32,-51.33,4.18,2.05,417.4,33096
2026-02-28 18:24:00,-1.12,-2.26,-3.21,243.66,-51.90,4.08,1.88,414.3,32936
2026-02-28 18:25:00,-1.07,-0.88,-3.81,219.39,-70.06,4.05,1.90,413.1,33473
2026-02-28 18:26:00,-1.17,-1.55,-3.60,233.06,-61.71,4.09,1.99,414.1,29717
2026-02-28 18:27:00,-1.15,-2.62,-2.98,246.37,-46.13,4.13,1.85,414.7,36419
2026-02-28 18:28:00,-0.57,-1.92,-3.46,253.40,-60.00,4.00,1.58,411.9,43204
2026-02-28 18:29:00,-0.41,-1.36,-3.70,253.24,-69.05,3.97,1.92,404.6,31200
2026-02-28 18:30:00,-0.29,-0.82,-3.85,250.53,-77.25,3.95,2.30,406.4,34538
2026-02-28 18:31:00,0.65,-0.58,-3.67,318.44,-76.65,3.77,1.76,402.5,24024
2026-02-28 18:32:00,1.10,-0.39,-3.46,340.73,-71.35,3.65,2.01,392.7,28632
2026-02-28 18:35:00,0.63,0.76,-3.55,50.28,-74.48,3.68,2.20,395.8,37109
2026-02-28 18:36:00,0.84,0.59,-3.46,34.91,-73.46,3.61,2.15,394.0,33987
2026-02-28 18:37:00,-2.12,-3.75,-0.18,240.54,-2.33,4.31,0.93,412.6,50505
2026-02-28 18:38:00,-1.24,-3.94,-0.65,252.51,-8.94,4.18,0.43,419.9,54854
2026-02-28 18:39:00,-1.85,-3.79,-1.35,243.96,-17.69,4.43,0.65,418.2,41967
2026-02-28 18:40:00,-1.79,-3.57,-1.64,243.40,-22.31,4.32,0.77,419.3,35091
2026-02-28 18:41:00,-1.21,-2.72,-2.36,246.12,-38.35,3.80,1.20,415.2,40718
2026-02-28 18:42:00,-1.61,-2.84,-2.30,240.51,-35.23,3.99,1.80,410.5,42993
2026-02-28 18:43:00,-1.72,-3.69,-0.21,244.97,-2.99,4.08,1.30,416.2,40878
2026-02-28 18:44:00,-1.68,-3.71,-0.48,245.67,-6.78,4.10,0.32,413.6,56791
2026-02-28 18:46:00,-1.11,-3.48,-2.30,252.30,-32.15,4.31,11.91,454.4,128009
2026-02-28 18:47:00,-1.25,-3.60,-1.97,250.89,-27.32,4.29,0.42,396.8,16788
2026-02-28 18:48:00,-1.51,-3.72,-1.74,248.00,-23.45,4.38,1.59,415.9,47093
2026-02-28 18:49:00,-1.07,-3.38,-2.41,252.39,-34.19,4.29,0.96,413.3,34244
2026-02-28 18:50:00,-0.67,-2.96,-2.81,257.21,-42.74,4.14,0.85,395.8,25119
2026-02-28 18:51:00,-0.76,-3.02,-2.77,255.80,-41.69,4.17,1.72,411.2,52500
2026-02-28 18:52:00,-0.94,-3.18,-2.51,253.57,-37.14,4.16,1.73,414.5,48817
2026-02-28 18:53:00,-0.29,-2.99,-2.92,264.40,-44.19,4.20,1.81,410.9,53665
2026-02-28 18:54:00,-0.36,-3.17,-2.75,263.56,-40.77,4.21,1.15,396.3,35162
2026-02-28 18:55:00,-0.19,-3.15,-2.77,266.64,-41.22,4.20,1.36,399.4,37673
2026-02-28 18:56:00,-0.60,-2.86,-3.15,258.12,-47.15,4.30,2.01,410.5,52670
2026-02-28 18:57:00,-0.91,-2.68,-3.29,251.18,-49.29,4.35,1.69,406.0,40090
2026-02-28 18:58:00,-1.14,-2.94,-3.06,248.80,-44.14,4.39,1.47,404.2,30701
2026-02-28 18:59:00,-1.03,-3.06,-3.01,251.34,-42.97,4.42,2.02,413.7,43160
2026-02-28 19:00:00,-1.07,-2.92,-3.10,249.86,-44.88,4.40,2.08,414.9,46510
2026-02-28 19:01:00,-0.79,-2.68,-3.30,253.62,-49.78,4.33,1.21,406.5,29502
2026-02-28 19:02:00,-0.22,-2.47,-3.46,264.94,-54.36,4.26,0.73,390.1,19425
2026-02-28 19:03:00,-0.51,-2.57,-3.47,258.75,-52.93,4.35,2.65,414.6,71859
2026-02-28 19:04:00,0.10,-2.31,-3.46,272.58,-56.22,4.17,1.88,407.8,43837
2026-02-28 19:05:00,0.91,-1.76,-3.58,297.42,-61.02,4.09,1.92,390.4,29309
2026-02-28 19:06:00,0.85,-1.91,-3.56,293.95,-59.58,4.13,1.54,384.8,20160
2026-02-28 19:07:00,0.75,-1.73,-3.66,293.49,-62.71,4.12,1.47,384.1,18771
2026-02-28 19:09:00,0.87,-1.21,-3.88,305.63,-69.01,4.15,2.17,397.9,60415
2026-02-28 19:10:00,0.95,-1.71,-3.61,298.89,-61.53,4.11,2.48,398.4,53415
2026-02-28 19:11:00,1.19,-1.74,-3.39,304.29,-58.09,3.99,2.46,396.2,45835
2026-02-28 19:12:00,0.92,-0.98,-3.79,313.10,-70.47,4.02,2.25,394.3,38699
2026-02-28 19:13:00,1.00,-0.96,-3.77,316.23,-69.76,4.02,1.93,390.2,28530
2026-02-28 19:14:00,1.07,-0.45,-3.89,337.26,-73.35,4.06,1.85,387.5,30555
2026-02-28 19:15:00,1.28,0.48,-3.83,20.69,-70.35,4.06,2.79,396.6,47783
2026-02-28 19:16:00,1.09,1.01,-3.73,42.81,-68.21,4.02,2.64,391.7,37916
2026-02-28 19:17:00,1.00,1.68,-3.46,59.27,-60.50,3.97,2.17,387.7,26534
2026-02-28 19:18:00,1.12,1.41,-3.53,51.62,-62.98,3.97,2.24,391.0,29349
2026-02-28 19:19:00,0.96,1.43,-3.56,56.17,-64.18,3.96,2.69,393.4,38686
2026-02-28 19:20:00,0.88,1.39,-3.60,57.58,-65.41,3.96,2.09,395.1,41050
2026-02-28 19:21:00,0.89,1.49,-3.49,59.13,-63.58,3.90,2.19,391.6,32204
2026-02-28 19:22:00,0.91,1.70,-3.34,61.96,-60.04,3.85,2.83,400.6,64867
2026-02-28 19:23:00,0.47,1.18,-3.48,68.10,-69.99,3.70,2.61,395.5,47027
2026-02-28 19:24:00,0.33,1.41,-3.56,76.71,-67.83,3.84,2.30,396.6,37969
2026-02-28 19:25:00,-0.06,1.46,-3.67,92.34,-68.23,3.95,1.73,398.2,31226
2026-02-28 19:26:00,0.53,0.99,-3.69,61.89,-73.10,3.86,2.27,401.7,45865
2026-02-28 19:27:00,0.38,1.09,-3.72,70.96,-72.78,3.90,2.37,399.9,47845
2026-02-28 19:28:00,0.44,1.12,-3.70,68.41,-72.00,3.89,2.19,397.0,42273
2026-02-28 19:29:00,0.31,1.47,-3.63,77.94,-67.48,3.93,2.63,401.4,56519
2026-02-28 19:30:00,0.66,1.13,-3.68,59.94,-70.44,3.91,2.81,404.9,66636
2026-02-28 19:31:00,-0.29,0.97,-3.96,106.36,-75.60,4.08,2.64,399.8,51513
2026-02-28 19:32:00,-0.21,1.35,-3.80,98.76,-70.17,4.04,2.09,396.4,34092
2026-02-28 19:33:00,-0.12,1.67,-3.66,94.04,-65.35,4.03,2.36,401.0,41406
2026-02-28 19:34:00,-0.07,1.97,-3.51,92.06,-60.73,4.02,2.59,401.3,46451
2026-02-28 19:35:00,0.15,2.39,-3.18,86.39,-53.04,3.99,2.10,397.8,35554
2026-02-28 19:36:00,0.15,2.38,-3.12,86.31,-52.57,3.92,0.96,380.7,18658
2026-02-28 19:37:00,-0.03,2.24,-3.30,90.66,-55.82,3.99,2.40,399.0,39023
2026-02-28 19:38:00,-0.01,2.61,-3.01,90.16,-49.16,3.98,2.77,401.9,47072
2026-02-28 19:39:00,0.18,2.74,-2.68,86.18,-44.30,3.84,2.21,398.8,36471
2026-02-28 19:40:00,0.38,2.07,-3.13,79.48,-56.06,3.78,2.04,397.8,33237
2026-02-28 19:42:00,0.54,0.76,-3.73,54.58,-75.91,3.84,2.67,408.3,69659
2026-02-28 19:43:00,0.57,0.68,-3.71,50.16,-76.53,3.81,2.58,406.5,66671
2026-02-28 19:44:00,0.49,0.46,-3.73,42.99,-79.77,3.79,2.40,398.3,50809
2026-02-28 19:45:00,0.48,0.54,-3.76,48.30,-79.11,3.82,2.31,391.3,34701
2026-02-28 19:46:00,0.38,0.48,-3.78,51.42,-80.86,3.83,2.33,393.9,35050
2026-02-28 19:47:00,0.66,0.48,-3.67,35.89,-77.47,3.76,2.06,392.2,31603
2026-02-28 19:48:00,0.70,0.37,-3.68,27.60,-77.84,3.76,1.56,382.5,20428
2026-02-28 19:49:00,0.49,0.44,-3.68,42.03,-79.83,3.74,2.33,390.0,33606
2026-02-28 19:50:00,0.29,1.08,-3.22,75.15,-70.88,3.41,2.22,394.4,36191
2026-02-28 19:51:00,0.67,0.45,-1.95,34.26,-67.54,2.11,1.13,409.8,27327
2026-02-28 19:52:00,1.04,-3.19,-0.12,288.12,-2.11,3.35,1.20,417.2,63392
2026-02-28 19:53:00,1.43,-1.65,-1.71,310.93,-37.98,2.78,0.52,397.6,61517
2026-02-28 19:54:00,1.54,0.22,-2.76,8.02,-60.58,3.17,1.50,387.2,36464
2026-02-28 19:55:00,2.08,0.10,-2.20,2.84,-46.48,3.03,0.97,373.8,17127
2026-02-28 19:56:00,2.26,0.45,-2.16,11.17,-43.19,3.15,1.82,382.7,41039
2026-02-28 19:57:00,2.19,0.67,-2.28,16.98,-44.95,3.23,2.14,384.5,46099
2026-02-28 19:58:00,2.34,0.39,-2.24,9.54,-43.35,3.26,2.00,379.5,35451
2026-02-28 19:59:00,2.26,0.99,-1.99,23.51,-38.87,3.17,2.06,379.0,32865
2026-02-28 20:00:00,2.22,1.25,-2.01,29.36,-38.24,3.25,2.16,379.8,33366
2026-02-28 20:01:00,2.35,1.21,-1.84,27.30,-34.83,3.23,2.07,379.5,34328
2026-02-28 20:02:00,2.14,1.94,-1.46,42.22,-26.86,3.24,1.60,377.8,32895
2026-02-28 20:03:00,2.28,2.15,-1.06,43.26,-18.65,3.31,1.04,372.4,19037
2026-02-28 20:04:00,2.59,1.51,-1.37,30.27,-24.48,3.30,1.67,376.4,24584
2026-02-28 20:05:00,2.81,0.40,-1.71,8.07,-31.06,3.31,2.03,379.4,33592
2026-02-28 20:06:00,2.78,0.46,-1.84,9.42,-33.19,3.36,1.95,376.9,32583
2026-02-28 20:07:00,2.69,-0.03,-2.12,359.45,-38.21,3.43,1.69,374.7,22422
2026-02-28 20:08:00,2.57,-0.46,-2.13,349.82,-39.20,3.37,2.04,379.3,38680
2026-02-28 20:09:00,1.50,-1.24,-1.83,320.32,-43.23,2.67,1.55,377.3,40626
2026-02-28 20:10:00,-2.36,-2.09,-2.22,221.54,-35.13,3.85,0.45,393.4,30412
2026-02-28 20:11:00,1.25,-2.30,-2.18,298.51,-39.82,3.40,1.29,394.2,29897
2026-02-28 20:12:00,1.46,-1.88,-2.57,307.70,-47.16,3.50,1.28,386.0,33158
2026-02-28 20:13:00,1.41,-1.90,-2.59,306.56,-47.53,3.51,1.17,383.0,34304
2026-02-28 20:14:00,1.44,-1.42,-2.75,315.45,-53.59,3.42,0.61,366.7,
2026-02-28 20:15:00,1.40,-1.43,-2.84,314.45,-54.85,3.47,1.52,380.3,59978
2026-02-28 20:16:00,1.41,-2.73,-1.13,297.24,-20.19,3.28,1.53,396.6,50381
2026-02-28 20:17:00,1.85,-1.85,-1.68,314.92,-32.63,3.11,0.72,392.2,40569
2026-02-28 20:18:00,2.33,-1.40,-2.00,328.99,-36.29,3.37,1.21,378.9,44332
2026-02-28 20:19:00,2.14,0.53,-2.37,13.92,-47.12,3.23,1.69,380.2,43293
2026-02-28 20:20:00,2.38,1.50,-2.07,32.21,-36.36,3.49,2.26,378.3,33392
2026-02-28 20:21:00,2.30,1.55,-2.14,34.01,-37.56,3.50,1.89,377.0,21895
2026-02-28 20:22:00,2.28,1.41,-2.21,31.86,-39.47,3.47,1.19,368.9,17450
2026-02-28 20:23:00,2.19,1.22,-2.49,29.11,-44.75,3.53,3.25,388.2,48844
2026-02-28 20:24:00,2.41,1.19,-2.18,26.19,-39.07,3.46,2.18,378.3,24512
2026-02-28 20:25:00,2.38,0.91,-2.44,20.98,-43.73,3.53,2.34,378.2,23180
2026-02-28 20:26:00,2.45,0.31,-2.54,7.31,-45.85,3.54,2.11,375.9,24421
2026-02-28 20:27:00,2.34,1.02,-2.39,23.53,-43.12,3.50,2.31,378.2,25727
2026-02-28 20:28:00,2.67,0.88,-1.95,18.24,-34.69,3.42,1.88,378.6,36895
2026-02-28 20:29:00,2.73,0.69,-2.00,14.24,-35.45,3.45,1.90,375.7,29601
2026-02-28 20:30:00,2.35,1.21,-2.20,27.13,-39.82,3.44,2.24,377.7,31063
2026-02-28 20:31:00,2.17,1.49,-2.30,34.58,-41.15,3.50,2.30,379.6,31688
2026-02-28 20:32:00,1.77,1.47,-2.70,39.81,-49.58,3.55,2.21,380.4,27808
2026-02-28 20:33:00,1.44,1.35,-3.03,43.10,-56.90,3.62,2.01,381.8,26328
2026-02-28 20:34:00,1.43,1.38,-3.07,43.89,-57.05,3.66,1.82,382.5,23609
2026-02-28 20:35:00,1.54,1.42,-2.99,42.68,-54.94,3.65,2.23,385.7,29667
2026-02-28 20:36:00,1.42,1.59,-2.93,48.12,-53.96,3.62,2.29,387.5,36807
2026-02-28 20:37:00,1.07,1.52,-3.16,54.88,-59.47,3.66,1.15,375.4,17038
2026-02-28 20:38:00,1.75,1.45,-2.74,39.73,-50.38,3.56,1.86,381.6,22449
2026-02-28 20:39:00,1.84,1.66,-2.50,42.04,-45.31,3.52,3.44,398.7,67305
2026-02-28 20:40:00,1.84,1.62,-2.48,41.40,-45.30,3.49,2.53,385.5,31991
2026-02-28 20:41:00,2.03,1.73,-2.35,40.39,-41.39,3.55,2.43,381.9,31002
2026-02-28 20:42:00,1.70,1.61,-2.59,43.39,-47.92,3.49,2.55,383.6,32225
2026-02-28 20:43:00,1.66,1.59,-2.57,43.79,-48.20,3.45,2.44,388.1,34839
2026-02-28 20:44:00,2.07,2.01,-1.93,44.26,-33.71,3.47,1.99,380.9,24023
2026-02-28 20:45:00,2.31,1.82,-1.93,38.20,-33.30,3.52,2.21,380.4,28629
2026-02-28 20:46:00,2.02,1.99,-2.13,44.57,-36.93,3.54,2.42,381.9,33552
2026-02-28 20:47:00,2.02,1.94,-2.18,43.90,-37.85,3.55,1.53,374.3,15871
2026-02-28 20:48:00,1.88,1.95,-2.24,46.03,-39.57,3.52,2.01,380.9,28337
2026-02-28 20:49:00,1.03,1.79,-2.85,60.08,-54.00,3.52,2.48,391.3,43810
2026-02-28 20:50:00,0.81,2.18,-2.52,69.65,-47.30,3.43,2.25,392.9,41611
2026-02-28 20:51:00,1.27,2.22,-2.27,60.30,-41.60,3.42,2.16,387.2,35502
2026-02-28 20:52:00,1.25,1.70,-2.97,53.70,-54.62,3.64,2.09,386.0,33360
2026-02-28 20:53:00,1.11,1.05,-3.33,43.47,-65.30,3.67,2.44,388.4,31293
2026-02-28 20:54:00,1.21,1.13,-3.27,42.94,-63.14,3.66,2.67,390.2,32087
2026-02-28 20:55:00,1.22,1.36,-3.17,48.16,-59.99,3.66,1.99,388.1,29447
2026-02-28 20:56:00,0.95,1.55,-3.23,58.62,-60.62,3.71,1.04,375.8,14802
2026-02-28 20:57:00,1.56,1.25,-2.81,38.61,-54.54,3.45,2.17,389.2,36214
2026-02-28 20:58:00,1.46,1.48,-2.97,45.40,-54.95,3.63,2.80,389.7,39817
2026-02-28 20:59:00,1.38,1.32,-2.97,43.83,-57.28,3.54,2.12,385.1,28520
2026-02-28 21:00:00,1.01,1.19,-3.30,49.65,-64.79,3.65,1.97,383.2,23423
2026-02-28 21:01:00,1.33,0.86,-3.17,32.92,-63.51,3.54,2.00,383.0,22674
2026-02-28 21:02:00,1.36,-2.20,-2.57,301.73,-44.77,3.64,2.30,393.2,36580
2026-02-28 21:03:00,1.57,-1.14,-2.68,324.11,-54.02,3.31,1.73,381.0,25745
2026-02-28 21:04:00,1.72,-1.62,-2.60,316.73,-47.75,3.51,1.79,379.1,32341
2026-02-28 21:05:00,1.05,-2.26,-2.19,294.99,-41.34,3.32,2.32,386.3,46056
2026-02-28 21:06:00,0.80,-2.62,-2.18,287.03,-38.59,3.50,1.78,382.3,35277
2026-02-28 21:07:00,1.56,-1.65,-2.34,313.43,-45.80,3.26,1.47,386.7,38810
2026-02-28 21:08:00,1.85,-1.93,-2.01,313.71,-36.85,3.34,1.87,381.3,46844
2026-02-28 21:09:00,2.07,-1.64,-2.04,321.68,-37.71,3.34,1.44,381.5,38672
2026-02-28 21:10:00,2.16,-1.37,-2.14,327.64,-39.96,3.33,1.33,381.3,49846
2026-02-28 21:11:00,1.79,-1.57,-2.33,318.79,-44.40,3.34,0.80,367.7,17162
2026-02-28 21:12:00,1.75,0.16,-3.04,5.21,-59.99,3.51,1.56,388.5,48460
2026-02-28 21:13:00,1.87,-0.11,-2.94,356.78,-57.45,3.49,2.17,378.4,26054
2026-02-28 21:14:00,2.09,0.42,-2.74,11.34,-52.05,3.47,2.10,375.6,24270
2026-02-28 21:15:00,1.72,0.22,-2.97,7.39,-59.73,3.44,2.24,375.7,20298
2026-02-28 21:16:00,1.04,-0.06,-3.44,356.88,-73.25,3.60,2.19,381.6,26417
2026-02-28 21:17:00,0.51,0.27,-3.70,28.01,-81.22,3.75,2.13,386.3,32495
2026-02-28 21:18:00,1.77,0.01,-2.94,0.30,-58.85,3.43,1.87,379.6,25231
2026-02-28 21:19:00,2.51,-0.71,-2.26,344.25,-41.01,3.45,1.68,373.9,18805
2026-02-28 21:20:00,2.64,-1.10,-2.01,337.30,-35.08,3.50,2.18,375.9,24010
2026-02-28 21:21:00,2.61,-0.12,-2.31,357.42,-41.50,3.49,2.13,375.4,29788
2026-02-28 21:22:00,2.65,0.46,-2.17,9.92,-38.89,3.46,2.02,373.1,33914
2026-02-28 21:23:00,2.28,0.54,-2.72,13.32,-49.25,3.59,2.05,371.9,24529
2026-02-28 21:24:00,2.35,0.17,-2.56,4.20,-47.47,3.48,2.36,377.9,29667
2026-02-28 21:25:00,2.48,-0.64,-2.31,345.47,-41.96,3.45,2.38,375.8,28542
2026-02-28 21:26:00,2.34,0.76,-2.33,18.05,-43.40,3.39,1.68,371.9,26463
2026-02-28 21:27:00,1.99,1.63,-2.31,39.33,-41.88,3.46,2.47,382.0,38470
2026-02-28 21:28:00,1.85,2.05,-2.14,47.85,-37.69,3.49,2.22,380.1,28673
2026-02-28 21:29:00,1.92,2.08,-2.02,47.38,-35.57,3.48,2.13,379.6,27049
2026-02-28 21:30:00,1.87,2.29,-1.93,50.73,-33.10,3.53,1.56,374.5,23070
2026-02-28 21:31:00,2.10,2.45,-1.46,49.37,-24.38,3.54,2.49,383.1,36382
2026-02-28 21:32:00,1.92,2.25,-1.74,49.62,-30.49,3.43,2.22,380.8,30545
2026-02-28 21:33:00,1.79,1.63,-2.60,42.20,-47.05,3.55,2.30,380.0,26626
2026-02-28 21:34:00,1.39,1.23,-3.03,41.51,-58.54,3.55,2.20,381.1,25047
2026-02-28 21:35:00,1.43,1.24,-2.95,40.88,-57.29,3.51,2.20,383.4,28395
2026-02-28 21:36:00,1.54,1.64,-2.71,46.91,-50.35,3.52,2.18,384.1,35242
2026-02-28 21:37:00,1.57,1.86,-2.60,49.76,-46.84,3.56,1.53,377.9,29194
2026-02-28 21:38:00,1.61,1.89,-2.53,49.62,-45.56,3.54,1.42,376.3,23535
2026-02-28 21:39:00,1.37,2.12,-2.57,57.06,-45.55,3.60,2.57,388.9,41433
2026-02-28 21:40:00,1.45,2.01,-2.63,54.12,-46.69,3.62,2.52,386.9,35636
2026-02-28 21:41:00,1.70,1.89,-2.46,48.04,-44.10,3.53,2.90,388.6,39727
2026-02-28 21:42:00,1.84,2.39,-1.90,52.41,-32.17,3.57,2.56,385.3,34222
2026-02-28 21:43:00,1.57,2.66,-1.95,59.52,-32.30,3.66,2.28,383.2,28605
2026-02-28 21:44:00,1.86,2.85,-1.13,56.87,-18.35,3.58,2.33,384.5,29240
2026-02-28 21:45:00,1.99,2.67,-1.39,53.25,-22.60,3.61,2.43,380.7,30423
2026-02-28 21:46:00,1.80,2.77,-1.46,56.97,-23.86,3.61,2.53,382.6,31017
2026-02-28 21:47:00,1.69,2.94,-1.39,60.09,-22.32,3.67,2.36,386.6,31446
2026-02-28 21:48:00,1.87,2.86,-1.22,56.83,-19.63,3.63,2.39,385.1,30718
2026-02-28 21:49:00,1.42,2.97,-1.46,64.38,-23.89,3.60,2.19,386.4,29691
2026-02-28 21:50:00,1.41,3.07,-1.19,65.23,-19.41,3.58,2.58,389.3,39395
2026-02-28 21:51:00,1.37,3.40,0.62,68.09,9.65,3.72,2.64,391.0,38723
2026-02-28 21:52:00,1.11,3.38,1.29,71.78,19.89,3.79,2.34,391.5,31358
2026-02-28 21:53:00,1.23,3.42,0.56,70.17,8.84,3.68,2.54,399.6,64148
2026-02-28 21:54:00,0.99,3.62,-0.17,74.66,-2.53,3.76,2.26,396.0,51094
2026-02-28 21:55:00,0.89,3.68,-0.48,76.37,-7.19,3.82,1.82,390.2,28258
2026-02-28 21:56:00,1.10,3.39,0.26,72.01,4.13,3.58,1.99,390.8,38530
2026-02-28 21:57:00,1.91,3.03,-0.51,57.80,-8.17,3.61,1.06,373.5,19735
2026-02-28 21:58:00,1.86,2.99,-0.90,58.13,-14.42,3.63,3.22,397.0,68649
2026-02-28 22:00:00,2.03,2.63,-1.30,52.32,-21.34,3.57,2.42,381.5,28148
2026-03-01 03:02:00,1.59,-3.45,-0.17,294.77,-2.61,3.80,1.19,,
2026-03-01 03:03:00,1.39,-3.54,-1.28,291.39,-18.58,4.01,1.19,386.6,48870
2026-03-01 03:04:00,1.01,-3.23,-1.88,287.40,-28.98,3.87,1.50,381.3,42412
2026-03-01 03:05:00,0.99,-3.03,-1.90,288.15,-30.78,3.71,1.78,383.4,37624
2026-03-01 03:06:00,0.92,-2.96,-1.34,287.32,-23.30,3.38,1.82,384.7,43224
2026-03-01 03:07:00,0.60,-2.82,-1.84,282.09,-32.52,3.42,2.35,386.6,57562
2026-03-01 03:08:00,0.87,-3.63,-1.22,283.51,-18.09,3.92,1.93,385.2,40550
2026-03-01 03:09:00,0.79,-3.48,-1.69,282.76,-25.35,3.95,1.33,387.2,41865
2026-03-01 03:10:00,0.59,-3.14,-2.31,280.64,-35.91,3.94,1.80,388.8,41237
2026-03-01 03:11:00,0.62,-3.25,-2.23,280.84,-33.91,3.99,2.16,386.5,37688
2026-03-01 03:12:00,0.20,-3.34,-2.41,273.34,-35.70,4.12,2.06,388.4,36064
2026-03-01 03:13:00,-0.28,-3.32,-2.43,265.19,-36.09,4.12,2.13,394.7,38379
2026-03-01 03:14:00,-0.53,-3.05,-2.73,260.19,-41.45,4.12,2.43,396.2,45281
2026-03-01 03:15:00,-0.11,-2.32,-3.25,267.23,-54.39,3.99,2.95,394.4,42140
2026-03-01 03:16:00,0.20,-1.76,-1.97,276.57,-48.13,2.65,2.66,394.2,37882
2026-03-01 03:17:00,2.08,-2.25,2.10,312.75,34.44,3.72,1.34,403.3,34230
2026-03-01 03:18:00,2.38,-2.36,1.80,315.33,28.22,3.80,0.56,405.8,59173
2026-03-01 03:19:00,2.47,-2.75,0.91,311.95,13.81,3.80,0.61,400.2,89772
2026-03-01 03:20:00,2.70,-2.49,0.30,317.31,4.66,3.69,0.77,390.8,93043
2026-03-01 03:21:00,2.33,-2.89,0.37,308.84,5.69,3.73,0.96,385.4,96285
2026-03-01 03:22:00,2.23,-3.05,0.75,306.14,11.18,3.85,0.65,396.1,88576
2026-03-01 03:23:00,2.51,-2.82,0.53,311.61,8.03,3.82,0.60,398.1,87164
2026-03-01 03:24:00,2.49,-2.76,0.01,312.02,0.08,3.72,0.95,384.9,98000
2026-03-01 03:25:00,2.16,-2.55,0.52,310.29,8.81,3.38,1.31,380.3,89956
2026-03-01 03:26:00,2.66,-2.36,0.90,318.47,14.17,3.67,1.21,383.7,93544
2026-03-01 03:27:00,2.55,-2.59,-0.05,314.49,-0.81,3.64,0.97,385.9,108366
2026-03-01 03:28:00,2.81,-2.09,-1.50,323.41,-23.21,3.81,1.42,378.5,91812
2026-03-01 03:29:00,2.78,-1.87,-1.81,326.11,-28.41,3.81,1.95,372.8,59417
2026-03-01 03:30:00,2.87,-1.52,-1.87,332.11,-29.86,3.75,1.98,373.4,55707
2026-03-01 03:31:00,3.00,-0.99,-1.99,341.77,-32.26,3.73,2.24,370.9,52206
2026-03-01 03:32:00,3.04,-0.85,-1.95,344.33,-31.75,3.71,2.22,370.2,47245
2026-03-01 03:33:00,3.12,-0.35,-1.96,353.56,-31.97,3.70,2.39,370.7,42894
2026-03-01 03:34:00,2.97,0.10,-1.74,1.91,-30.39,3.45,2.59,370.4,43202
2026-03-01 03:35:00,2.77,1.74,-0.99,32.16,-16.80,3.42,2.75,369.1,58919
2026-03-01 03:36:00,2.23,-0.41,-2.57,349.61,-48.49,3.43,2.62,368.1,46276
2026-03-01 03:37:00,2.06,-0.41,-2.94,348.76,-54.50,3.61,2.55,373.7,40980
2026-03-01 03:38:00,2.27,0.00,-2.75,0.06,-50.42,3.57,2.75,373.3,38606
2026-03-01 03:39:00,2.39,0.26,-2.79,6.18,-49.18,3.68,2.89,374.6,37461
2026-03-01 03:40:00,2.61,0.58,-2.36,12.64,-41.51,3.57,2.87,372.6,39728
2026-03-01 03:41:00,2.66,0.43,-2.28,9.28,-40.22,3.53,2.74,369.4,42527
2026-03-01 03:42:00,2.29,0.94,-2.45,22.25,-44.78,3.48,2.76,370.6,43068
2026-03-01 03:43:00,2.65,1.14,-1.99,23.32,-34.57,3.50,2.74,372.4,44347
2026-03-01 03:44:00,2.69,1.33,-1.95,26.26,-33.02,3.58,2.63,371.7,43949
2026-03-01 03:45:00,2.32,1.71,-2.08,36.29,-35.78,3.55,2.76,372.3,41292
2026-03-01 03:46:00,2.23,1.54,-2.35,34.61,-40.84,3.59,3.01,374.1,40941
2026-03-01 03:47:00,1.99,1.63,-2.41,39.33,-43.08,3.52,2.85,373.9,40375
2026-03-01 03:48:00,2.30,1.61,-2.21,34.94,-38.16,3.57,2.62,375.8,37196
2026-03-01 03:49:00,1.90,1.83,-2.09,43.87,-38.38,3.37,2.67,378.1,37628
2026-03-01 03:50:00,2.46,0.08,-1.98,1.80,-38.83,3.16,2.78,378.0,44833
2026-03-01 03:51:00,1.50,2.27,-2.03,56.54,-36.69,3.39,3.36,379.1,57386
2026-03-01 03:52:00,1.07,0.56,-1.12,27.86,-42.79,1.65,2.60,379.8,42890
2026-03-01 03:53:00,1.27,-1.86,-2.61,304.45,-49.19,3.44,2.22,378.5,49730
2026-03-01 03:54:00,1.51,-0.95,-2.85,327.99,-57.92,3.36,2.47,383.7,47073
2026-03-01 03:55:00,2.56,0.53,-1.83,11.66,-34.94,3.19,2.48,381.8,46878
2026-03-01 03:56:00,2.36,1.11,-1.79,25.25,-34.45,3.16,2.47,381.0,46985
2026-03-01 03:57:00,2.56,1.43,-0.49,29.12,-9.52,2.98,2.35,376.7,55737
2026-03-01 03:58:00,2.29,0.90,1.62,21.55,33.36,2.95,1.30,390.3,60057
2026-03-01 04:00:00,1.92,0.57,1.18,16.47,30.52,2.32,1.60,379.0,72471
2026-03-01 05:31:00,1.14,2.69,2.00,66.97,34.40,3.54,2.13,384.5,45101
2026-03-01 05:32:00,2.33,2.20,0.73,43.29,12.84,3.29,2.23,375.6,53861
2026-03-01 05:33:00,1.80,1.52,2.02,40.19,40.61,3.10,2.52,379.7,55744
2026-03-01 05:34:00,2.05,0.21,3.00,5.74,55.49,3.64,1.51,389.7,61140
2026-03-01 05:35:00,1.15,-1.25,3.25,312.44,62.44,3.67,0.69,394.0,65602
2026-03-01 05:36:00,1.34,-1.87,1.67,305.67,35.91,2.84,0.64,399.7,53296
2026-03-01 05:37:00,1.56,-2.43,-1.38,302.81,-25.61,3.20,1.00,392.5,55447
2026-03-01 05:38:00,1.88,-2.31,-0.39,309.21,-7.50,3.01,1.38,381.6,67212
2026-03-01 05:39:00,2.09,-1.87,1.77,318.17,32.25,3.31,0.89,385.4,84700
2026-03-01 05:40:00,2.08,-2.43,1.07,310.55,18.46,3.37,0.72,391.6,82539
2026-03-01 05:41:00,2.11,-2.26,1.74,313.04,29.35,3.54,0.70,389.9,79860
2026-03-01 05:42:00,2.07,-2.23,1.88,312.94,31.65,3.57,0.63,391.1,87975
2026-03-01 05:43:00,1.53,-1.40,2.82,317.48,53.71,3.50,0.78,395.1,71508
2026-03-01 05:44:00,1.15,0.66,3.40,29.72,68.72,3.65,0.68,399.1,60751
2026-03-01 05:45:00,0.95,-0.57,3.52,329.13,72.53,3.69,0.78,396.1,64921
2026-03-01 05:46:00,1.20,-1.06,2.99,318.40,61.84,3.39,0.66,400.2,52840
2026-03-01 05:47:00,2.09,-1.13,1.99,331.68,39.88,3.10,0.69,401.0,52850
2026-03-01 05:48:00,2.58,-1.43,1.61,330.97,28.64,3.36,0.66,393.7,84876
2026-03-01 05:49:00,2.67,-1.46,1.21,331.42,21.59,3.28,0.61,393.9,81729
2026-03-01 05:50:00,2.92,-1.08,0.58,339.61,10.50,3.17,0.94,383.0,93960
2026-03-01 05:51:00,2.92,-1.40,1.16,334.44,19.74,3.44,0.96,381.0,112941
2026-03-01 05:52:00,2.91,-1.00,1.25,341.06,22.16,3.32,0.71,389.3,102779
2026-03-01 05:53:00,3.01,-0.54,1.15,349.79,20.54,3.26,0.71,389.0,91773
2026-03-01 05:54:00,2.77,-0.47,1.65,350.34,30.45,3.26,0.78,385.1,108340
2026-03-01 05:55:00,2.52,0.21,2.01,4.78,38.58,3.23,0.84,383.6,114284
2026-03-01 05:56:00,2.30,-0.97,2.22,337.08,41.64,3.34,1.00,382.3,86758
2026-03-01 05:57:00,2.56,-1.31,1.54,332.94,28.17,3.26,0.66,395.0,74817
2026-03-01 05:58:00,2.82,-1.17,1.16,337.55,20.82,3.27,0.86,389.8,102653
2026-03-01 05:59:00,2.42,-1.96,0.05,320.97,0.93,3.11,0.90,386.6,105849
2026-03-01 06:00:00,2.12,-1.94,1.06,317.47,20.27,3.06,0.81,391.7,81290
2026-03-01 06:01:00,1.21,-2.99,-0.55,292.09,-9.63,3.27,0.77,389.9,91063
2026-03-01 06:02:00,0.66,-3.08,-1.78,282.03,-29.44,3.62,1.49,384.5,52455
2026-03-01 06:03:00,0.48,-2.03,-2.90,283.33,-54.27,3.57,2.51,382.6,44338
2026-03-01 06:04:00,-0.38,-2.67,-2.81,261.92,-46.15,3.90,2.75,385.1,41736
2026-03-01 06:05:00,-0.80,-2.84,-2.77,254.34,-43.15,4.05,2.44,392.2,40487
2026-03-01 06:06:00,-1.37,-2.77,-2.83,243.71,-42.49,4.19,2.26,397.0,40894
2026-03-01 06:07:00,-1.81,-2.51,-2.94,234.29,-43.54,4.27,2.39,403.3,40651
2026-03-01 06:08:00,-1.19,-2.62,-2.89,245.57,-45.03,4.08,2.51,408.1,40027
2026-03-01 06:09:00,-0.44,-2.79,-2.49,260.99,-41.38,3.77,1.74,394.0,33930
2026-03-01 06:10:00,1.07,0.57,-2.19,28.24,-61.03,2.51,2.06,388.9,37197
2026-03-01 06:11:00,0.47,-0.02,-3.35,357.67,-82.02,3.39,2.72,379.4,42984
2026-03-01 06:12:00,0.46,1.59,-3.08,73.69,-61.78,3.50,2.72,384.1,40242
2026-03-01 06:13:00,0.46,0.61,-3.37,53.29,-77.29,3.46,2.92,384.0,45292
2026-03-01 06:14:00,0.33,1.02,-3.41,71.81,-72.59,3.58,3.19,388.5,47921
2026-03-01 06:15:00,0.39,1.08,-3.34,69.94,-70.97,3.53,2.64,383.0,41751
2026-03-01 06:16:00,0.48,1.01,-3.32,64.69,-71.47,3.51,2.73,381.5,41824
2026-03-01 06:17:00,0.26,1.12,-3.47,76.75,-71.71,3.65,2.51,382.1,42444
2026-03-01 06:18:00,0.39,0.73,-3.59,61.57,-77.00,3.68,2.80,383.4,41431
2026-03-01 06:19:00,0.11,1.15,-3.48,84.76,-71.65,3.66,2.94,384.2,45596
2026-03-01 06:20:00,0.63,0.79,-3.46,51.54,-73.75,3.60,3.01,382.9,44852
2026-03-01 06:21:00,0.93,0.74,-3.39,38.46,-70.77,3.59,3.02,381.3,41341
2026-03-01 06:22:00,1.02,0.21,-3.39,11.55,-72.91,3.55,3.05,378.2,40998
2026-03-01 06:23:00,1.08,0.17,-3.34,8.78,-71.88,3.51,2.97,377.3,39190
2026-03-01 06:24:00,1.32,-0.02,-3.20,359.19,-67.55,3.46,2.91,376.9,38208
2026-03-01 06:25:00,1.15,-0.11,-3.35,354.35,-70.92,3.54,2.96,375.9,39082
2026-03-01 06:26:00,1.02,-0.25,-3.36,346.09,-72.58,3.52,2.93,376.6,37925
2026-03-01 06:27:00,1.03,-1.07,-3.05,313.83,-64.12,3.39,2.72,377.4,37920
2026-03-01 06:28:00,0.85,-1.84,-2.58,294.82,-51.75,3.28,2.28,379.8,37536
2026-03-01 06:29:00,0.81,-0.14,-3.02,349.91,-74.76,3.13,1.82,381.9,46474
2026-03-01 06:30:00,1.25,-0.76,-2.50,328.81,-59.73,2.89,1.89,381.1,56006
2026-03-01 06:31:00,1.68,-0.30,-2.24,349.90,-52.73,2.82,2.57,376.6,53676
2026-03-01 06:32:00,1.66,-0.27,-2.26,350.79,-53.28,2.82,2.63,373.9,61129
2026-03-01 06:33:00,1.86,0.59,-1.95,17.75,-45.06,2.76,2.60,373.4,54661
2026-03-01 06:34:00,2.15,1.41,-1.63,33.25,-32.33,3.04,2.54,372.1,52661
2026-03-01 06:35:00,1.89,2.27,-0.72,50.23,-13.64,3.03,2.38,371.8,52305
2026-03-01 06:36:00,2.58,1.02,-0.65,21.46,-13.13,2.85,2.08,371.5,56015
2026-03-01 06:37:00,2.77,1.03,-0.59,20.39,-11.25,3.01,1.94,369.7,61666
2026-03-01 06:38:00,2.78,0.73,-0.46,14.69,-9.10,2.91,1.95,369.8,61979
2026-03-01 06:39:00,2.58,1.16,0.39,24.10,7.89,2.86,1.75,371.5,67866
2026-03-01 06:40:00,2.07,2.27,-0.18,47.70,-3.37,3.08,1.90,373.0,65415
2026-03-01 06:41:00,2.32,2.06,-0.14,41.64,-2.60,3.10,2.33,373.8,54110
2026-03-01 06:42:00,1.87,2.51,0.37,53.29,6.71,3.15,2.32,376.4,49481
2026-03-01 06:43:00,1.73,2.39,0.92,54.07,17.39,3.09,2.30,376.0,51693
2026-03-01 06:44:00,1.38,0.89,-0.97,32.95,-30.50,1.90,2.35,375.6,57713
2026-03-01 06:45:00,1.57,0.30,-2.37,10.81,-55.97,2.86,2.77,378.9,54756
2026-03-01 06:46:00,2.23,0.06,-2.06,1.51,-42.76,3.04,2.53,373.8,52785
2026-03-01 06:47:00,2.25,0.06,-2.15,1.51,-43.73,3.11,2.29,374.5,44311
2026-03-01 06:48:00,2.15,1.37,-1.50,32.53,-30.55,2.96,2.17,369.3,33531
2026-03-01 06:49:00,1.56,1.75,-1.43,48.29,-31.42,2.75,2.60,378.1,53278
2026-03-01 06:50:00,0.97,1.90,-2.10,62.87,-44.55,3.00,2.78,378.9,58907
2026-03-01 06:51:00,0.87,2.03,-2.32,66.68,-46.44,3.21,2.93,380.7,54407
2026-03-01 06:52:00,1.80,1.75,-1.55,44.23,-31.70,2.95,3.55,387.5,84385
2026-03-01 06:53:00,2.18,1.07,-1.70,26.24,-34.93,2.96,2.98,378.6,76513
2026-03-01 06:54:00,1.86,0.84,-1.75,24.30,-40.73,2.69,2.42,371.2,50861
2026-03-01 06:55:00,1.78,0.71,-2.04,21.59,-46.77,2.80,2.26,374.7,45506
2026-03-01 06:56:00,2.02,0.61,-1.97,16.66,-43.01,2.89,2.82,378.7,72019
2026-03-01 06:57:00,1.96,-0.12,-2.07,356.42,-46.43,2.85,3.16,376.9,82386
2026-03-01 06:58:00,2.57,-0.20,-1.58,355.52,-31.50,3.03,2.43,371.0,55423
2026-03-01 06:59:00,2.61,-0.11,-1.57,357.53,-31.09,3.05,2.30,365.6,54790
2026-03-01 07:00:00,2.50,-0.08,-1.69,358.06,-34.07,3.02,2.47,369.3,60047
2026-03-01 07:01:00,2.81,-0.23,-1.08,355.22,-20.89,3.02,2.59,369.4,64781
2026-03-01 07:02:00,2.95,0.19,-0.58,3.65,-11.06,3.01,1.85,370.2,78660
2026-03-01 07:03:00,2.95,0.64,0.65,12.20,12.10,3.08,1.43,363.9,47963
2026-03-01 07:04:00,2.89,0.47,0.78,9.28,14.91,3.04,1.65,375.7,144417
2026-03-01 07:05:00,2.57,0.52,1.51,11.37,29.99,3.03,1.32,382.0,114189
2026-03-01 07:06:00,2.60,0.21,1.64,4.68,32.14,3.08,0.97,376.0,78529
2026-03-01 07:07:00,2.95,-0.13,1.06,357.52,19.78,3.14,1.04,370.6,97845
2026-03-01 07:08:00,2.90,0.79,0.98,15.30,18.08,3.16,1.34,367.2,105099
2026-03-01 07:09:00,2.59,0.51,1.69,11.16,32.65,3.14,1.07,376.9,105899
2026-03-01 07:10:00,2.02,0.49,1.73,13.60,39.81,2.70,0.83,374.1,73681
2026-03-01 07:11:00,1.38,-1.40,0.72,314.50,20.14,2.10,0.95,377.9,62619
2026-03-01 07:12:00,1.48,1.92,1.07,52.31,23.85,2.65,1.25,385.0,81337
2026-03-01 07:13:00,1.38,2.69,1.12,62.94,20.32,3.23,1.71,381.6,81949
2026-03-01 07:14:00,2.15,1.24,0.88,29.99,19.44,2.63,2.13,380.3,68589
2026-03-01 07:15:00,2.39,0.14,1.32,3.30,28.86,2.73,1.27,372.4,83788
2026-03-01 07:16:00,2.52,0.42,0.61,9.47,13.39,2.63,1.39,372.3,85109
2026-03-01 07:17:00,2.74,0.82,-0.41,16.70,-8.14,2.89,1.94,370.8,86276
2026-03-01 07:18:00,1.44,-1.86,-1.23,307.80,-27.65,2.65,1.92,362.6,51162
2026-03-01 07:19:00,0.24,-2.94,-0.70,274.70,-13.40,3.03,1.55,377.9,62630
2026-03-01 07:20:00,0.62,-2.74,-0.08,282.72,-1.61,2.81,1.18,389.4,68601
2026-03-01 07:21:00,2.69,0.06,1.39,1.38,27.43,3.03,1.17,376.3,83013
2026-03-01 07:22:00,2.40,-0.28,1.61,353.32,33.68,2.91,0.86,373.8,66037
2026-03-01 07:23:00,2.91,0.24,0.83,4.63,15.81,3.04,0.85,384.7,113349
2026-03-01 07:24:00,2.25,1.05,1.54,24.90,31.77,2.92,1.03,373.6,83999
2026-03-01 07:25:00,2.63,0.83,1.22,17.53,23.82,3.02,1.41,366.9,45629
2026-03-01 07:26:00,2.54,0.96,1.70,20.73,32.14,3.20,1.30,371.9,64836
2026-03-01 07:27:00,2.27,1.46,1.41,32.82,27.52,3.05,1.06,375.4,82518
2026-03-01 07:28:00,1.45,0.99,2.91,34.25,58.91,3.40,0.83,382.2,75542
2026-03-01 07:29:00,1.44,0.82,3.06,29.86,61.62,3.48,0.58,385.5,57449
2026-03-01 07:30:00,1.45,0.62,2.93,23.02,61.74,3.33,0.55,381.3,56715
2026-03-01 07:31:00,1.55,1.00,2.58,32.77,54.52,3.17,0.58,391.1,95847
2026-03-01 07:32:00,1.94,1.27,2.21,33.17,43.69,3.20,0.59,389.6,70955
2026-03-01 07:33:00,1.05,3.09,0.13,71.21,2.21,3.26,1.04,380.7,77811
2026-03-01 07:34:00,1.76,2.53,1.20,55.20,21.37,3.31,2.00,377.3,41346
2026-03-01 07:35:00,2.01,1.98,1.69,44.54,31.04,3.29,2.33,385.0,67853
2026-03-01 07:36:00,2.04,1.03,2.20,26.88,43.94,3.18,1.46,375.5,54819
2026-03-01 07:37:00,1.91,0.37,2.79,10.95,55.12,3.40,0.66,372.4,44565
2026-03-01 07:38:00,2.06,0.07,2.75,1.94,53.17,3.43,0.63,395.0,128007
2026-03-01 07:39:00,2.20,-0.11,2.54,357.03,49.05,3.37,0.63,394.5,107819
2026-03-01 07:40:00,2.16,0.53,2.40,13.68,47.14,3.27,0.61,382.7,62899
2026-03-01 07:41:00,2.13,0.33,2.54,8.93,49.65,3.33,0.66,379.2,58435
2026-03-01 07:42:00,2.04,-0.12,2.60,356.73,51.80,3.30,0.69,382.7,86271
2026-03-01 07:43:00,1.82,0.25,2.48,7.98,53.46,3.08,0.62,384.8,86731
2026-03-01 07:44:00,1.54,0.77,2.35,26.54,53.69,2.91,0.68,378.3,66579
2026-03-01 07:45:00,1.67,0.43,2.62,14.45,56.69,3.13,0.75,378.9,76327
2026-03-01 07:46:00,1.22,-0.49,3.05,338.12,66.67,3.32,0.62,395.8,101265
2026-03-01 07:47:00,1.36,-0.38,3.19,344.21,66.12,3.49,0.57,403.5,98387
2026-03-01 07:48:00,1.96,0.68,2.62,19.15,51.68,3.34,0.42,353.6,35393
2026-03-01 07:49:00,2.16,2.04,0.93,43.44,17.32,3.11,0.55,356.8,41089
2026-03-01 07:50:00,0.72,1.00,3.04,54.22,67.93,3.28,1.43,381.8,82671
2026-03-01 07:51:00,0.23,0.17,3.75,36.38,85.56,3.76,0.60,402.3,53311
2026-03-01 07:52:00,-0.64,-0.28,4.15,203.40,80.48,4.21,0.37,392.4,36524
2026-03-01 07:53:00,-0.21,-1.01,3.99,258.07,75.48,4.12,0.45,398.2,49043
2026-03-01 07:54:00,-0.14,-0.85,4.08,260.80,78.05,4.17,0.65,406.6,92736
2026-03-01 07:55:00,-0.35,-1.38,3.89,255.59,69.88,4.14,0.60,402.3,75479
2026-03-01 07:56:00,-0.07,0.26,4.03,104.60,86.14,4.04,0.31,387.6,35182
2026-03-01 07:57:00,-0.33,-0.07,3.92,191.46,85.04,3.93,0.40,397.5,55435
2026-03-01 07:58:00,-0.94,-0.43,4.04,204.43,75.66,4.17,0.33,414.0,62209
2026-03-01 07:59:00,-1.13,-0.84,4.07,216.46,70.87,4.31,0.21,400.9,42261
2026-03-01 08:00:00,-1.02,-1.29,3.79,231.64,66.54,4.13,0.27,386.0,34690
2026-03-01 08:01:00,-0.81,-0.26,4.08,197.78,78.25,4.17,0.34,391.3,40264
2026-03-01 08:02:00,-0.89,0.06,4.32,176.01,78.32,4.42,0.32,393.5,38939
2026-03-01 08:03:00,-1.10,0.06,4.44,176.63,76.09,4.57,0.29,391.4,33036
2026-03-01 08:04:00,-1.05,-0.07,4.32,183.67,76.26,4.45,0.23,391.4,38519
2026-03-01 08:05:00,-1.28,-0.01,4.18,180.52,73.05,4.37,0.30,395.6,45586
2026-03-01 08:06:00,-0.84,-0.89,4.10,226.75,73.40,4.27,0.23,394.0,33480
2026-03-01 08:07:00,0.34,-1.70,3.48,281.24,63.51,3.89,0.75,407.2,63105
2026-03-01 08:08:00,-0.73,-0.84,3.97,229.27,74.36,4.12,0.32,393.0,49416
2026-03-01 08:09:00,-0.92,-0.70,4.09,217.14,74.21,4.25,0.54,400.2,40782
2026-03-01 08:10:00,-1.49,-0.55,4.02,200.30,68.44,4.32,0.18,399.9,58031
2026-03-01 08:11:00,-1.89,-1.60,3.59,220.26,55.32,4.36,0.17,386.9,29076
2026-03-01 08:12:00,-1.39,-1.20,3.85,220.92,64.52,4.27,0.11,395.0,46359
2026-03-01 08:13:00,-0.06,-0.37,4.02,259.98,84.71,4.04,0.21,396.5,51561
2026-03-01 08:14:00,0.16,-0.25,4.01,303.47,85.76,4.02,0.32,396.0,52799
2026-03-01 08:15:00,0.24,-0.46,3.95,297.88,82.55,3.98,0.31,396.0,47424
2026-03-01 08:16:00,-0.16,-0.25,4.07,237.22,85.88,4.08,0.31,398.5,45991
2026-03-01 08:17:00,0.45,-0.66,3.89,304.40,78.44,3.97,0.34,401.9,55823
2026-03-01 08:18:00,1.16,-1.12,3.55,316.15,65.56,3.89,0.26,392.8,45362
2026-03-01 08:19:00,0.29,-0.39,4.04,306.78,83.08,4.07,0.14,380.0,22160
2026-03-01 08:20:00,-0.29,-0.44,4.19,236.84,82.84,4.22,0.28,393.5,42804
2026-03-01 08:21:00,-0.54,-0.58,3.98,227.01,78.84,4.06,0.37,428.5,52236
2026-03-01 08:22:00,-0.24,-0.73,3.91,251.53,78.91,3.99,0.38,426.6,50809
2026-03-01 08:23:00,0.72,-1.72,3.50,292.59,61.88,3.96,0.56,390.5,23702
2026-03-01 08:24:00,0.88,-1.78,3.43,296.41,59.92,3.97,0.28,388.7,66598
2026-03-01 08:25:00,1.35,-1.57,3.29,310.71,57.76,3.89,0.27,387.4,50695
2026-03-01 08:26:00,1.24,-1.48,3.41,310.06,60.46,3.92,0.27,388.3,46281
2026-03-01 08:27:00,1.28,-1.75,3.26,306.12,56.33,3.91,0.30,390.6,39689
2026-03-01 08:28:00,1.36,-1.74,3.24,307.93,55.71,3.92,0.36,395.4,69916
2026-03-01 08:29:00,1.01,-1.64,3.50,301.51,61.17,3.99,0.37,399.1,68826
2026-03-01 08:30:00,1.28,-1.20,3.58,316.63,63.87,3.98,0.36,400.2,61446
2026-03-01 08:31:00,1.29,-0.82,3.55,327.74,66.71,3.87,0.30,391.1,40086
2026-03-01 08:32:00,1.23,-0.93,3.50,322.76,66.26,3.83,0.32,394.0,52681
2026-03-01 08:33:00,0.66,-1.31,3.61,296.59,67.94,3.90,0.32,395.1,53212
2026-03-01 08:34:00,1.94,-0.60,2.63,342.83,52.28,3.32,0.37,385.6,45207
2026-03-01 08:35:00,2.43,-0.47,2.39,349.03,44.02,3.44,0.60,373.6,84751
2026-03-01 08:36:00,0.79,-0.94,3.45,310.02,70.44,3.66,0.49,376.8,89670
2026-03-01 08:37:00,0.32,-1.30,3.90,283.67,71.04,4.13,0.31,395.3,41379
2026-03-01 08:38:00,0.30,-1.33,3.89,282.51,70.67,4.12,0.26,389.4,38971
2026-03-01 08:39:00,0.44,-0.31,4.00,325.13,82.37,4.04,0.37,398.4,51733
2026-03-01 08:40:00,0.37,-0.17,3.98,335.07,84.20,4.00,0.70,416.3,96740
2026-03-01 08:43:00,-0.83,-1.05,3.93,231.69,71.17,4.15,0.30,386.5,25827
2026-03-01 08:44:00,-0.71,-0.90,4.07,231.56,74.24,4.23,0.24,387.1,21895
2026-03-01 08:45:00,-1.02,-0.82,4.04,218.71,72.03,4.25,0.29,389.2,28415
2026-03-01 08:46:00,-0.82,-0.73,4.06,221.41,74.86,4.21,0.29,388.1,27494
2026-03-01 08:47:00,-0.78,0.04,4.08,176.94,79.12,4.16,0.18,390.1,29700
2026-03-01 08:48:00,-0.88,0.38,4.07,156.51,76.79,4.18,0.21,391.7,33105
2026-03-01 08:49:00,-0.64,0.99,3.97,123.06,73.45,4.14,0.38,390.8,35355
2026-03-01 08:50:00,-0.30,0.62,4.02,115.47,80.26,4.08,0.43,392.1,40060
2026-03-01 08:51:00,-0.54,-0.85,3.99,237.54,75.77,4.11,0.42,390.1,30438
2026-03-01 08:52:00,-0.67,-1.12,3.93,239.03,71.56,4.14,0.29,386.5,22252
2026-03-01 08:54:00,-1.20,-2.14,3.37,240.73,53.86,4.17,0.32,,
2026-03-01 08:55:00,-0.62,-0.96,3.84,237.37,73.45,4.01,0.32,390.4,35260
2026-03-01 08:56:00,-0.86,-0.61,3.99,215.15,75.24,4.13,0.42,387.7,36972
2026-03-01 08:57:00,-0.81,-1.15,3.78,234.92,69.58,4.03,0.45,391.7,42071
2026-03-01 08:58:00,-0.14,-1.90,3.31,265.65,60.08,3.82,0.43,390.3,39236
2026-03-01 08:59:00,-0.43,-1.71,3.17,255.99,60.94,3.63,0.49,390.3,50147
2026-03-01 09:00:00,0.21,-0.85,-1.29,283.88,-56.00,1.56,0.98,391.0,80398
2026-03-01 09:01:00,0.05,-1.26,-3.09,272.27,-67.80,3.34,1.86,384.2,65403
2026-03-01 09:02:00,-0.52,-1.79,-3.40,253.88,-61.23,3.88,2.20,385.1,42515
2026-03-01 09:03:00,-0.52,-1.68,-3.61,252.93,-63.95,4.01,2.42,388.5,41259
2026-03-01 09:04:00,-0.43,-1.53,-3.61,254.38,-66.20,3.95,2.52,389.6,44744
2026-03-01 09:05:00,-0.07,-0.47,-3.82,261.27,-82.95,3.85,2.43,387.9,41233
2026-03-01 09:06:00,-0.14,-0.39,-3.89,250.53,-83.87,3.91,2.53,382.0,39732
2026-03-01 09:07:00,0.00,-1.18,-3.71,270.21,-72.35,3.89,2.55,380.8,42621
2026-03-01 09:08:00,-0.08,-1.28,-3.71,266.63,-70.88,3.93,2.63,382.3,42879
2026-03-01 09:09:00,-0.12,-1.43,-3.74,265.11,-69.00,4.00,2.56,384.9,46257
2026-03-01 09:10:00,-0.18,-1.35,-3.72,262.22,-69.90,3.97,2.86,386.4,45129
2026-03-01 09:11:00,0.19,-1.16,-3.59,279.20,-71.83,3.78,2.33,388.8,42215
2026-03-01 09:12:00,0.06,-0.68,-3.46,274.82,-78.93,3.53,3.05,381.1,44668
2026-03-01 09:13:00,-0.82,-1.03,-3.55,231.40,-69.69,3.79,2.51,389.4,45691
2026-03-01 09:14:00,-0.87,-1.45,-3.68,238.99,-65.36,4.05,2.43,392.3,45387
2026-03-01 09:15:00,-0.47,0.00,-3.89,179.64,-83.07,3.92,2.61,391.8,41749
2026-03-01 09:16:00,-1.61,-1.43,-3.66,221.55,-59.61,4.25,2.75,394.7,45514
2026-03-01 09:17:00,-2.42,-1.99,-3.18,219.39,-45.39,4.46,2.74,401.0,47162
2026-03-01 09:18:00,-2.85,-1.54,-3.17,208.49,-44.39,4.53,2.73,406.5,44794
2026-03-01 09:19:00,-2.03,-2.17,-3.24,227.01,-47.46,4.40,2.55,403.8,41302
2026-03-01 09:20:00,-2.07,-2.42,-3.13,229.40,-44.54,4.47,2.48,400.2,41617
2026-03-01 09:21:00,-1.76,-1.67,-3.62,223.54,-56.22,4.36,2.65,400.3,44380
2026-03-01 09:22:00,-1.42,-1.00,-3.91,215.22,-66.01,4.28,2.64,397.9,44076
2026-03-01 09:23:00,-1.06,-1.08,-3.92,225.60,-68.86,4.20,2.40,394.9,42398
2026-03-01 09:24:00,-0.88,-1.14,-3.91,232.34,-69.68,4.16,2.46,393.3,42155
2026-03-01 09:25:00,-1.26,-1.26,-3.86,224.99,-65.20,4.25,2.83,392.5,44614
2026-03-01 09:28:00,-1.14,-0.94,-3.88,219.47,-69.20,4.15,2.43,394.0,40591
2026-03-01 09:29:00,-1.16,-1.13,-3.84,224.26,-67.15,4.17,2.49,392.6,39415
2026-03-01 09:30:00,-1.86,-1.38,-3.66,216.67,-57.68,4.33,2.65,397.3,43502
2026-03-01 09:31:00,-1.68,-1.59,-3.69,223.47,-57.88,4.36,2.73,395.8,43036
2026-03-01 09:32:00,-1.96,-1.86,-3.48,223.64,-52.21,4.41,2.88,397.1,42924
2026-03-01 09:33:00,-1.38,-1.62,-3.67,229.66,-59.87,4.24,2.53,396.2,40560
2026-03-01 09:34:00,-1.08,-1.83,-3.64,239.56,-59.73,4.21,2.51,393.2,40716
2026-03-01 09:35:00,-0.76,-1.85,-3.70,247.50,-61.63,4.20,2.84,389.1,43169
2026-03-01 09:36:00,-0.30,-2.23,-3.46,262.28,-56.99,4.12,2.93,386.0,42791
2026-03-01 09:37:00,-0.97,-2.04,-3.42,244.50,-56.48,4.10,2.96,389.4,42595
2026-03-01 09:38:00,-1.94,-1.72,-3.57,221.55,-54.00,4.42,3.07,397.5,44713
2026-03-01 09:39:00,-1.83,-1.84,-3.53,225.20,-53.66,4.38,2.90,401.0,43729
2026-03-01 09:40:00,-1.44,-1.85,-3.64,232.07,-57.26,4.33,3.07,401.6,47927
2026-03-01 09:41:00,-1.91,-2.04,-3.47,226.92,-51.12,4.46,3.14,393.7,53413
2026-03-01 09:42:00,-2.87,-2.16,-2.93,217.02,-39.18,4.63,2.85,404.1,45919
2026-03-01 09:43:00,-3.14,-2.21,-2.65,215.08,-34.58,4.66,2.87,411.0,40504
2026-03-01 09:44:00,-3.11,-1.97,-2.88,212.40,-38.03,4.67,2.72,412.2,40272
2026-03-01 09:45:00,-2.49,-2.35,-2.99,223.40,-41.08,4.55,2.54,408.6,35374
2026-03-01 09:46:00,-2.20,-2.36,-3.13,226.97,-44.10,4.50,2.79,405.3,41878
2026-03-01 09:47:00,-2.04,-2.35,-3.27,228.94,-46.38,4.51,2.72,400.0,40133
2026-03-01 09:48:00,-1.91,-2.27,-3.32,229.83,-48.23,4.45,2.44,397.8,35747
2026-03-01 09:49:00,-1.80,-2.17,-3.37,230.34,-50.12,4.39,2.67,397.1,40194
2026-03-01 09:50:00,-1.98,-2.72,-2.93,234.02,-41.02,4.46,2.56,399.1,39325
2026-03-01 09:51:00,-2.01,-2.61,-2.93,232.39,-41.64,4.41,2.47,399.0,37618
2026-03-01 09:52:00,-2.60,-1.95,-3.10,216.77,-43.63,4.49,2.74,404.8,40253
2026-03-01 09:53:00,-1.54,-1.79,-3.67,229.29,-57.27,4.36,2.85,406.7,43390
2026-03-01 09:54:00,-1.14,-1.40,-3.74,231.02,-64.20,4.15,2.43,393.7,40425
2026-03-01 09:55:00,-0.25,1.00,-3.72,103.86,-74.60,3.86,1.79,388.8,31122
2026-03-01 09:56:00,-0.80,-0.01,-4.11,180.44,-78.96,4.19,1.83,384.4,35342
2026-03-01 09:57:00,-0.48,0.85,-3.98,119.69,-76.22,4.10,1.70,387.4,35267
2026-03-01 10:03:00,-0.16,-0.30,-4.06,241.26,-85.20,4.08,2.58,386.6,35822
2026-03-01 10:04:00,-1.65,-0.06,-3.91,182.16,-67.06,4.24,2.81,398.7,44604
2026-03-01 10:05:00,-1.63,-0.50,-4.09,197.09,-67.32,4.43,2.74,398.6,44058
2026-03-01 10:06:00,-2.93,0.33,-3.66,173.54,-51.13,4.71,2.77,403.0,41245
2026-03-01 10:07:00,-3.13,0.24,-3.57,175.58,-48.66,4.76,2.78,410.8,39134
2026-03-01 10:08:00,-3.47,0.31,-3.41,174.92,-44.39,4.88,2.81,415.0,38784
2026-03-01 10:09:00,-2.96,0.91,-3.64,162.98,-49.62,4.78,2.87,414.2,38690
2026-03-01 10:10:00,-1.43,-0.08,-3.87,183.14,-69.64,4.13,2.52,408.1,35632
2026-03-01 10:11:00,-0.13,-3.63,-1.76,268.01,-25.83,4.03,1.96,399.8,35754
2026-03-01 10:12:00,-1.34,-3.87,-1.88,250.88,-24.62,4.51,2.13,386.4,39867
2026-03-01 10:13:00,-1.07,-3.72,-2.22,254.02,-29.80,4.46,2.52,391.0,40599
2026-03-01 10:14:00,-1.32,-3.93,-1.87,251.45,-24.34,4.55,2.39,390.0,43294
2026-03-01 10:15:00,-1.19,-3.15,-2.86,249.31,-40.34,4.42,2.31,392.1,44124
2026-03-01 10:16:00,-1.05,-2.05,-3.78,242.97,-58.64,4.42,2.81,387.0,40253
2026-03-01 10:17:00,-0.32,-0.77,-4.11,247.28,-78.57,4.19,2.27,386.6,34050
2026-03-01 10:18:00,-0.97,-1.75,-3.51,240.86,-60.31,4.04,2.09,383.5,38923
2026-03-01 10:19:00,-1.82,-2.29,-3.29,231.51,-48.37,4.40,2.43,393.0,41369
2026-03-01 10:20:00,-1.70,-0.61,-4.07,199.87,-66.03,4.45,2.78,397.1,45506
2026-03-01 10:21:00,-1.64,-1.37,-3.59,219.80,-59.25,4.17,2.46,396.1,44792
2026-03-01 10:22:00,-2.28,-2.56,-3.05,228.38,-41.68,4.59,2.54,396.3,42458
2026-03-01 10:23:00,-2.61,-2.55,-2.78,224.35,-37.28,4.58,2.81,400.5,43871
2026-03-01 10:24:00,-2.63,-3.33,-1.92,231.73,-24.38,4.66,2.63,403.5,43818
2026-03-01 10:25:00,-2.09,-3.39,-2.17,238.28,-28.59,4.54,2.49,402.6,42447
2026-03-01 10:26:00,-1.66,-3.69,-1.94,245.73,-25.57,4.49,2.63,400.1,43631
2026-03-01 10:27:00,-1.52,-3.38,-2.38,245.74,-32.73,4.41,2.48,396.3,42740
2026-03-01 10:28:00,-1.73,-2.97,-2.86,239.68,-39.75,4.47,2.50,394.4,45046
2026-03-01 10:29:00,-2.03,-2.59,-3.12,231.98,-43.44,4.53,2.78,398.5,42930
2026-03-01 10:30:00,-1.97,-2.66,-3.13,233.49,-43.43,4.56,2.71,399.9,40820
2026-03-01 10:31:00,-1.99,-2.63,-3.13,232.87,-43.50,4.55,2.74,397.2,40956
2026-03-01 10:34:00,-2.36,-2.66,-2.91,228.39,-39.32,4.59,2.76,405.8,40887
2026-03-01 10:35:00,-2.01,-3.11,-2.73,237.07,-36.37,4.60,2.68,402.1,40752
2026-03-01 10:36:00,-2.14,-2.99,-2.67,234.51,-36.00,4.55,2.64,401.5,40501
2026-03-01 10:37:00,-2.14,-2.94,-2.63,233.88,-35.87,4.49,2.61,401.8,43399
2026-03-01 10:38:00,-2.22,-2.80,-2.75,231.56,-37.49,4.51,2.73,401.7,44224
2026-03-01 10:39:00,-2.35,-2.73,-2.79,229.26,-37.82,4.56,2.72,402.6,42596
2026-03-01 10:40:00,-1.91,-3.09,-2.61,238.26,-35.71,4.47,2.63,400.7,41668
2026-03-01 10:41:00,-1.74,-3.14,-2.61,240.92,-36.02,4.44,2.56,398.9,43393
2026-03-01 10:42:00,-1.86,-2.91,-2.80,237.45,-39.00,4.45,2.55,402.6,45067
2026-03-01 10:43:00,-2.43,-2.57,-2.74,226.57,-37.84,4.47,2.75,405.4,42818
2026-03-01 10:44:00,-3.06,-1.77,-2.96,210.09,-39.91,4.61,2.77,408.0,41874
2026-03-01 10:45:00,-3.36,-1.60,-2.85,205.56,-37.47,4.69,3.11,410.9,39274
2026-03-01 10:46:00,-3.46,-1.72,-2.71,206.46,-35.10,4.72,2.40,412.5,33270
2026-03-01 10:47:00,-3.70,-1.79,-2.37,205.86,-30.02,4.75,2.89,412.1,37958
2026-03-01 10:48:00,-3.61,-1.72,-2.53,205.46,-32.34,4.74,2.86,414.0,39146
2026-03-01 10:49:00,-3.72,-1.48,-2.54,201.75,-32.37,4.74,2.79,412.6,38573
2026-03-01 10:50:00,-3.74,-1.85,-2.34,206.26,-29.30,4.79,2.78,413.6,39275
2026-03-01 10:51:00,-3.40,-2.38,-2.26,215.03,-28.54,4.72,2.69,412.6,35749
2026-03-01 10:52:00,-2.74,-2.83,-2.41,225.87,-31.41,4.62,2.62,406.2,31457
2026-03-01 10:53:00,-3.11,-2.59,-2.33,219.83,-29.89,4.67,2.69,406.4,33403
2026-03-01 10:54:00,-2.71,-2.54,-2.69,223.11,-35.85,4.59,2.79,406.5,37728
2026-03-01 10:55:00,-2.55,-1.98,-3.21,217.86,-44.80,4.56,2.78,404.4,40266
2026-03-01 10:56:00,-3.22,-3.13,-1.49,224.17,-18.36,4.73,2.57,405.2,40343
2026-03-01 10:57:00,-3.11,-2.92,-1.88,223.21,-23.72,4.66,2.49,408.5,39147
2026-03-01 10:58:00,-3.26,-2.80,-1.86,220.69,-23.41,4.68,2.66,410.4,38717
2026-03-01 10:59:00,-3.38,-2.60,-2.08,217.57,-26.03,4.74,2.65,410.8,39255
2026-03-01 11:00:00,-3.39,-2.74,-1.87,218.93,-23.23,4.74,2.67,410.3,37440
2026-03-01 11:01:00,-3.17,-3.55,-0.60,228.29,-7.20,4.80,2.11,408.0,33119
2026-03-01 11:02:00,-3.22,-3.40,-0.92,226.63,-11.14,4.77,2.02,407.5,36525
2026-03-01 11:03:00,-3.06,-3.53,-1.03,229.06,-12.43,4.78,2.27,408.4,38566
2026-03-01 11:04:00,-3.00,-3.64,-0.65,230.47,-7.82,4.76,1.98,406.6,38328
2026-03-01 11:07:00,-2.96,-3.01,-1.97,225.46,-25.04,4.65,2.66,404.8,37687
2026-03-01 11:08:00,-2.87,-3.09,-1.91,227.16,-24.35,4.63,2.43,403.6,36895
2026-03-01 11:09:00,-3.04,-3.25,-1.47,226.89,-18.27,4.68,2.21,403.5,36418
2026-03-01 11:10:00,-2.99,-3.32,-1.34,228.02,-16.73,4.67,2.25,402.0,34762
2026-03-01 11:11:00,-2.84,-3.47,-1.29,230.70,-16.07,4.66,2.19,399.9,33587
2026-03-01 11:12:00,-3.12,-3.27,-1.31,226.38,-16.19,4.71,2.05,401.0,36258
2026-03-01 11:13:00,-3.25,-2.58,-2.27,218.51,-28.74,4.73,2.28,403.9,36628
2026-03-01 11:14:00,-3.05,-2.16,-2.82,215.26,-37.05,4.68,2.92,405.0,34556
2026-03-01 11:15:00,-3.03,-2.05,-2.91,214.09,-38.57,4.67,3.27,405.3,39230
2026-03-01 11:16:00,-2.82,-2.20,-2.93,217.99,-39.33,4.62,2.73,405.1,36946
2026-03-01 11:17:00,-2.92,-1.27,-3.34,203.43,-46.40,4.62,2.92,404.2,41549
2026-03-01 11:18:00,-2.69,-1.86,-3.23,214.66,-44.65,4.60,2.95,406.1,38735
2026-03-01 11:19:00,-2.75,-1.74,-3.31,212.33,-45.53,4.64,2.74,405.4,34791
2026-03-01 11:20:00,-2.77,-1.81,-3.21,213.10,-44.16,4.61,2.98,406.3,35786
2026-03-01 11:21:00,-2.70,-2.07,-3.13,217.40,-42.59,4.62,2.74,405.6,34845
2026-03-01 11:22:00,-2.59,-1.93,-3.17,216.80,-44.46,4.52,2.77,404.9,33287
2026-03-01 11:23:00,-2.86,-1.53,-3.11,208.19,-43.78,4.50,2.62,402.5,35203
2026-03-01 11:24:00,-2.90,-2.21,-2.70,217.37,-36.54,4.54,2.69,405.5,35021
2026-03-01 11:25:00,-2.93,-2.11,-2.82,215.79,-37.95,4.58,2.74,407.4,35733
2026-03-01 11:26:00,-3.17,-1.83,-2.79,210.00,-37.25,4.60,2.83,408.1,36022
2026-03-01 11:27:00,-3.01,-2.29,-2.59,217.25,-34.40,4.58,2.73,405.9,33916
2026-03-01 11:28:00,-2.65,-3.02,-2.15,228.79,-28.17,4.56,2.50,402.8,31947
2026-03-01 11:29:00,-2.44,-2.57,-2.71,226.46,-37.41,4.46,2.46,401.7,33027
2026-03-01 11:30:00,-2.33,-2.50,-2.86,226.98,-39.92,4.45,2.58,401.3,34847
2026-03-01 11:31:00,-2.42,-2.67,-2.69,227.77,-36.78,4.49,2.62,400.8,34141
2026-03-01 11:32:00,-2.46,-2.56,-2.71,226.05,-37.38,4.47,2.70,401.6,34612
2026-03-01 11:33:00,-2.64,-2.58,-2.61,224.34,-35.34,4.52,3.00,402.6,38245
2026-03-01 11:34:00,-2.77,-2.61,-2.54,223.34,-33.78,4.57,2.62,403.5,34437
2026-03-01 11:35:00,-2.94,-2.72,-2.23,222.80,-29.16,4.58,2.67,406.9,34523
2026-03-01 11:36:00,-2.83,-2.86,-2.20,225.29,-28.64,4.59,2.49,406.0,32796
2026-03-01 11:37:00,-2.85,-2.68,-2.36,223.22,-31.06,4.57,2.58,406.9,33866
2026-03-01 11:40:00,-2.67,-3.29,0.20,230.97,2.72,4.24,0.35,395.2,44965
2026-03-01 11:41:00,-2.23,-3.46,1.73,237.21,22.82,4.47,0.42,401.9,46210
2026-03-01 11:42:00,-0.71,-3.44,2.37,258.38,34.03,4.24,0.38,395.1,34376
2026-03-01 11:43:00,-0.89,-3.16,2.54,254.25,37.69,4.15,0.57,395.9,28179
2026-03-01 11:44:00,-0.97,-3.88,1.65,256.04,22.39,4.33,0.81,394.4,30262
2026-03-01 11:45:00,-1.73,-4.01,0.59,246.69,7.70,4.40,0.67,386.6,31110
2026-03-01 11:46:00,-2.45,-3.72,0.29,236.56,3.68,4.46,0.57,397.4,34136
2026-03-01 11:47:00,-2.56,-3.86,-0.38,236.39,-4.71,4.65,0.98,407.5,35668
2026-03-01 11:48:00,-2.80,-2.89,-2.02,225.91,-26.67,4.50,1.78,402.6,36211
2026-03-01 11:49:00,-2.81,-1.36,-3.21,205.72,-45.82,4.48,2.87,404.5,38749
2026-03-01 11:50:00,-3.27,-0.67,-3.17,191.65,-43.57,4.60,2.47,407.9,35437
2026-03-01 11:51:00,-2.98,-0.77,-3.33,194.55,-47.24,4.53,2.90,411.8,31022
2026-03-01 11:52:00,-3.20,-0.78,-3.21,193.70,-44.25,4.60,2.58,404.9,32985
2026-03-01 11:53:00,-3.82,-0.19,-2.87,182.91,-36.91,4.78,3.05,415.0,34391
2026-03-01 11:54:00,-3.77,-0.26,-3.01,183.92,-38.57,4.83,2.86,417.4,34644
2026-03-01 11:55:00,-3.64,-0.35,-3.01,185.43,-39.45,4.74,2.90,416.5,32436
2026-03-01 11:56:00,-3.67,-0.71,-2.93,190.96,-38.14,4.75,2.71,415.9,33486
2026-03-01 11:57:00,-3.80,-0.53,-2.90,187.99,-37.03,4.81,2.86,414.8,33912
2026-03-01 11:58:00,-4.10,-0.79,-2.55,190.97,-31.45,4.89,2.85,417.7,32925
2026-03-01 11:59:00,-4.10,-0.80,-2.52,191.08,-31.07,4.88,2.84,419.8,31734
2026-03-01 12:00:00,-4.37,-0.60,-2.45,187.78,-29.04,5.05,2.88,419.0,31820
2026-03-01 12:01:00,-4.64,-0.74,-1.82,189.07,-21.20,5.04,2.75,419.8,32133
2026-03-01 12:02:00,-4.71,-0.81,-1.62,189.76,-18.73,5.05,1.91,415.1,25079
2026-03-01 12:03:00,-1.01,-2.67,-1.61,249.24,-29.48,3.28,1.22,403.6,62842
2026-03-01 12:04:00,0.06,-3.77,-1.64,270.86,-23.46,4.11,3.34,408.9,183452
2026-03-01 12:05:00,-1.01,-3.71,-1.79,254.75,-24.99,4.24,1.75,373.8,31219
2026-03-01 12:06:00,-0.62,-3.56,-1.16,260.09,-17.80,3.80,0.52,377.1,20053
2026-03-01 12:07:00,1.44,-3.50,-0.54,292.31,-8.12,3.82,2.45,402.9,149770
2026-03-01 12:08:00,0.91,-3.80,-0.01,283.53,-0.15,3.90,0.95,363.2,36661
2026-03-01 12:09:00,0.18,-4.02,0.54,272.54,7.61,4.06,0.63,371.8,28676
2026-03-01 12:10:00,-0.56,-4.13,0.50,262.34,6.83,4.20,0.20,377.0,14402
2026-03-01 12:11:00,0.13,-4.02,0.78,271.83,11.03,4.10,0.64,380.8,49747
2026-03-01 12:12:00,-0.90,-3.97,1.43,257.26,19.34,4.31,0.79,381.6,60193
2026-03-01 12:13:00,-0.81,-3.94,1.43,258.46,19.56,4.27,0.11,373.6,19311
2026-03-01 12:14:00,-1.43,-4.01,1.21,250.44,15.82,4.43,0.41,376.8,26301
2026-03-01 12:15:00,-1.06,-3.82,1.31,254.51,18.30,4.18,0.51,385.6,32330
2026-03-01 12:16:00,-1.17,-4.13,0.13,254.12,1.71,4.29,0.57,389.4,32146
2026-03-01 12:17:00,-1.38,-4.08,0.82,251.34,10.80,4.38,0.61,384.6,27117
2026-03-01 12:18:00,-2.44,-3.68,1.35,236.44,16.97,4.62,0.35,386.0,29052
2026-03-01 12:19:00,-3.13,-3.26,1.25,226.20,15.50,4.69,0.39,402.4,47083
2026-03-01 12:20:00,-3.13,-3.06,1.75,224.29,21.79,4.71,0.58,416.1,54295
2026-03-01 12:21:00,-3.13,-3.00,1.61,223.78,20.41,4.62,0.20,394.5,66609
2026-03-01 12:22:00,-4.02,-2.23,1.76,209.02,20.99,4.92,0.23,393.2,51282
2026-03-01 12:23:00,-4.10,-2.16,1.68,207.74,19.88,4.93,0.17,400.5,140869
2026-03-01 12:24:00,-4.12,-2.21,1.50,208.26,17.77,4.91,0.16,385.9,38029
2026-03-01 12:25:00,-3.98,-2.16,1.93,208.45,23.12,4.92,0.15,385.4,55245
2026-03-01 12:26:00,-4.19,-1.75,1.91,202.62,22.77,4.93,0.22,385.7,60343
2026-03-01 12:27:00,-4.28,-1.69,1.77,201.53,21.09,4.93,0.57,422.9,73222
2026-03-01 12:28:00,-4.06,-0.95,2.14,193.14,27.20,4.68,0.38,439.6,39515
2026-03-01 12:29:00,-3.96,-1.38,1.81,199.25,23.30,4.57,0.16,400.7,28542
2026-03-01 12:30:00,-4.17,-1.49,1.31,199.67,16.51,4.62,0.51,405.4,85169
2026-03-01 12:31:00,-3.70,-1.80,1.90,205.97,24.79,4.53,0.78,432.0,91950
2026-03-01 12:32:00,-4.63,-1.34,0.83,196.14,9.76,4.89,0.61,428.7,72121
2026-03-01 12:33:00,-4.47,-1.38,1.41,197.18,16.71,4.89,0.44,420.5,98975
2026-03-01 12:34:00,-4.54,-1.02,1.48,192.64,17.63,4.88,0.43,425.8,122720
2026-03-01 12:35:00,-4.74,-0.71,1.18,188.54,13.81,4.93,0.40,423.4,116113
2026-03-01 12:36:00,-4.71,-0.79,1.24,189.57,14.49,4.94,0.41,419.0,79059
2026-03-01 12:37:00,-4.60,-0.90,1.54,191.03,18.18,4.93,0.22,390.5,36722
2026-03-01 12:38:00,-4.58,-0.74,1.62,189.22,19.20,4.91,0.39,415.3,108877
2026-03-01 12:39:00,-4.64,-0.50,1.28,186.20,15.35,4.84,0.41,423.1,127805
2026-03-01 12:40:00,-4.63,-0.65,1.21,188.03,14.48,4.83,0.49,421.8,95684
2026-03-01 12:41:00,-4.49,-1.08,1.40,193.58,16.83,4.82,0.65,433.7,99493
2026-03-01 12:42:00,-3.68,-1.87,1.92,206.96,24.87,4.56,0.37,420.4,100910
2026-03-01 12:43:00,-1.86,-2.65,0.99,234.88,16.94,3.39,1.62,403.6,50765
2026-03-01 12:44:00,-1.71,-1.34,2.86,218.02,52.78,3.59,0.72,383.9,27136
2026-03-01 12:45:00,-3.16,-2.36,2.27,216.75,29.89,4.55,0.23,377.6,23297
2026-03-01 12:46:00,-3.43,-2.16,2.19,212.19,28.42,4.61,0.36,408.0,83748
2026-03-01 12:47:00,-3.35,-2.12,2.29,212.40,30.04,4.58,0.35,421.0,110699
2026-03-01 12:48:00,-3.34,-2.53,1.54,217.05,20.17,4.46,0.37,419.5,102581
2026-03-01 12:49:00,-3.62,-1.07,2.28,196.55,31.17,4.41,0.31,412.2,60305
2026-03-01 12:50:00,-2.19,-2.81,-0.78,232.03,-12.40,3.65,0.78,418.4,57508
2026-03-01 12:51:00,-2.38,-3.25,-0.18,233.76,-2.61,4.03,1.62,394.3,46230
2026-03-01 12:52:00,-1.69,-3.81,-0.06,246.09,-0.89,4.17,0.50,382.0,17601
2026-03-01 12:53:00,-1.56,-3.56,0.96,246.29,13.86,4.00,1.40,389.1,31061
2026-03-01 12:54:00,-2.46,-3.36,0.75,233.77,10.20,4.23,0.47,398.8,28167
2026-03-01 12:55:00,-2.25,-3.65,-0.07,238.37,-0.97,4.29,0.49,393.7,47935
2026-03-01 12:56:00,-2.92,-3.16,-0.63,227.28,-8.36,4.35,0.78,393.4,32385
2026-03-01 12:57:00,-2.39,-3.35,-1.00,234.48,-13.69,4.24,1.22,403.5,37464
2026-03-01 12:58:00,-2.53,-3.11,-1.44,230.86,-19.78,4.26,1.38,400.2,34139
2026-03-01 12:59:00,-2.63,-3.20,-1.36,230.61,-18.19,4.36,1.11,388.4,17776
2026-03-01 13:00:00,-3.16,-2.74,-1.07,220.92,-14.33,4.31,1.50,408.9,37417
2026-03-01 13:01:00,-3.11,-2.67,-1.13,220.64,-15.46,4.25,1.82,412.4,38166
2026-03-01 13:02:00,-1.93,-2.80,-1.97,235.43,-30.09,3.94,2.77,408.0,53324
2026-03-01 13:03:00,-1.86,-2.60,-1.79,234.49,-29.28,3.67,2.83,394.3,44372
2026-03-01 13:04:00,-3.05,-2.51,-1.30,219.44,-18.26,4.15,2.24,391.6,30207
2026-03-01 13:05:00,-3.97,-1.74,-0.60,203.71,-7.85,4.38,1.98,406.6,38017
2026-03-01 13:06:00,-3.64,-0.92,-0.95,194.24,-14.18,3.87,1.72,410.1,36440
2026-03-01 13:07:00,-3.37,-0.90,-1.17,195.03,-18.54,3.68,1.76,405.5,43819
2026-03-01 13:08:00,-3.72,-1.14,-0.98,197.03,-14.17,4.02,1.54,410.2,59983
2026-03-01 13:09:00,-3.39,-1.13,-1.45,198.48,-22.09,3.85,2.03,416.6,50546
2026-03-01 13:10:00,-3.41,-0.77,-1.84,192.72,-27.83,3.95,2.30,415.8,55140
2026-03-01 13:11:00,-3.68,-0.14,-1.61,182.24,-23.58,4.02,1.78,397.2,21116
2026-03-01 13:12:00,-4.04,-0.07,-1.07,181.01,-14.86,4.18,2.29,423.9,59218
2026-03-01 13:13:00,-3.87,-0.57,-1.24,188.42,-17.63,4.10,2.72,423.4,68422
2026-03-01 13:14:00,-3.73,-0.75,-1.52,191.42,-21.77,4.10,1.69,407.2,41145
2026-03-01 13:15:00,-3.81,-0.74,-1.64,191.05,-22.92,4.21,2.08,413.6,56002
2026-03-01 13:16:00,-3.77,-0.94,-1.80,193.98,-24.83,4.28,2.35,415.3,48968
2026-03-01 13:17:00,-3.68,-0.90,-1.98,193.67,-27.54,4.27,2.23,407.5,30910
2026-03-01 13:18:00,-2.72,-1.73,-2.23,212.44,-34.69,3.92,2.14,403.4,23851
2026-03-01 13:19:00,-2.14,-1.07,-1.77,206.45,-36.44,2.98,3.33,387.7,23819
2026-03-01 13:20:00,-2.49,-1.24,-2.31,206.52,-39.67,3.61,2.82,401.5,61274
2026-03-01 13:21:00,-2.52,-1.12,-2.25,204.08,-39.18,3.56,2.24,414.0,80871
2026-03-01 13:22:00,-2.74,-0.54,-2.36,191.14,-40.16,3.66,2.60,409.5,45066
2026-03-01 13:23:00,-3.05,-0.15,-2.52,182.74,-39.48,3.96,2.98,412.1,52497
2026-03-01 13:24:00,-3.74,1.08,-1.60,163.94,-22.34,4.20,2.17,407.1,35234
2026-03-01 13:25:00,-3.95,1.19,-1.24,163.23,-16.76,4.31,2.09,411.8,41101
2026-03-01 13:26:00,-4.06,1.11,-0.94,164.76,-12.54,4.31,1.10,388.6,
2026-03-01 13:27:00,-4.10,1.18,-0.83,163.94,-11.02,4.34,2.31,432.2,61483
2026-03-01 13:28:00,-4.16,1.65,-0.28,158.35,-3.64,4.48,2.83,429.3,61246
2026-03-01 13:29:00,-2.99,2.36,0.68,141.69,10.10,3.87,2.29,417.0,42901
2026-03-01 13:30:00,-4.01,0.45,-1.11,173.55,-15.38,4.19,1.60,401.2,24158
2026-03-01 13:31:00,-4.06,0.73,-0.61,169.88,-8.47,4.17,2.94,425.4,62006
2026-03-01 13:32:00,-4.37,1.11,-0.41,165.70,-5.16,4.53,2.62,423.1,50063
2026-03-01 13:33:00,-4.38,1.02,-0.04,166.88,-0.48,4.50,1.84,418.0,51164
2026-03-01 13:34:00,-4.08,1.70,-0.18,157.36,-2.32,4.42,1.60,418.8,62364
2026-03-01 13:35:00,-4.01,1.97,-0.25,153.79,-3.26,4.48,1.83,420.7,57460
2026-03-01 13:36:00,-3.75,2.38,0.09,147.56,1.17,4.44,2.17,420.4,46831
2026-03-01 13:37:00,-3.30,2.52,1.27,142.62,16.97,4.34,2.31,414.3,38696
2026-03-01 13:38:00,-3.58,2.48,0.56,145.29,7.28,4.39,2.18,411.2,42186
2026-03-01 13:39:00,-2.90,2.75,1.37,136.52,18.89,4.23,1.99,418.9,64438
2026-03-01 13:40:00,-2.98,2.44,1.91,140.71,26.32,4.30,1.79,412.0,51748
2026-03-01 13:41:00,-3.07,2.17,2.10,144.76,29.24,4.30,0.92,404.2,47649
2026-03-01 13:42:00,-3.23,1.95,2.17,148.88,29.95,4.35,0.86,401.7,46512
2026-03-01 13:43:00,-2.95,2.27,2.00,142.36,28.22,4.22,0.84,406.1,49701
2026-03-01 13:44:00,-1.97,-0.59,2.67,196.71,52.34,3.37,0.95,402.7,66907
2026-03-01 13:45:00,0.67,-2.00,0.60,288.43,15.77,2.19,1.52,389.2,30429
2026-03-01 13:46:00,1.53,-2.57,0.12,300.72,2.32,2.99,1.91,382.6,69331
2026-03-01 13:47:00,1.33,-2.85,0.52,295.10,9.43,3.19,1.07,382.9,104819
2026-03-01 13:48:00,1.68,-2.85,0.37,300.50,6.43,3.32,0.69,371.9,76600
2026-03-01 13:49:00,1.75,-3.01,0.46,300.15,7.62,3.51,0.59,361.9,81267
2026-03-01 13:50:00,1.82,-3.00,0.34,301.22,5.52,3.52,0.50,362.8,74513
2026-03-01 13:51:00,1.69,-3.11,0.70,298.49,11.25,3.61,0.45,365.6,62424
2026-03-01 13:52:00,1.95,-2.89,0.58,304.03,9.44,3.54,0.42,353.9,68152
2026-03-01 13:53:00,1.88,-2.95,0.45,302.51,7.41,3.53,0.47,356.9,84873
2026-03-01 13:54:00,2.03,-2.81,0.50,305.93,8.21,3.50,0.50,363.6,100874
2026-03-01 13:55:00,2.28,-2.57,0.45,311.59,7.51,3.46,0.43,363.5,78037
2026-03-01 13:56:00,2.49,-2.25,-0.11,317.89,-1.83,3.36,0.55,350.7,77528
2026-03-01 13:57:00,2.60,-2.24,-0.09,319.14,-1.47,3.43,0.75,349.7,69058
2026-03-01 13:58:00,2.65,-2.34,0.14,318.57,2.26,3.53,0.59,353.1,90206
2026-03-01 13:59:00,2.56,-2.42,-0.51,316.60,-8.25,3.55,0.62,348.3,75617
2026-03-01 14:00:00,2.46,-2.48,-0.64,314.73,-10.42,3.55,0.74,347.3,29679
2026-03-01 14:01:00,2.30,-2.61,-0.66,311.49,-10.69,3.54,0.85,355.5,47499
2026-03-01 14:02:00,2.24,-2.77,-0.21,308.90,-3.32,3.57,0.80,358.4,70394
2026-03-01 14:03:00,2.22,-2.80,-0.21,308.43,-3.38,3.58,0.50,360.2,78161
2026-03-01 14:04:00,1.63,-1.84,-1.83,311.62,-36.70,3.07,0.60,358.5,55212
2026-03-01 14:05:00,1.74,-1.17,-2.62,326.17,-51.27,3.35,1.90,355.9,34053
2026-03-01 14:06:00,2.01,-2.23,-1.89,312.07,-32.28,3.55,2.35,355.9,25774
2026-03-01 14:07:00,2.06,-2.38,-1.55,310.87,-26.22,3.51,1.74,353.6,22129
2026-03-01 14:08:00,2.18,-2.68,-1.05,309.06,-16.84,3.61,1.36,354.2,43775
2026-03-01 14:09:00,2.09,-2.75,-0.96,307.18,-15.56,3.59,1.28,357.5,64349
2026-03-01 14:10:00,2.17,-2.62,-1.17,309.63,-19.02,3.60,1.13,355.8,48963
2026-03-01 14:11:00,2.33,-2.43,-1.19,313.85,-19.43,3.57,1.22,355.2,45165
2026-03-01 14:12:00,2.38,-2.37,-1.06,315.15,-17.59,3.52,1.19,352.4,44817
2026-03-01 14:13:00,2.32,-2.35,-0.98,314.64,-16.43,3.45,1.30,350.3,41115
2026-03-01 14:14:00,2.72,-2.16,-0.85,321.62,-13.78,3.58,1.15,348.7,46348
2026-03-01 14:15:00,2.72,-2.11,-0.76,322.09,-12.51,3.53,1.09,345.6,44658
2026-03-01 14:16:00,2.60,-2.04,-0.82,321.93,-13.99,3.41,1.00,351.7,72077
2026-03-01 14:17:00,2.33,-2.18,-1.05,316.96,-18.22,3.36,2.36,354.5,30822
2026-03-01 14:18:00,2.38,-1.96,-1.40,320.49,-24.47,3.39,1.39,352.4,39793
2026-03-01 14:19:00,2.02,-2.43,-1.39,309.76,-23.74,3.45,1.39,353.1,41932
2026-03-01 14:20:00,1.70,-2.97,-0.94,299.80,-15.29,3.55,1.15,356.5,32760
2026-03-01 14:21:00,1.72,-2.95,-1.06,300.21,-17.26,3.57,1.12,359.3,34340
2026-03-01 14:22:00,1.15,-3.45,-0.28,288.41,-4.42,3.64,0.91,359.2,38290
2026-03-01 14:23:00,1.95,-1.70,-2.02,319.00,-38.03,3.28,1.37,355.6,44680
2026-03-01 14:24:00,1.81,-1.90,-2.06,313.56,-38.15,3.34,1.97,352.9,49888
2026-03-01 14:27:00,2.27,-2.21,-0.85,315.66,-15.01,3.28,0.95,344.4,44837
2026-03-01 14:28:00,2.57,-1.73,-1.19,326.16,-21.03,3.32,1.01,353.7,54723
2026-03-01 14:29:00,2.43,-1.87,-1.40,322.41,-24.60,3.37,1.92,348.3,52981
2026-03-01 14:30:00,2.13,-2.37,-1.28,311.99,-21.88,3.43,1.50,344.2,40174
2026-03-01 14:31:00,2.03,-2.26,-1.43,311.93,-25.22,3.36,1.69,344.8,41146
2026-03-01 14:32:00,2.30,-1.76,-1.52,322.52,-27.64,3.27,1.60,348.3,45234
2026-03-01 14:33:00,1.82,-2.31,-1.31,308.24,-24.02,3.23,1.65,346.5,47206
2026-03-01 14:34:00,1.93,-2.27,-1.52,310.32,-27.02,3.34,1.25,342.7,21651
2026-03-01 14:35:00,1.98,-2.27,-1.37,311.10,-24.41,3.31,1.45,352.3,54154
2026-03-01 14:36:00,2.23,-1.96,-1.50,318.67,-26.71,3.33,1.57,352.9,57606
2026-03-01 14:37:00,2.24,-1.92,-1.47,319.49,-26.44,3.29,1.65,351.5,44735
2026-03-01 14:38:00,2.24,-1.96,-1.36,318.91,-24.58,3.27,1.54,350.9,39112
2026-03-01 14:39:00,2.23,-2.15,-1.15,316.02,-20.37,3.30,1.40,350.5,44878
2026-03-01 14:40:00,2.02,-2.39,-1.00,310.27,-17.73,3.29,1.31,350.1,48802
2026-03-01 14:41:00,1.20,-3.13,-1.02,291.05,-16.98,3.50,1.35,351.1,42230
2026-03-01 14:42:00,1.49,-2.89,-1.17,297.34,-19.72,3.45,1.51,356.2,39270
2026-03-01 14:43:00,0.43,-3.66,-0.66,276.70,-10.21,3.75,1.44,364.2,42370
2026-03-01 14:44:00,0.46,-3.62,-0.93,277.32,-14.34,3.76,1.15,367.7,24375
2026-03-01 14:45:00,0.97,-3.33,-0.96,286.31,-15.54,3.60,1.43,363.4,33247
2026-03-01 14:46:00,1.18,-3.25,-0.96,289.95,-15.49,3.59,1.20,357.7,30499
2026-03-01 14:47:00,1.28,-3.10,-1.23,292.37,-20.16,3.57,1.42,359.4,35012
2026-03-01 14:48:00,1.45,-2.78,-1.55,297.56,-26.31,3.50,1.43,356.1,30738
2026-03-01 14:49:00,1.33,-2.65,-1.85,296.64,-32.00,3.49,1.66,357.1,28635
2026-03-01 14:50:00,1.24,-2.63,-1.92,295.29,-33.41,3.48,2.35,362.0,37736
2026-03-01 14:51:00,1.42,-2.83,-1.37,296.72,-23.41,3.45,1.84,355.3,33506
2026-03-01 14:52:00,1.59,-2.77,-1.13,299.92,-19.50,3.39,1.68,354.7,37679
2026-03-01 14:53:00,1.58,-2.69,-1.22,300.44,-21.43,3.35,1.34,355.1,52297
2026-03-01 14:54:00,1.64,-2.56,-1.72,302.60,-29.57,3.49,1.92,355.1,51987
2026-03-01 14:55:00,1.78,-2.58,-1.43,304.53,-24.55,3.45,1.99,353.9,40804
2026-03-01 14:56:00,1.83,-2.61,-1.39,304.93,-23.55,3.48,1.56,353.0,37589
2026-03-01 14:57:00,1.84,-2.61,-1.35,305.16,-22.84,3.47,1.56,353.4,40772
2026-03-01 14:58:00,1.76,-2.71,-1.11,302.98,-19.03,3.42,1.36,353.0,47327
2026-03-01 14:59:00,1.98,-2.29,-1.45,310.88,-25.62,3.36,1.47,353.7,51385
2026-03-01 15:00:00,1.68,-2.25,-1.77,306.81,-32.17,3.32,1.75,353.7,54355
2026-03-01 15:01:00,1.75,-2.33,-1.75,306.87,-31.02,3.40,1.51,344.8,18848
2026-03-01 15:02:00,1.62,-2.26,-1.84,305.60,-33.51,3.34,2.27,356.6,59857
2026-03-01 15:03:00,1.75,-2.27,-1.87,307.73,-33.10,3.42,2.04,355.5,48369
2026-03-01 15:04:00,1.97,-2.26,-1.55,311.07,-27.40,3.37,2.09,354.1,42691
2026-03-01 15:05:00,1.91,-2.53,-1.52,307.01,-25.60,3.52,1.54,350.4,45239
2026-03-01 15:06:00,1.84,-2.54,-1.52,305.96,-25.91,3.49,1.64,352.7,48255
2026-03-01 15:07:00,1.80,-2.66,-1.40,304.06,-23.60,3.51,1.44,352.6,41203
2026-03-01 15:08:00,1.67,-2.82,-1.37,300.64,-22.68,3.55,1.20,346.0,30466
2026-03-01 15:09:00,1.45,-2.96,-1.14,296.06,-19.01,3.49,1.31,351.4,50505
2026-03-01 15:10:00,1.22,-3.21,-0.96,290.83,-15.53,3.57,1.33,358.7,63549
2026-03-01 15:11:00,1.31,-3.13,-0.86,292.68,-14.26,3.49,1.25,360.7,55467
2026-03-01 15:12:00,1.91,-2.32,-1.18,309.39,-21.49,3.23,1.44,356.9,43820
2026-03-01 15:13:00,1.94,-1.96,-2.04,314.68,-36.49,3.43,1.82,351.7,38636
2026-03-01 15:14:00,1.41,-2.40,-2.11,300.42,-37.23,3.50,2.07,352.9,37945
2026-03-01 15:15:00,1.78,-2.21,-2.10,308.77,-36.46,3.53,1.99,354.5,36073
2026-03-01 15:16:00,1.83,-2.30,-1.90,308.49,-32.97,3.50,1.44,349.1,33935
2026-03-01 15:17:00,1.86,-2.63,-1.46,305.37,-24.38,3.54,1.88,358.8,52690
2026-03-01 15:18:00,1.71,-1.15,-2.62,326.09,-51.81,3.33,1.21,351.1,42674
2026-03-01 15:19:00,0.83,-2.41,1.19,288.98,25.02,2.81,2.27,352.0,35868
2026-03-01 15:20:00,0.39,-3.19,1.79,276.98,29.10,3.67,0.73,363.9,37895
2026-03-01 15:21:00,0.20,-3.42,1.41,273.42,22.37,3.71,1.00,367.0,49073
2026-03-01 15:22:00,-0.18,-3.53,1.44,267.10,22.19,3.81,1.11,375.4,46578
2026-03-01 15:23:00,1.32,-3.18,0.34,292.54,5.72,3.46,0.89,368.1,43924
2026-03-01 15:24:00,1.42,-3.13,0.30,294.35,4.99,3.45,1.02,360.1,67016
2026-03-01 15:25:00,1.30,-3.21,0.49,292.02,8.01,3.50,0.92,360.5,67538
2026-03-01 15:26:00,1.15,-3.28,0.44,289.25,7.16,3.51,0.87,362.0,67087
2026-03-01 15:27:00,0.37,-3.38,1.10,276.18,17.84,3.57,0.68,359.2,44218
2026-03-01 15:28:00,0.59,-3.42,0.69,279.75,11.23,3.54,0.74,366.1,41702
2026-03-01 15:29:00,0.75,-3.26,1.17,282.95,19.20,3.55,1.04,374.9,57805
2026-03-01 15:30:00,0.97,-3.19,1.02,286.90,16.95,3.48,0.96,370.2,40937
2026-03-01 15:31:00,0.65,-3.43,0.28,280.80,4.59,3.51,1.12,359.8,34176
2026-03-01 15:32:00,0.57,-3.47,-0.15,279.40,-2.40,3.52,1.23,361.3,36764
2026-03-01 15:33:00,0.26,-3.57,-0.71,274.11,-11.20,3.65,1.66,368.0,45846
2026-03-01 15:34:00,0.33,-3.51,-0.60,275.38,-9.67,3.58,1.44,365.5,26947
2026-03-01 15:35:00,-0.15,-3.49,-1.04,267.49,-16.50,3.65,1.79,360.5,19755
2026-03-01 15:36:00,-0.53,-3.30,-1.54,260.81,-24.66,3.68,2.42,369.5,32589
2026-03-01 15:37:00,-1.00,-3.65,-0.61,254.66,-9.07,3.84,1.61,370.7,17413
2026-03-01 15:38:00,-0.66,-3.35,-1.63,258.86,-25.44,3.79,2.72,370.9,26023
2026-03-01 15:39:00,0.09,-3.61,-0.59,271.51,-9.23,3.65,2.33,368.2,20257
2026-03-01 15:40:00,0.41,-3.60,-0.36,276.52,-5.69,3.64,1.72,365.6,31841
2026-03-01 15:41:00,0.48,-3.47,-0.97,277.89,-15.39,3.64,1.51,364.7,28852
2026-03-01 15:42:00,0.35,-3.59,-0.92,275.61,-14.22,3.73,1.04,355.4,22380
2026-03-01 15:43:00,0.20,-3.64,-0.53,273.08,-8.25,3.69,1.43,360.5,26755
2026-03-01 15:44:00,0.38,-3.66,-0.18,275.91,-2.80,3.69,1.73,370.7,35279
2026-03-01 15:45:00,0.26,-3.47,-0.90,274.36,-14.50,3.59,1.28,368.5,31812
2026-03-01 15:46:00,-0.43,-3.59,-1.65,263.22,-24.54,3.98,1.59,366.9,18283
2026-03-01 15:47:00,-1.04,-3.54,-1.67,253.57,-24.32,4.05,2.41,367.8,17452
2026-03-01 15:48:00,-0.70,-3.36,-2.05,258.28,-30.90,4.00,2.91,370.4,27271
2026-03-01 15:49:00,-0.40,-3.34,-2.06,263.25,-31.42,3.95,3.04,371.3,30093
2026-03-01 15:50:00,-0.28,-3.30,-2.08,265.08,-32.16,3.91,1.71,360.2,
2026-03-01 15:51:00,-0.23,-3.26,-2.13,266.02,-33.09,3.90,2.99,370.7,24293
2026-03-01 15:52:00,-0.26,-2.84,-2.30,264.71,-38.91,3.66,2.85,367.5,22953
2026-03-01 15:53:00,-0.24,-3.06,-2.34,265.43,-37.30,3.86,2.84,364.9,25431
2026-03-01 15:54:00,-0.31,-3.20,-2.09,264.54,-33.01,3.83,2.86,365.1,18846
2026-03-01 15:55:00,0.12,-3.24,-1.84,272.09,-29.61,3.73,2.59,365.6,22463
2026-03-01 15:56:00,0.65,-3.26,-1.48,281.18,-23.98,3.64,2.10,360.6,25051
2026-03-01 15:57:00,0.55,-3.21,-1.62,279.74,-26.49,3.63,1.42,355.8,17943
2026-03-01 15:58:00,1.00,-2.79,-1.86,289.61,-32.02,3.50,2.14,359.9,35014
2026-03-01 16:00:00,1.25,-2.82,-1.49,293.89,-25.77,3.42,2.01,357.8,32498
2026-03-01 18:35:00,-0.60,-4.02,0.35,261.50,4.97,4.08,1.77,367.6,34392
2026-03-01 18:36:00,-0.67,-4.11,0.33,260.68,4.47,4.18,1.49,372.1,30854
2026-03-01 18:37:00,-0.84,-4.13,-0.06,258.47,-0.84,4.22,1.57,372.9,30773
2026-03-01 18:38:00,-0.35,-4.03,-0.57,265.01,-8.00,4.08,2.25,374.5,33545
2026-03-01 18:39:00,-0.14,-4.05,-0.58,268.02,-8.09,4.09,2.53,371.1,36566
2026-03-01 18:40:00,-0.38,-4.12,-0.68,264.75,-9.30,4.19,1.88,365.6,26126
2026-03-01 18:41:00,0.49,-3.89,-0.95,277.12,-13.65,4.03,1.95,365.3,29163
2026-03-01 18:42:00,0.18,-3.87,-1.28,272.72,-18.22,4.08,3.20,367.8,45688
2026-03-01 18:43:00,0.07,-4.05,-0.90,270.93,-12.52,4.14,3.15,370.1,22184
2026-03-01 18:44:00,1.08,-3.68,-0.84,286.29,-12.36,3.93,2.23,366.6,28486
2026-03-01 18:45:00,1.30,-3.71,-0.57,289.34,-8.28,3.98,1.66,355.4,35169
2026-03-01 18:46:00,1.60,-3.42,-0.99,295.12,-14.75,3.90,2.16,361.3,56732
2026-03-01 18:47:00,1.76,-3.25,-1.07,298.47,-16.09,3.85,2.37,354.1,46813
2026-03-01 18:48:00,1.83,-2.93,-1.64,301.98,-25.36,3.83,2.00,349.1,45679
2026-03-01 18:49:00,1.97,-2.44,-1.83,308.89,-30.20,3.63,1.99,349.0,45660
2026-03-01 18:50:00,1.69,-3.08,-1.45,298.78,-22.45,3.81,2.87,355.3,43944
2026-03-01 18:51:00,1.96,-2.88,-1.09,304.23,-17.44,3.65,2.23,355.0,57573
2026-03-01 18:52:00,1.97,-2.93,-0.91,303.97,-14.46,3.65,1.85,348.0,39760
2026-03-01 18:53:00,2.08,-3.06,-0.54,304.17,-8.25,3.74,2.35,355.0,68011
2026-03-01 18:54:00,2.20,-2.89,-0.78,307.27,-12.13,3.72,2.66,357.8,70464
2026-03-01 18:55:00,2.12,-3.04,-0.68,304.90,-10.38,3.77,2.40,356.3,57171
2026-03-01 18:56:00,2.20,-3.10,-0.52,305.44,-7.79,3.84,2.27,354.9,55686
2026-03-01 18:57:00,2.23,-3.02,-0.90,306.40,-13.49,3.86,2.43,354.2,59399
2026-03-01 18:58:00,2.20,-2.81,-1.22,308.11,-18.92,3.77,2.47,355.7,63374
2026-03-01 18:59:00,2.29,-2.67,-1.40,310.62,-21.61,3.79,2.50,352.4,49565
2026-03-01 19:00:00,2.27,-2.65,-1.25,310.58,-19.71,3.71,2.73,350.0,38473
2026-03-01 19:01:00,1.10,-4.15,-0.38,284.88,-5.10,4.31,3.25,360.5,76740
2026-03-01 19:02:00,1.35,-3.97,-0.29,288.76,-3.93,4.20,2.91,359.7,56919
2026-03-01 19:03:00,1.49,-3.89,-0.44,290.90,-5.98,4.19,2.01,356.1,44066
2026-03-01 19:04:00,1.71,-3.69,-0.25,294.86,-3.57,4.08,2.30,360.4,48435
2026-03-01 19:05:00,1.92,-3.66,-0.13,297.64,-1.85,4.13,1.90,355.5,50803
2026-03-01 19:06:00,1.45,-3.88,-0.66,290.46,-9.02,4.19,2.29,357.9,50430
2026-03-01 19:07:00,1.27,-4.06,-0.52,287.35,-6.94,4.29,1.58,349.4,31539
2026-03-01 19:08:00,1.43,-4.00,-0.58,289.71,-7.73,4.29,2.53,359.2,57049
2026-03-01 19:09:00,0.98,-4.15,-0.51,283.25,-6.78,4.29,2.71,360.7,53462
2026-03-01 19:10:00,0.15,-4.43,-0.38,272.00,-4.87,4.45,2.64,362.6,37612
2026-03-01 19:11:00,0.06,-4.43,-0.43,270.75,-5.51,4.45,2.57,366.0,25921
2026-03-01 19:12:00,0.53,-4.25,-0.60,277.14,-7.95,4.32,2.72,364.6,26564
2026-03-01 19:13:00,0.55,-4.24,-0.70,277.45,-9.26,4.33,2.76,362.4,30559
2026-03-01 19:14:00,1.04,-4.18,-0.45,284.03,-6.01,4.33,2.26,361.1,25031
2026-03-01 19:15:00,1.18,-3.88,-0.27,286.97,-3.75,4.07,2.29,358.8,32414
2026-03-01 19:16:00,0.96,-3.83,-0.43,284.14,-6.21,3.97,2.57,364.2,46051
2026-03-01 19:17:00,0.06,-3.98,-0.72,270.86,-10.27,4.04,2.73,363.0,38044
2026-03-01 19:18:00,0.18,-3.75,-1.28,272.75,-18.85,3.96,2.78,366.1,21901
2026-03-01 19:19:00,-0.26,-3.29,-1.67,265.55,-26.82,3.69,3.51,363.8,27967
2026-03-01 19:20:00,-0.56,-3.02,-1.89,259.45,-31.64,3.61,3.74,367.3,43614
2026-03-01 19:21:00,-0.07,-3.46,-1.98,268.89,-29.73,3.99,4.04,364.9,22686
2026-03-01 19:22:00,0.03,-3.67,-1.98,270.54,-28.26,4.17,4.07,364.7,20759
2026-03-01 19:23:00,0.57,-3.98,-1.26,278.16,-17.41,4.22,4.24,364.3,29539
2026-03-01 19:24:00,0.79,-4.10,-0.84,280.95,-11.42,4.26,3.21,373.6,35702
2026-03-01 19:25:00,1.22,-4.04,-0.97,286.80,-12.94,4.33,2.81,367.1,38430
2026-03-01 19:26:00,1.08,-4.13,-1.13,284.66,-14.77,4.41,1.96,352.2,27694
2026-03-01 19:27:00,1.19,-4.07,-1.17,286.36,-15.48,4.40,2.14,352.2,24708
2026-03-01 19:28:00,1.13,-4.11,-1.21,285.32,-15.81,4.43,3.05,359.1,33924
2026-03-01 19:29:00,1.39,-4.01,-0.88,289.10,-11.68,4.34,2.91,357.9,33913
2026-03-01 19:30:00,1.62,-3.87,-0.75,292.77,-10.13,4.26,2.54,356.7,32868
2026-03-01 19:31:00,1.61,-3.88,-0.81,292.46,-10.96,4.28,2.87,359.5,46528
2026-03-01 19:32:00,1.52,-3.92,-0.74,291.13,-9.99,4.27,2.61,356.0,34768
2026-03-01 19:33:00,1.59,-3.90,-0.72,292.17,-9.75,4.27,2.47,356.1,35366
2026-03-01 19:34:00,1.83,-3.79,-0.28,295.72,-3.75,4.22,1.84,343.6,15857
2026-03-01 19:35:00,1.59,-3.70,-0.62,293.18,-8.76,4.08,2.41,361.9,74018
2026-03-01 19:36:00,1.93,-2.63,0.08,306.28,1.38,3.26,2.75,360.6,56928
2026-03-01 19:37:00,1.76,-2.88,-0.43,301.45,-7.26,3.40,2.63,356.1,59755
2026-03-01 19:38:00,1.68,-2.87,-0.83,300.37,-14.02,3.43,2.58,354.5,44650
2026-03-01 19:39:00,1.45,-3.81,-0.46,290.85,-6.43,4.11,2.96,355.5,45588
2026-03-01 19:40:00,1.57,-3.66,-0.78,293.20,-11.13,4.06,2.51,356.5,42874
2026-03-01 19:41:00,1.08,-2.81,-1.02,291.04,-18.73,3.18,2.15,351.7,26233
2026-03-01 19:42:00,1.05,-2.76,-0.22,290.80,-4.20,2.96,2.63,359.4,58331
2026-03-01 19:43:00,0.84,-2.91,-0.55,286.17,-10.24,3.08,2.95,361.9,72608
2026-03-01 19:44:00,0.08,-2.98,-2.04,271.52,-34.36,3.61,3.41,358.3,49921
2026-03-01 19:45:00,-0.64,-2.84,-2.13,257.29,-36.13,3.61,3.62,359.4,28596
2026-03-01 19:46:00,-0.26,-3.14,-2.06,265.26,-33.13,3.77,3.76,362.3,22159
2026-03-01 19:47:00,-0.02,-2.75,-1.54,269.58,-29.32,3.15,5.13,367.5,42860
2026-03-01 19:48:00,-0.41,-1.96,-1.46,258.04,-36.08,2.47,3.62,359.2,38065
2026-03-01 19:49:00,-0.85,-1.62,-1.64,242.34,-41.89,2.46,2.89,354.2,30239
2026-03-01 19:50:00,-0.93,-1.22,-1.40,232.72,-42.32,2.08,5.23,371.2,63730
2026-03-01 19:51:00,-0.63,-1.54,-1.43,247.78,-40.70,2.19,4.50,365.5,40076
2026-03-01 19:52:00,-1.20,-1.49,-2.32,231.08,-50.49,3.00,5.12,361.6,31003
2026-03-01 19:53:00,-1.40,-1.15,-2.48,219.26,-53.77,3.07,3.00,355.8,22550
2026-03-01 19:54:00,-1.46,-1.36,-2.18,222.81,-47.48,2.95,5.96,370.1,48376
2026-03-01 19:55:00,-2.31,1.62,-1.60,144.93,-29.53,3.24,6.51,372.8,53066
2026-03-01 19:56:00,-2.03,1.51,-0.63,143.36,-13.98,2.61,2.95,363.7,24654
2026-03-01 19:57:00,-2.05,-1.21,-2.54,210.48,-46.78,3.48,4.82,370.7,31987
2026-03-01 19:58:00,-2.33,-1.58,-2.02,214.22,-35.68,3.46,5.65,374.3,31765
2026-03-01 19:59:00,-2.17,-0.35,-2.69,189.10,-50.76,3.47,5.34,372.0,26238
2026-03-01 20:00:00,-2.01,0.01,-2.79,179.59,-54.21,3.45,3.73,363.9,19669
2026-03-01 20:01:00,-1.96,0.21,-2.86,173.94,-55.50,3.47,3.90,365.1,26693
2026-03-01 20:02:00,-2.12,0.55,-2.61,165.55,-50.09,3.41,6.54,376.6,39510
2026-03-01 20:03:00,-2.71,-1.17,-2.13,203.30,-35.88,3.64,5.43,372.4,25566
2026-03-01 20:04:00,-2.34,-1.33,-2.26,209.57,-40.06,3.52,5.30,375.1,27998
2026-03-01 20:05:00,-1.90,-2.45,-1.56,232.15,-26.69,3.47,6.25,373.9,30868
2026-03-01 20:06:00,-1.87,-2.82,-1.32,236.42,-21.27,3.64,5.50,372.1,25133
2026-03-01 20:07:00,-2.19,-2.69,-1.16,230.84,-18.52,3.66,5.08,369.5,23630
2026-03-01 20:08:00,-2.49,-2.50,-1.24,225.08,-19.39,3.74,2.10,358.4,10941
2026-03-01 20:09:00,-2.60,-2.58,-1.05,224.82,-16.06,3.81,6.01,379.4,47124
2026-03-01 20:10:00,-2.70,-1.58,-0.61,210.31,-11.06,3.18,5.83,378.8,43210
2026-03-01 20:11:00,-2.32,-2.53,0.43,227.42,7.18,3.46,5.00,373.7,37671
2026-03-01 20:12:00,-1.40,-2.89,1.24,244.06,21.18,3.44,3.95,369.1,39358
2026-03-01 20:13:00,-1.20,0.32,-2.56,164.87,-64.12,2.85,4.74,367.5,29931
2026-03-01 20:14:00,-1.12,-0.86,-2.86,217.38,-63.65,3.19,4.17,364.8,24693
2026-03-01 20:15:00,-1.45,-0.84,-2.73,210.11,-58.47,3.20,4.24,366.0,26246
2026-03-01 20:16:00,-1.87,-1.37,-2.37,216.21,-45.69,3.31,6.00,372.9,34610
2026-03-01 20:17:00,-1.46,-1.16,-2.84,218.56,-56.69,3.40,6.05,374.0,43657
2026-03-01 20:18:00,-1.57,-1.88,-2.60,230.15,-46.71,3.57,4.70,366.9,36611
2026-03-01 20:19:00,-0.69,-2.33,-2.15,253.51,-41.53,3.24,5.18,364.9,20862
2026-03-01 20:20:00,-0.02,-3.12,-1.40,269.55,-24.17,3.42,4.57,366.6,26208
2026-03-01 20:21:00,-0.65,-3.38,-1.38,259.05,-21.82,3.70,5.29,370.6,43883
2026-03-01 20:22:00,-0.53,-3.44,-1.38,261.24,-21.62,3.74,4.29,363.9,24347
2026-03-01 20:23:00,-0.31,-3.42,-1.41,264.84,-22.37,3.72,3.90,355.3,13463
2026-03-01 20:24:00,-0.27,-3.23,-1.70,265.25,-27.67,3.66,5.13,365.2,33752
2026-03-01 20:25:00,0.14,-2.45,-2.49,273.35,-45.48,3.50,5.51,362.4,23887
2026-03-01 20:26:00,0.25,-1.78,-2.90,278.01,-58.22,3.42,5.50,358.4,23351
2026-03-01 20:27:00,-0.07,-0.95,-3.12,265.88,-72.93,3.26,5.97,357.2,25037
2026-03-01 20:28:00,-0.66,-2.29,-2.45,254.01,-45.87,3.41,6.10,357.1,25484
2026-03-01 20:29:00,-0.72,-2.97,-2.07,256.39,-34.10,3.69,4.62,365.9,19045
2026-03-01 20:30:00,-0.07,-2.77,-2.30,268.64,-39.75,3.60,5.60,362.2,20895
2026-03-01 20:31:00,-0.20,-2.50,-2.67,265.47,-46.73,3.66,5.98,358.3,25805
2026-03-01 20:32:00,-0.14,-2.05,-3.03,266.19,-55.84,3.66,5.86,357.7,24808
2026-03-01 20:33:00,-0.13,-2.57,-2.26,267.20,-41.21,3.43,5.57,359.9,20974
2026-03-01 20:34:00,-0.93,-3.02,-2.02,252.89,-32.62,3.75,4.36,359.6,23366
2026-03-01 20:35:00,-0.89,-1.90,-3.13,245.00,-56.16,3.76,4.07,359.0,41176
2026-03-01 20:36:00,-0.90,-1.45,-3.28,238.12,-62.46,3.70,5.90,372.5,40777
2026-03-01 20:37:00,-0.23,-1.51,-3.24,261.31,-64.79,3.59,6.92,365.6,36996
2026-03-01 20:38:00,-0.13,-1.76,-3.17,265.74,-60.86,3.63,5.84,357.2,21925
2026-03-01 20:39:00,0.34,-1.45,-3.05,283.41,-64.00,3.39,6.31,357.8,24213
2026-03-01 20:40:00,-0.50,-1.61,-3.24,252.82,-62.46,3.65,5.08,351.2,28085
2026-03-01 20:41:00,-0.66,-1.55,-3.33,246.97,-63.17,3.73,5.13,360.1,18947
2026-03-01 20:42:00,-0.53,-2.19,-2.89,256.29,-52.10,3.66,2.23,349.7,11596
2026-03-01 20:43:00,-0.89,-2.34,-2.81,249.19,-48.26,3.76,5.02,361.6,24955
2026-03-01 20:44:00,-1.21,-2.57,-2.57,244.81,-42.19,3.83,6.10,366.5,27818
2026-03-01 20:45:00,-1.20,-2.30,-2.73,242.43,-46.40,3.77,6.05,365.9,24061
2026-03-01 20:46:00,-1.47,-2.44,-2.43,238.92,-40.47,3.75,5.56,364.9,19722
2026-03-01 20:47:00,-1.58,-2.50,-2.30,237.80,-37.82,3.74,5.59,366.0,22236
2026-03-01 20:48:00,-1.36,-2.52,-2.53,241.60,-41.40,3.82,5.48,367.1,27110
2026-03-01 20:49:00,-0.75,-2.28,-2.79,251.80,-49.37,3.68,3.91,360.9,21375
2026-03-01 20:50:00,-1.37,-2.57,-2.67,241.88,-42.46,3.95,3.67,357.8,18610
2026-03-01 20:51:00,-1.52,-2.51,-2.71,238.71,-42.68,3.99,6.65,370.3,32369
2026-03-01 20:52:00,-1.41,-2.50,-2.57,240.69,-41.87,3.86,6.03,365.6,22066
2026-03-01 20:53:00,-1.50,-2.48,-2.39,238.81,-39.47,3.76,5.56,365.5,23288
2026-03-01 20:54:00,-1.54,-2.67,-2.31,240.04,-36.77,3.85,3.66,357.9,14802
2026-03-01 20:55:00,-1.55,-2.59,-2.16,239.04,-35.58,3.71,7.39,373.4,48396
2026-03-01 20:56:00,-2.05,-2.16,-1.41,226.52,-25.31,3.29,4.70,365.6,19172
2026-03-01 20:57:00,-2.79,-2.21,-0.73,218.48,-11.57,3.63,2.72,359.7,20080
2026-03-01 20:58:00,-2.68,-2.89,-0.74,227.18,-10.66,4.01,5.15,372.2,58576
2026-03-01 20:59:00,-2.82,-3.10,-1.08,227.67,-14.46,4.32,5.27,368.0,32263
2026-03-01 21:00:00,-2.52,-3.29,-0.99,232.58,-13.46,4.26,4.98,367.0,27277
2026-03-01 21:01:00,-3.07,-3.32,-0.76,227.28,-9.50,4.59,4.90,367.4,28923
2026-03-01 21:02:00,-3.17,-3.29,-0.70,226.12,-8.76,4.62,2.98,361.9,17628
2026-03-01 21:03:00,-3.51,-3.11,-0.45,221.59,-5.52,4.71,3.62,364.4,21258
2026-03-01 21:04:00,-3.81,-2.96,0.13,217.87,1.59,4.83,4.01,365.8,25673
2026-03-01 21:05:00,-3.95,-2.76,0.66,214.91,7.77,4.86,3.88,366.3,32626
2026-03-01 21:06:00,-3.96,-2.71,0.86,214.36,10.19,4.87,4.09,368.0,36272
2026-03-01 21:07:00,-4.06,-2.65,0.98,213.14,11.43,4.94,3.83,365.5,24309
2026-03-01 21:08:00,-4.03,-2.68,1.19,213.63,13.83,4.98,2.82,361.1,24251
2026-03-01 21:09:00,-3.69,-3.02,1.13,219.25,13.38,4.90,2.08,345.8,
2026-03-01 21:11:00,-3.94,-2.65,1.36,213.97,15.98,4.94,3.88,379.9,194073
2026-03-01 21:12:00,-3.89,-2.54,1.60,213.14,19.01,4.91,3.21,367.1,38350
2026-03-01 21:13:00,-3.76,-2.43,1.88,212.94,22.78,4.85,3.20,366.9,35710
2026-03-01 21:14:00,-3.71,-2.18,2.21,210.39,27.16,4.84,2.34,357.5,33615
2026-03-01 21:15:00,-3.87,-2.44,1.94,212.19,23.01,4.97,2.30,359.7,35856
2026-03-01 21:16:00,-3.74,-2.60,1.93,214.81,22.98,4.95,1.26,348.7,24445
2026-03-01 21:17:00,-3.58,-2.60,2.15,216.00,25.90,4.92,1.94,358.0,46396
2026-03-01 21:18:00,-3.68,-2.43,2.18,213.52,26.36,4.92,3.03,365.0,61372
2026-03-01 21:19:00,-3.35,-2.70,2.28,218.85,27.97,4.87,2.93,362.7,45475
2026-03-01 21:20:00,-2.73,-3.09,2.35,228.54,29.62,4.75,2.36,358.4,30376
2026-03-01 21:21:00,-3.56,-2.48,2.14,214.79,26.27,4.84,2.25,355.5,32840
2026-03-01 21:22:00,-3.39,-2.54,2.17,216.83,27.14,4.75,2.38,357.2,36713
2026-03-01 21:23:00,-3.91,-1.16,2.75,196.52,34.03,4.92,2.49,360.3,37105
2026-03-01 21:24:00,-3.53,-1.84,2.71,207.46,34.20,4.82,2.61,361.2,41160
2026-03-01 21:25:00,-3.77,-1.43,2.72,200.82,33.99,4.86,3.05,365.5,57928
2026-03-01 21:26:00,-3.97,-1.11,2.54,195.55,31.64,4.84,2.62,361.5,34894
2026-03-01 21:27:00,-4.17,-0.60,2.44,188.21,30.05,4.86,2.37,357.0,40319
2026-03-01 21:28:00,-3.86,-1.00,2.67,194.46,33.84,4.80,1.96,355.6,31054
2026-03-01 21:29:00,-3.76,-0.56,2.85,188.48,36.87,4.75,2.93,363.8,44511
2026-03-01 21:30:00,-3.92,-0.41,2.69,185.95,34.31,4.77,2.69,363.2,39504
2026-03-01 21:31:00,-3.86,0.14,2.91,177.89,37.00,4.84,2.21,352.8,31890
2026-03-01 21:32:00,-3.89,0.22,2.75,176.72,35.26,4.77,2.77,361.0,46168
2026-03-01 21:33:00,-3.79,-1.32,2.28,199.20,29.62,4.61,3.06,363.8,46662
2026-03-01 21:34:00,-3.23,-2.02,2.52,212.05,33.52,4.57,3.07,362.9,43505
2026-03-01 21:35:00,-3.36,-1.59,2.94,205.39,38.29,4.74,2.98,355.7,45404
2026-03-01 21:36:00,-3.59,-2.35,2.67,213.16,31.87,5.05,3.08,360.1,41452
2026-03-01 21:37:00,-3.62,-2.31,2.67,212.49,31.83,5.06,3.23,364.3,34470
2026-03-01 21:38:00,-3.79,-1.75,2.73,204.76,33.17,4.99,3.15,360.7,29340
2026-03-01 21:39:00,-3.74,-2.29,2.62,211.50,30.88,5.11,3.02,358.7,25862
2026-03-01 21:40:00,-3.47,-2.48,2.71,215.56,32.40,5.06,3.40,362.9,28048
2026-03-01 21:41:00,-3.22,-2.89,2.54,221.92,30.43,5.01,3.32,362.0,34661
2026-03-01 21:42:00,-2.58,-3.52,2.16,233.73,26.35,4.87,2.76,362.4,23488
2026-03-01 21:43:00,-1.74,-4.07,1.67,246.78,20.68,4.73,2.54,352.1,22495
2026-03-01 21:44:00,-1.02,-4.32,0.97,256.68,12.32,4.55,3.65,357.2,32013
2026-03-01 21:45:00,-1.21,-4.21,1.58,253.92,19.82,4.65,3.66,360.6,29352
2026-03-01 21:46:00,-3.00,-2.81,2.52,223.19,31.50,4.82,3.54,354.7,28266
2026-03-01 21:47:00,-2.35,-3.31,2.48,234.58,31.37,4.76,3.11,356.7,34140
2026-03-01 21:48:00,-1.39,-4.44,1.53,252.62,18.19,4.90,3.39,363.8,37061
2026-03-01 21:49:00,-1.47,-4.37,1.84,251.42,21.77,4.97,3.18,361.0,29873
2026-03-01 21:50:00,-1.60,-4.45,1.59,250.22,18.53,4.99,1.83,351.5,19955
2026-03-01 21:51:00,-1.69,-4.46,1.76,249.26,20.25,5.08,2.05,354.3,20120
2026-03-01 21:52:00,-1.83,-3.94,2.17,245.11,26.53,4.85,3.33,362.1,31169
2026-03-01 21:53:00,-2.54,-2.97,2.99,229.51,37.38,4.92,3.52,362.4,35347
2026-03-01 21:54:00,-2.14,-4.15,2.09,242.74,24.10,5.12,3.19,361.6,27367
2026-03-01 21:55:00,-2.22,-4.21,1.88,242.19,21.55,5.12,3.15,362.6,25373
2026-03-01 21:56:00,-1.99,-4.43,1.44,245.83,16.56,5.07,3.34,363.1,24963
2026-03-01 21:57:00,-2.04,-4.40,1.52,245.12,17.42,5.09,3.01,360.7,23558
2026-03-01 21:58:00,-1.16,-4.49,0.68,255.54,8.38,4.69,2.34,355.2,18047
2026-03-01 22:00:00,-1.62,-4.35,1.61,249.55,19.11,4.91,3.57,360.0,24803
2026-03-01 22:41:00,0.79,-4.27,-0.93,280.55,-12.09,4.44,5.67,354.3,30777
2026-03-02 02:00:00,-3.48,-0.05,4.48,180.90,52.15,5.68,4.90,349.2,26466
2026-03-02 02:12:00,-3.41,4.01,2.81,130.41,28.09,5.97,6.04,347.5,26286
2026-03-02 02:13:00,-3.13,4.38,2.23,125.55,22.52,5.83,6.04,347.7,26462
2026-03-02 02:14:00,-3.48,4.20,2.02,129.64,20.35,5.82,5.94,349.0,27709
2026-03-02 02:15:00,-3.60,4.27,1.62,130.11,16.12,5.82,5.19,348.1,26143
2026-03-02 02:16:00,-3.46,4.34,1.72,128.57,17.16,5.82,5.76,347.0,30175
2026-03-02 02:17:00,-4.39,3.96,0.36,137.95,3.51,5.93,3.97,344.3,38876
2026-03-02 02:18:00,-3.00,4.77,0.12,122.21,1.20,5.64,2.95,338.4,35785
2026-03-02 02:19:00,-3.41,4.61,-0.32,126.43,-3.22,5.74,3.19,343.3,40576
2026-03-02 02:20:00,-3.68,4.31,-0.88,130.45,-8.81,5.73,2.69,345.5,37020
2026-03-02 02:21:00,-3.82,3.50,-2.02,137.50,-21.27,5.56,2.58,345.4,45320
2026-03-02 02:22:00,-3.74,2.48,-3.18,146.45,-35.35,5.51,1.90,348.0,48195
2026-03-02 02:23:00,-4.54,2.76,-2.11,148.69,-21.61,5.71,1.72,345.7,56017
2026-03-02 02:24:00,-4.52,2.93,-2.07,147.04,-20.99,5.77,2.14,341.2,63743
2026-03-02 02:25:00,-4.88,2.30,-2.18,154.73,-21.99,5.82,2.18,340.5,67967
2026-03-02 02:26:00,-4.97,0.96,-2.71,169.12,-28.20,5.74,2.03,339.4,73306
2026-03-02 02:27:00,-4.86,0.09,-3.04,178.93,-32.06,5.73,1.86,338.7,64637
2026-03-02 02:28:00,-4.74,-0.40,-3.37,184.79,-35.33,5.83,1.64,340.1,64177
2026-03-02 02:29:00,-5.09,-0.52,-2.97,185.86,-30.09,5.92,1.53,335.9,57382
2026-03-02 02:30:00,-5.21,-0.55,-2.79,186.02,-28.08,5.94,1.49,332.0,52771
2026-03-02 02:31:00,-5.18,-1.40,-2.37,195.14,-23.85,5.87,1.56,333.2,44641
2026-03-02 02:32:00,-5.14,-2.02,-2.07,201.45,-20.55,5.90,1.56,,
2026-03-02 02:33:00,-5.31,-1.84,-1.84,199.14,-18.08,5.92,1.80,335.6,48538
2026-03-02 02:34:00,-5.46,-2.06,-1.47,200.69,-14.10,6.02,2.10,335.7,40036
2026-03-02 02:35:00,-5.41,-2.25,-1.11,202.54,-10.74,5.96,3.00,330.5,38810
2026-03-02 02:36:00,-5.47,-2.49,-0.81,204.49,-7.68,6.07,3.29,329.8,39694
2026-03-02 02:37:00,-5.34,-2.85,-0.59,208.09,-5.57,6.09,3.23,333.7,34463
2026-03-02 02:38:00,-5.31,-2.94,-0.47,208.94,-4.40,6.09,3.26,336.1,30572
2026-03-02 02:39:00,-5.19,-3.08,-0.34,210.71,-3.27,6.04,3.45,335.9,29891
2026-03-02 02:40:00,-4.90,-3.21,0.65,213.24,6.33,5.90,3.91,337.4,30507
2026-03-02 02:41:00,-4.85,-3.42,0.95,215.18,9.09,6.00,4.32,338.7,29689
2026-03-02 02:42:00,-4.57,-3.78,0.86,219.60,8.25,6.00,4.52,338.5,29029
2026-03-02 02:43:00,-4.32,-3.76,0.96,221.02,9.51,5.81,4.86,341.6,32313
2026-03-02 02:44:00,-4.26,-3.73,1.50,221.21,14.79,5.86,4.51,341.5,29777
2026-03-02 02:45:00,-4.13,-3.91,1.37,223.39,13.56,5.85,4.24,342.6,30242
2026-03-02 02:46:00,-4.08,-4.11,0.55,225.17,5.44,5.82,5.88,343.5,28447
2026-03-02 02:47:00,-4.20,-3.78,1.41,221.98,14.02,5.82,5.76,346.7,22790
2026-03-02 02:48:00,-4.03,-3.62,1.51,221.93,15.52,5.63,5.56,345.6,30338
2026-03-02 02:49:00,-3.51,-4.21,1.21,230.24,12.45,5.61,5.52,349.2,28287
2026-03-02 02:50:00,-3.16,-4.00,1.94,231.73,20.88,5.46,5.83,354.5,32183
2026-03-02 02:51:00,-3.65,-3.95,1.95,227.22,19.89,5.72,5.68,349.7,35036
2026-03-02 02:52:00,-3.61,-4.17,1.77,229.18,17.83,5.79,5.89,350.9,30024
2026-03-02 02:53:00,-3.46,-3.97,2.31,228.88,23.71,5.75,6.46,353.4,25167
2026-03-02 02:54:00,-3.97,-4.15,0.03,226.25,0.34,5.74,5.59,350.9,25811
2026-03-02 02:55:00,-4.23,-4.32,-0.27,225.66,-2.56,6.05,4.24,347.6,32014
2026-03-02 02:56:00,-4.27,-4.25,-0.19,224.91,-1.83,6.03,3.32,346.6,34392
2026-03-02 02:57:00,-3.84,-4.14,0.49,227.10,4.98,5.67,3.39,345.7,32984
2026-03-02 02:58:00,-3.13,-4.38,1.52,234.47,15.73,5.60,4.61,346.4,30658
2026-03-02 02:59:00,-4.14,-3.95,-1.04,223.65,-10.32,5.82,4.68,349.5,26960
2026-03-02 03:00:00,-4.17,-3.49,-1.68,219.98,-17.19,5.69,2.96,345.4,41695
2026-03-02 03:01:00,-4.46,-3.40,-1.20,217.37,-12.09,5.74,2.37,346.7,40220
2026-03-02 03:02:00,-4.52,-3.18,-1.25,215.11,-12.74,5.67,3.35,340.1,49137
2026-03-02 03:03:00,-4.51,-3.50,-0.29,217.78,-2.95,5.71,2.25,340.8,64413
2026-03-02 03:04:00,-3.99,-3.76,-0.91,223.30,-9.46,5.55,2.94,347.9,28449
2026-03-02 03:05:00,-4.09,-4.04,-0.95,224.66,-9.33,5.83,2.96,348.1,27840
2026-03-02 03:06:00,-4.09,-4.29,-0.94,226.39,-9.00,6.00,3.10,347.4,39703
2026-03-02 03:07:00,-4.09,-3.70,-0.97,222.13,-9.99,5.60,3.39,346.1,36581
2026-03-02 03:08:00,-3.59,-4.12,-0.57,228.95,-5.99,5.49,3.65,347.0,32647
2026-03-02 03:09:00,-3.98,-4.07,0.30,225.61,2.99,5.70,4.38,344.2,34153
2026-03-02 03:10:00,-4.15,-3.83,1.27,222.72,12.64,5.79,5.05,341.0,33866
2026-03-02 03:11:00,-2.33,-2.88,3.63,231.01,44.41,5.18,4.80,343.8,30243
2026-03-02 03:12:00,-2.08,-3.32,3.70,237.98,43.32,5.39,4.78,348.9,25424
2026-03-02 03:13:00,-2.28,-3.51,3.54,236.95,40.16,5.48,5.26,350.4,22356
2026-03-02 03:14:00,-2.52,-3.34,3.40,232.99,39.06,5.39,5.13,349.7,22472
2026-03-02 03:15:00,-3.85,-3.93,0.34,225.59,3.50,5.51,4.86,347.9,25566
2026-03-02 03:16:00,-4.18,-3.51,-1.72,220.03,-17.48,5.72,4.32,343.1,36957
2026-03-02 03:17:00,-4.17,-3.99,-1.15,223.74,-11.28,5.89,2.99,342.9,43253
2026-03-02 03:18:00,-4.04,-4.13,-0.67,225.63,-6.62,5.81,3.37,345.9,33652
2026-03-02 03:19:00,-3.96,-4.17,-0.01,226.50,-0.12,5.76,3.26,346.5,30414
2026-03-02 03:20:00,-4.27,-4.05,-0.15,223.46,-1.42,5.89,4.39,346.9,29258
2026-03-02 03:21:00,-4.59,-3.79,-0.72,219.60,-6.94,6.00,3.36,343.7,35219
2026-03-02 03:22:00,-4.41,-3.71,-0.85,220.06,-8.37,5.82,2.91,339.4,33795
2026-03-02 03:23:00,-4.25,-2.96,-2.33,214.78,-24.25,5.68,1.42,352.8,56328
2026-03-02 03:24:00,-4.26,-2.44,-2.91,209.81,-30.64,5.71,1.77,344.8,64264
2026-03-02 03:25:00,-4.20,-2.37,-3.05,209.48,-32.36,5.71,1.43,349.0,66184
2026-03-02 03:26:00,-4.40,-3.44,-1.48,218.04,-14.89,5.78,1.62,352.1,52935
2026-03-02 03:27:00,-4.18,-4.02,-0.33,223.87,-3.25,5.80,2.45,348.9,36926
2026-03-02 03:28:00,-4.60,-3.56,-0.78,217.74,-7.63,5.86,3.00,340.9,39043
2026-03-02 03:29:00,-4.65,-3.68,-0.33,218.35,-3.18,5.94,2.98,334.4,46708
2026-03-02 03:30:00,-4.87,-3.33,-0.40,214.32,-3.88,5.92,2.13,339.5,46203
2026-03-02 03:31:00,-4.73,-3.56,-0.40,216.95,-3.89,5.93,1.30,344.5,51227
2026-03-02 03:32:00,-4.70,-3.57,-0.24,217.22,-2.29,5.91,2.39,337.3,48001
2026-03-02 03:33:00,-4.93,-2.94,-0.96,210.84,-9.53,5.82,2.39,340.9,40730
2026-03-02 03:34:00,-4.83,-3.03,-0.87,212.13,-8.71,5.77,1.24,347.7,65185
2026-03-02 03:35:00,-4.88,-3.04,-0.37,211.91,-3.69,5.76,1.61,352.9,43089
2026-03-02 03:36:00,-5.04,-2.70,-0.97,208.13,-9.64,5.80,2.78,335.5,62896
2026-03-02 03:37:00,-4.95,-2.44,-1.79,206.28,-17.98,5.80,1.89,345.2,70738
2026-03-02 03:38:00,-5.00,-2.63,-1.35,207.71,-13.45,5.81,1.81,346.1,71421
2026-03-02 03:39:00,-5.03,-2.73,-1.21,208.50,-11.92,5.85,1.80,345.6,68780
2026-03-02 03:40:00,-5.08,-2.72,-0.58,208.16,-5.75,5.79,1.70,349.9,53894
2026-03-02 03:41:00,-5.31,-2.58,-0.39,205.88,-3.82,5.92,1.71,351.3,40496
2026-03-02 03:42:00,-5.27,-2.61,0.14,206.34,1.34,5.88,2.33,345.2,42225
2026-03-02 03:43:00,-5.53,-2.25,-0.03,202.18,-0.26,5.97,2.75,338.4,56386
2026-03-02 03:44:00,-5.48,-2.13,0.12,201.27,1.15,5.88,2.73,335.6,65977
2026-03-02 03:45:00,-5.80,-1.26,1.23,192.29,11.70,6.06,2.67,336.6,61087
2026-03-02 03:46:00,-5.86,-1.08,1.20,190.43,11.40,6.08,2.52,339.0,52286
2026-03-02 03:47:00,-5.80,-1.98,0.52,198.87,4.82,6.15,2.29,340.1,50562
2026-03-02 03:48:00,-5.80,-2.01,0.27,199.11,2.49,6.14,2.04,343.5,51323
2026-03-02 03:49:00,-5.76,-2.19,0.08,200.79,0.78,6.16,1.58,344.9,60970
2026-03-02 03:50:00,-5.63,-2.40,-0.11,203.07,-1.03,6.12,1.14,355.1,51995
2026-03-02 03:51:00,-5.46,-2.65,-0.54,205.88,-5.10,6.09,2.59,336.6,64717
2026-03-02 03:52:00,-5.30,-2.74,-0.48,207.32,-4.57,5.99,1.87,344.3,57560
2026-03-02 03:53:00,-5.38,-2.68,-0.48,206.44,-4.52,6.03,1.66,348.2,46728
2026-03-02 03:54:00,-5.41,-2.56,0.22,205.28,2.09,5.99,1.21,355.6,48402
2026-03-02 03:55:00,-5.42,-2.83,-0.20,207.55,-1.89,6.11,1.33,350.9,51901
2026-03-02 03:56:00,-5.32,-3.03,0.19,209.62,1.75,6.13,1.81,350.0,40242
2026-03-02 03:57:00,-5.43,-2.60,0.09,205.57,0.89,6.02,1.89,345.9,47936
2026-03-02 03:58:00,-5.55,-2.38,-0.13,203.23,-1.27,6.04,2.58,338.6,60541
2026-03-02 04:00:00,-5.70,-2.02,-0.22,199.51,-2.06,6.05,1.88,348.6,61214
2026-03-02 04:01:00,-5.81,-1.50,-0.51,194.43,-4.90,6.03,1.58,354.4,54933
2026-03-02 04:02:00,-5.95,-0.73,-0.87,186.97,-8.25,6.05,1.14,364.8,66235
2026-03-02 04:03:00,-5.97,-0.32,-0.88,183.09,-8.35,6.04,1.32,364.2,100952
2026-03-02 04:04:00,-5.56,-1.47,-0.67,194.79,-6.67,5.79,1.48,355.6,62098
2026-03-02 04:05:00,-5.22,-2.74,0.16,207.71,1.52,5.90,1.91,352.6,43867
2026-03-02 04:06:00,-5.35,-2.61,0.08,206.03,0.74,5.95,3.49,338.3,54784
2026-03-02 04:07:00,-5.31,-2.66,0.24,206.58,2.27,5.94,2.43,344.2,44864
2026-03-02 04:08:00,-5.26,-2.64,0.10,206.65,0.96,5.89,2.08,345.8,51111
2026-03-02 04:09:00,-5.48,-1.98,-0.56,199.92,-5.52,5.85,1.54,355.9,44455
2026-03-02 04:10:00,-5.52,-1.35,-1.06,193.77,-10.58,5.78,2.59,339.7,70980
2026-03-02 04:11:00,-5.37,-0.84,-1.78,188.89,-18.13,5.72,2.79,336.7,75769
2026-03-02 04:12:00,-5.20,-0.82,-1.69,188.98,-17.83,5.53,1.99,345.2,94851
2026-03-02 04:13:00,-5.34,-1.95,-0.94,200.09,-9.35,5.76,2.10,345.0,78778
2026-03-02 04:14:00,-5.23,-2.11,-1.14,201.93,-11.44,5.76,1.89,348.7,64356
2026-03-02 04:15:00,-5.43,-1.53,-1.17,195.75,-11.75,5.76,1.59,353.1,61117
2026-03-02 04:16:00,-5.50,-1.24,-1.35,192.70,-13.48,5.80,1.52,352.9,64997
2026-03-02 04:17:00,-5.52,-0.84,-1.53,188.70,-15.32,5.79,2.00,345.5,73202
2026-03-02 04:18:00,-5.47,-0.99,-1.44,190.28,-14.54,5.75,2.56,338.7,81414
2026-03-02 04:19:00,-5.34,-0.77,-1.61,188.20,-16.57,5.63,2.11,344.0,80705
2026-03-02 04:20:00,-5.24,-0.54,-1.90,185.93,-19.78,5.60,1.92,348.5,72789
2026-03-02 04:21:00,-5.19,-1.80,-1.42,199.19,-14.55,5.67,1.82,349.5,72929
2026-03-02 04:22:00,-5.14,-1.91,-1.54,200.37,-15.65,5.70,1.54,352.6,47088
2026-03-02 04:23:00,-5.02,-1.79,-1.69,199.68,-17.55,5.59,1.47,353.5,55040
2026-03-02 04:24:00,-5.00,-1.35,-1.98,195.13,-20.96,5.55,1.57,352.5,56604
2026-03-02 04:25:00,-4.92,-0.97,-2.17,191.20,-23.41,5.46,2.37,343.0,80071
2026-03-02 04:26:00,-5.01,-1.36,-2.10,195.19,-22.00,5.60,1.91,347.7,74102
2026-03-02 04:27:00,-4.89,-1.29,-2.15,194.74,-23.00,5.49,1.58,352.4,63791
2026-03-02 04:28:00,-4.75,-1.06,-2.16,192.55,-23.91,5.32,1.54,350.9,53445
2026-03-02 04:29:00,-4.81,-1.05,-2.18,192.37,-23.85,5.38,1.51,350.1,53900
2026-03-02 04:30:00,-4.82,-1.25,-1.94,194.52,-21.34,5.34,1.41,352.0,53127
2026-03-02 04:31:00,-4.78,-1.06,-2.00,192.47,-22.23,5.29,1.37,351.9,57400
2026-03-02 04:32:00,-4.52,-0.61,-2.51,187.66,-28.83,5.20,1.70,347.3,67464
2026-03-02 04:33:00,-4.44,-0.62,-2.60,187.91,-30.15,5.18,2.09,342.9,75508
2026-03-02 04:34:00,-4.47,-0.74,-2.58,189.45,-29.62,5.21,2.18,342.4,74496
2026-03-02 04:35:00,-4.84,-1.15,-1.90,193.42,-20.91,5.32,2.29,342.4,61730
2026-03-02 04:36:00,-4.40,-1.02,-2.35,193.10,-27.46,5.09,2.30,342.0,60392
2026-03-02 04:37:00,-4.53,-1.29,-1.98,195.87,-22.78,5.11,2.94,336.6,64670
2026-03-02 04:38:00,-4.63,-1.50,-1.70,197.95,-19.24,5.16,2.54,338.9,66138
2026-03-02 04:39:00,-4.53,-1.64,-1.52,199.94,-17.52,5.05,2.17,341.3,55606
2026-03-02 04:40:00,-4.80,-1.30,-1.44,195.15,-16.14,5.17,2.04,341.6,62833
2026-03-02 04:41:00,-4.75,-1.49,-1.50,197.44,-16.75,5.20,2.65,336.0,59670
2026-03-02 04:42:00,-4.79,-1.35,-1.49,195.75,-16.66,5.20,2.50,337.3,66997
2026-03-02 04:43:00,-4.78,-1.23,-1.44,194.42,-16.23,5.14,2.02,340.8,60952
2026-03-02 04:44:00,-4.86,-1.27,-1.12,194.66,-12.57,5.14,1.90,341.7,58908
2026-03-02 04:45:00,-5.01,-0.88,-1.23,189.95,-13.63,5.23,2.20,340.0,68647
2026-03-02 04:46:00,-4.87,-1.17,-1.10,193.49,-12.38,5.13,2.31,340.9,57171
2026-03-02 04:47:00,-5.39,-0.88,-1.08,189.28,-11.22,5.57,2.35,342.2,54883
2026-03-02 04:48:00,-5.39,-1.02,-0.94,190.74,-9.77,5.57,2.03,346.5,53930
2026-03-02 04:49:00,-5.17,-1.24,-0.73,193.51,-7.84,5.37,1.85,348.5,44712
2026-03-02 04:50:00,-5.05,-1.31,-0.72,194.54,-7.92,5.26,2.18,343.1,44650
2026-03-02 04:51:00,-5.07,-1.31,-0.88,194.47,-9.52,5.31,2.44,339.1,53607
2026-03-02 04:52:00,-5.24,-1.38,-1.40,194.73,-14.47,5.59,2.86,336.5,65910
2026-03-02 04:53:00,-5.23,-1.45,-1.17,195.52,-12.18,5.55,2.74,338.8,58364
2026-03-02 04:54:00,-5.12,-1.55,-1.04,196.81,-11.01,5.45,1.99,346.8,51068
2026-03-02 04:55:00,-5.26,-1.55,-1.11,196.36,-11.41,5.60,2.06,344.5,54443
2026-03-02 04:56:00,-5.27,-1.14,-0.39,192.19,-4.15,5.40,2.02,346.8,50990
2026-03-02 04:57:00,-5.22,-1.39,-0.66,194.90,-6.99,5.44,2.83,341.1,49059
2026-03-02 04:58:00,-5.22,-1.62,-1.05,197.27,-10.92,5.57,2.07,345.6,50840
2026-03-02 04:59:00,-5.31,-1.67,-0.95,197.42,-9.70,5.65,3.01,337.2,56828
2026-03-02 05:00:00,-5.27,-1.85,-0.97,199.30,-9.87,5.67,2.73,337.9,59182
2026-03-02 05:01:00,-5.25,-1.91,-1.00,200.01,-10.11,5.67,2.02,346.3,46999
2026-03-02 05:02:00,-5.20,-2.08,-0.92,201.78,-9.33,5.68,1.99,348.2,42455
2026-03-02 05:03:00,-5.20,-2.06,-0.88,201.66,-8.95,5.66,2.33,344.3,45260
2026-03-02 05:04:00,-5.14,-2.05,-1.20,201.70,-12.24,5.66,2.25,343.8,45753
2026-03-02 05:05:00,-5.07,-2.28,-0.59,204.22,-6.06,5.59,2.09,343.8,44855
2026-03-02 05:06:00,-5.08,-2.28,-0.51,204.21,-5.23,5.59,2.63,338.5,48142
2026-03-02 05:07:00,-5.01,-2.33,-0.98,204.95,-10.06,5.61,3.27,335.1,53979
2026-03-02 05:08:00,-4.94,-2.33,-1.10,205.27,-11.37,5.57,3.04,338.4,48308
2026-03-02 05:09:00,-4.90,-2.36,-1.14,205.69,-11.84,5.55,2.19,345.8,43000
2026-03-02 05:10:00,-4.82,-2.38,-1.26,206.23,-13.23,5.52,1.90,348.2,39912
2026-03-02 05:11:00,-4.77,-2.38,-1.29,206.54,-13.57,5.49,3.06,335.3,55858
2026-03-02 05:12:00,-4.57,-2.52,-0.57,208.92,-6.22,5.25,3.57,339.7,44955
2026-03-02 05:13:00,-4.52,-2.50,-0.61,208.95,-6.73,5.20,2.55,344.5,35122
2026-03-02 05:14:00,-4.58,-2.47,-0.34,208.27,-3.78,5.22,3.26,338.4,48580
2026-03-02 05:15:00,-4.59,-2.46,-0.39,208.24,-4.29,5.22,2.91,342.5,37555
2026-03-02 05:16:00,-3.47,-2.76,2.49,218.43,29.31,5.09,4.54,344.3,30806
2026-03-02 05:17:00,-3.46,-2.84,2.55,219.41,29.61,5.15,5.24,344.4,29621
2026-03-02 05:18:00,-3.39,-2.75,2.56,219.13,30.44,5.06,4.25,337.2,42995
2026-03-02 05:19:00,-3.09,-3.03,2.46,224.48,29.57,4.98,4.11,339.8,41877
2026-03-02 05:20:00,-3.07,-3.25,2.35,226.63,27.80,5.05,4.00,342.5,40286
2026-03-02 05:21:00,-2.96,-3.05,2.56,225.91,31.03,4.96,3.92,343.3,37681
2026-03-02 05:22:00,-3.08,-2.88,2.63,223.05,31.98,4.97,3.74,344.0,35187
2026-03-02 05:23:00,-3.10,-2.79,2.66,221.98,32.56,4.95,3.75,343.3,37399
2026-03-02 05:24:00,-2.88,-2.60,2.56,222.12,33.43,4.65,3.75,341.4,41201
2026-03-02 05:25:00,-3.00,-2.34,2.93,217.99,37.54,4.80,3.25,339.0,45639
2026-03-02 05:26:00,-3.04,-1.82,3.56,210.96,45.19,5.02,3.50,339.3,38641
2026-03-02 05:27:00,-0.95,0.07,4.34,176.04,77.57,4.44,3.64,336.7,47393
2026-03-02 05:28:00,-0.78,0.31,4.66,158.09,79.75,4.74,3.33,346.1,32917
2026-03-02 05:29:00,-1.23,-0.15,4.71,186.80,75.28,4.87,3.44,343.9,29838
2026-03-02 05:30:00,-1.76,-0.83,4.34,205.32,65.81,4.76,3.34,343.5,30258
2026-03-02 05:31:00,-2.03,-1.35,4.09,213.64,59.20,4.76,3.13,341.5,29631
2026-03-02 05:32:00,-1.68,-1.62,4.20,223.82,60.96,4.81,2.82,339.9,30951
2026-03-02 05:33:00,-2.03,-1.59,4.33,218.05,59.25,5.04,3.32,339.8,32241
2026-03-02 05:34:00,-2.00,-1.38,4.34,214.56,60.77,4.97,3.55,340.3,33165
2026-03-02 05:35:00,-2.11,-1.67,4.15,218.32,57.04,4.95,3.31,340.9,32228
2026-03-02 05:36:00,-2.00,-2.50,3.73,231.42,49.37,4.91,3.38,341.7,32575
2026-03-02 05:37:00,-1.73,-2.99,3.54,239.91,45.67,4.95,3.86,342.4,33753
2026-03-02 05:38:00,-1.80,-3.82,2.58,244.78,31.43,4.95,4.43,343.4,31411
2026-03-02 05:39:00,-1.89,-3.46,2.59,241.38,33.23,4.72,4.94,344.7,29076
2026-03-02 05:40:00,-1.51,-0.49,4.07,197.87,68.71,4.36,4.83,345.1,29227
2026-03-02 05:41:00,-1.28,-0.05,4.05,182.03,72.43,4.25,5.57,344.3,28885
2026-03-02 05:42:00,-1.20,0.08,4.06,176.05,73.46,4.23,6.42,342.4,25865
2026-03-02 05:43:00,-1.91,-0.63,3.95,198.38,63.04,4.43,5.92,344.5,26490
2026-03-02 05:44:00,-1.72,-0.22,4.05,187.41,66.82,4.41,5.78,343.6,23206
2026-03-02 05:45:00,-1.74,-0.05,4.10,181.55,67.00,4.46,4.40,341.5,32488
2026-03-02 05:46:00,-1.22,0.43,4.18,160.74,72.79,4.38,5.49,343.4,28073
2026-03-02 05:47:00,-1.37,0.26,4.10,169.43,71.24,4.33,5.70,344.0,26720
2026-03-02 05:48:00,-1.36,0.20,4.16,171.63,71.75,4.38,6.04,343.6,24859
2026-03-02 05:49:00,-1.39,0.27,4.20,169.06,71.44,4.43,6.22,342.6,27281
2026-03-02 05:50:00,-2.06,-0.43,4.24,191.77,63.59,4.73,6.24,342.2,28957
2026-03-02 05:51:00,-2.07,-0.58,4.19,195.74,62.78,4.71,5.23,343.0,23477
2026-03-02 05:52:00,-2.38,-1.11,4.06,204.96,57.12,4.83,5.39,342.2,27756
2026-03-02 05:53:00,-2.49,-0.95,4.10,200.96,56.99,4.89,4.92,341.8,34064
2026-03-02 05:54:00,-2.52,-0.91,4.12,199.87,56.95,4.91,4.15,342.5,35605
2026-03-02 05:55:00,-2.50,-1.01,4.10,202.01,56.74,4.91,4.84,342.0,32399
2026-03-02 05:56:00,-2.27,-1.05,4.18,204.78,59.13,4.87,4.66,342.0,24630
2026-03-02 05:57:00,-2.14,-1.13,4.20,207.70,60.04,4.85,3.59,341.6,27920
2026-03-02 05:58:00,-1.99,-1.11,4.16,209.28,61.31,4.75,3.57,339.4,32711
2026-03-02 05:59:00,-1.69,-1.00,4.29,210.60,65.45,4.72,3.34,340.7,31662
2026-03-02 06:00:00,-1.55,-0.71,4.40,204.70,68.75,4.72,3.83,339.2,28387
2026-03-02 06:01:00,-2.49,-1.11,4.06,203.97,56.10,4.89,3.72,342.3,34325
2026-03-02 06:02:00,-2.46,-1.13,4.06,204.65,56.31,4.88,4.22,338.8,27582
2026-03-02 06:03:00,-2.06,-1.22,4.24,210.60,60.62,4.87,4.02,340.7,26782
2026-03-02 06:04:00,-2.95,-3.32,2.08,228.38,25.07,4.91,4.90,339.6,29903
2026-03-02 06:05:00,-2.96,-3.51,2.01,229.85,23.62,5.01,4.91,341.3,28008
2026-03-02 06:06:00,-2.94,-2.75,2.94,223.05,36.17,4.99,4.98,341.8,25617
2026-03-02 06:07:00,-2.93,-2.92,2.83,224.92,34.37,5.01,5.09,342.0,30731
2026-03-02 06:08:00,-2.95,-3.38,2.34,228.89,27.53,5.06,5.49,342.3,33151
2026-03-02 06:09:00,-2.83,-2.16,3.27,217.37,42.57,4.84,5.14,342.3,31114
2026-03-02 06:10:00,-2.65,-1.37,3.83,207.33,52.13,4.85,3.86,342.8,32566
2026-03-02 06:11:00,-2.81,-1.53,3.89,208.61,50.61,5.04,4.38,342.1,30258
2026-03-02 06:12:00,-2.73,-1.34,3.95,206.14,52.33,4.99,4.39,342.5,29069
2026-03-02 06:13:00,-1.56,-0.44,4.61,195.75,70.61,4.89,4.15,340.6,29270
2026-03-02 06:14:00,-1.60,-0.99,4.53,211.66,67.42,4.91,3.95,340.6,30687
2026-03-02 06:15:00,-1.97,-1.07,4.41,208.56,63.05,4.95,4.09,339.5,31801
2026-03-02 06:16:00,-2.37,-1.66,4.07,214.93,54.62,5.00,3.95,339.1,32939
2026-03-02 06:17:00,-2.67,-1.91,3.69,215.61,48.32,4.94,4.10,338.2,32107
2026-03-02 06:18:00,-2.95,-1.92,3.52,213.04,44.96,4.98,4.13,339.0,29584
2026-03-02 06:19:00,-2.63,-3.01,2.71,228.82,34.12,4.83,4.08,338.9,33963
2026-03-02 06:20:00,-2.66,-2.16,3.55,219.11,46.01,4.93,4.33,341.2,32006
2026-03-02 06:21:00,-2.81,-2.31,3.54,219.42,44.26,5.08,4.20,340.8,33465
2026-03-02 06:22:00,-2.91,-1.55,3.94,208.12,50.08,5.14,4.47,341.3,34193
2026-03-02 06:23:00,-3.01,-3.30,2.07,227.63,24.87,4.93,4.76,342.1,33652
2026-03-02 06:24:00,-2.71,-4.14,0.13,236.76,1.56,4.95,3.72,336.7,39750
2026-03-02 06:25:00,-2.81,-4.44,-0.11,237.69,-1.16,5.25,3.48,338.2,35843
2026-03-02 06:26:00,-2.83,-4.45,-0.53,237.55,-5.70,5.30,3.42,339.4,30942
2026-03-02 06:27:00,-2.89,-4.22,-1.27,235.63,-13.98,5.27,4.12,337.0,34240
2026-03-02 06:28:00,-2.75,-4.29,-1.37,237.31,-15.09,5.28,3.92,337.2,34324
2026-03-02 06:29:00,-2.54,-4.50,-0.33,240.60,-3.70,5.18,3.51,339.2,30643
2026-03-02 06:30:00,-2.55,-4.17,-0.48,238.49,-5.64,4.91,4.20,342.8,31101
2026-03-02 06:31:00,-3.10,-3.75,1.21,230.44,13.91,5.01,4.80,342.3,31232
2026-03-02 06:32:00,-3.12,-3.52,1.78,228.47,20.75,5.03,4.42,342.1,29374
2026-03-02 06:33:00,-2.88,-3.23,1.94,228.30,24.16,4.74,4.08,344.7,23511
2026-03-02 06:34:00,-2.10,-2.44,2.31,229.33,35.64,3.96,4.57,346.6,30561
2026-03-02 06:35:00,-1.85,-2.20,1.35,229.89,25.06,3.18,6.55,342.0,30393
2026-03-02 06:36:00,-1.95,-2.77,0.97,234.78,16.01,3.53,7.19,344.9,29426
2026-03-02 06:37:00,-2.02,-3.03,1.04,236.27,15.99,3.79,7.02,346.0,29273
2026-03-02 06:38:00,-1.95,-2.78,1.24,235.01,20.10,3.61,7.14,346.2,28490
2026-03-02 06:39:00,-1.77,-2.99,1.31,239.33,20.72,3.71,7.16,346.2,27189
2026-03-02 06:40:00,-1.70,-3.20,1.19,242.10,18.22,3.81,6.71,345.1,26924
2026-03-02 06:41:00,-1.96,-2.85,1.73,235.45,26.54,3.87,6.61,343.8,28687
2026-03-02 06:42:00,-2.11,-2.77,1.54,232.76,23.87,3.81,7.12,343.5,31403
2026-03-02 06:43:00,-2.00,-2.68,1.64,233.25,26.12,3.73,7.21,344.5,31626
2026-03-02 06:44:00,-1.92,-2.46,1.91,232.07,31.42,3.66,7.21,345.8,27842
2026-03-02 06:45:00,-1.74,-2.35,1.94,233.37,33.58,3.51,7.68,346.3,27620
2026-03-02 06:46:00,-1.80,-2.30,2.01,231.87,34.55,3.55,6.53,345.1,28025
2026-03-02 06:47:00,-1.82,-2.14,2.27,229.66,38.93,3.61,6.81,345.3,28082
2026-03-02 06:48:00,-1.89,-2.40,2.25,231.80,36.35,3.80,6.48,343.3,26361
2026-03-02 06:49:00,-1.37,-2.23,2.77,238.38,46.65,3.81,4.55,331.5,17627
2026-03-02 06:50:00,-1.17,-2.02,3.12,239.88,53.20,3.89,6.99,344.0,38881
2026-03-02 06:51:00,-0.97,-1.64,3.12,239.48,58.66,3.65,7.47,345.4,28767
2026-03-02 06:52:00,-2.04,-2.23,2.57,227.46,40.35,3.96,6.24,342.5,24874
2026-03-02 06:53:00,-2.58,-2.37,2.46,222.62,35.08,4.29,4.29,332.5,15946
2026-03-02 06:54:00,-2.43,-2.28,2.76,223.19,39.66,4.33,5.65,337.4,31535
2026-03-02 06:55:00,-2.40,-2.17,2.89,222.18,41.72,4.34,6.88,344.0,35314
2026-03-02 06:56:00,-2.63,-2.24,3.00,220.50,40.95,4.57,6.59,343.5,25224
2026-03-02 06:57:00,-2.72,-2.32,2.93,220.49,39.38,4.62,6.62,340.5,25027
2026-03-02 06:58:00,-2.70,-2.36,2.88,221.09,38.73,4.60,6.59,341.4,25890
2026-03-02 06:59:00,-2.81,-2.09,3.12,216.70,41.67,4.69,6.36,343.0,27050
2026-03-02 07:00:00,-2.79,-1.63,3.35,210.30,46.09,4.66,5.29,339.3,23076
2026-03-02 07:01:00,-2.84,-1.55,3.36,208.67,46.06,4.67,3.13,328.7,17553
2026-03-02 07:02:00,-2.94,-1.55,3.38,207.79,45.42,4.74,6.65,340.6,38777
2026-03-02 07:03:00,-3.13,-2.05,2.97,213.20,38.43,4.78,6.82,341.3,41408
2026-03-02 07:04:00,-3.01,-1.90,3.09,212.20,40.98,4.72,6.56,341.9,30194
2026-03-02 07:05:00,-3.12,-1.99,3.00,212.51,39.04,4.76,6.26,341.6,27071
2026-03-02 07:06:00,-3.04,-1.73,3.19,209.67,42.32,4.73,6.53,340.2,25408
2026-03-02 07:07:00,-2.98,-1.60,3.25,208.17,43.91,4.69,6.02,341.2,26335
2026-03-02 07:08:00,-2.87,-1.67,3.31,210.25,44.95,4.69,3.89,332.0,21371
2026-03-02 07:09:00,-2.91,-1.66,3.33,209.74,44.82,4.73,5.95,338.2,38898
2026-03-02 07:10:00,-2.64,-1.86,3.30,215.19,45.56,4.62,7.04,343.1,38355
2026-03-02 07:11:00,-2.46,-3.05,2.67,231.17,34.24,4.74,6.85,342.9,29486
2026-03-02 07:12:00,-2.64,-2.86,2.76,227.28,35.36,4.78,6.73,342.8,27970
2026-03-02 07:13:00,-2.68,-1.75,3.48,213.10,47.36,4.73,6.56,342.9,26413
2026-03-02 07:14:00,-2.62,-1.58,3.79,211.09,51.04,4.87,6.98,342.7,23839
2026-03-02 07:15:00,-2.20,-2.80,3.10,231.90,40.99,4.72,7.62,341.8,22428
2026-03-02 07:16:00,-2.59,-1.43,3.72,208.96,51.52,4.75,8.12,344.5,28695
2026-03-02 07:17:00,-2.22,-1.94,3.60,221.16,50.68,4.65,8.96,345.5,35972
2026-03-02 07:18:00,-2.46,-1.37,3.62,209.04,52.11,4.58,8.10,341.2,26878
2026-03-02 07:19:00,-2.40,-0.28,2.71,186.58,48.34,3.63,7.14,342.0,25153
2026-03-02 07:20:00,-2.12,-0.66,2.85,197.18,52.08,3.61,7.85,343.7,29397
2026-03-02 07:21:00,-2.16,-0.63,3.02,196.26,53.33,3.76,7.52,345.7,27155
2026-03-02 07:22:00,-1.95,-0.24,2.91,186.97,56.05,3.51,7.35,346.7,25674
2026-03-02 07:23:00,-1.92,-0.25,2.84,187.54,55.66,3.44,8.14,346.3,28150
2026-03-02 07:24:00,-2.12,-0.30,2.79,188.05,52.58,3.52,9.39,349.4,40440
2026-03-02 07:25:00,-2.00,-0.39,2.73,191.07,53.18,3.40,8.18,346.8,33960
2026-03-02 07:26:00,-2.37,-0.40,2.65,189.47,47.80,3.58,8.16,345.1,28518
2026-03-02 07:27:00,-2.83,-0.32,2.46,186.49,40.77,3.77,8.52,345.5,30220
2026-03-02 07:28:00,-2.78,-0.23,2.38,184.82,40.48,3.66,8.72,347.2,34951
2026-03-02 07:29:00,-2.81,-0.05,2.51,181.11,41.83,3.77,9.24,349.4,39200
2026-03-02 07:30:00,-2.46,-0.06,2.72,181.34,47.88,3.67,8.14,346.6,32395
2026-03-02 07:31:00,-2.42,0.30,2.96,172.86,50.48,3.84,8.21,346.3,30750
2026-03-02 07:32:00,-2.10,0.62,3.05,163.56,54.26,3.75,8.26,345.3,25758
2026-03-02 07:33:00,-1.97,0.72,2.87,159.95,53.91,3.55,7.60,344.3,25786
2026-03-02 07:34:00,-1.85,0.59,2.33,162.31,50.15,3.03,7.09,345.6,27328
2026-03-02 07:35:00,-2.11,0.09,3.02,177.44,55.08,3.68,4.36,330.3,15627
2026-03-02 07:36:00,-2.27,0.28,3.33,173.06,55.57,4.04,6.78,343.3,32290
2026-03-02 07:37:00,-2.05,0.72,3.46,160.51,57.88,4.09,7.00,347.3,39017
2026-03-02 07:38:00,-1.88,0.68,3.21,160.16,58.11,3.78,7.25,346.7,29078
2026-03-02 07:39:00,-1.95,0.65,2.96,161.56,55.21,3.61,6.70,346.0,26565
2026-03-02 07:40:00,-1.93,0.74,3.00,158.96,55.47,3.64,7.08,345.5,28879
2026-03-02 07:41:00,-1.78,1.05,3.01,149.41,55.46,3.65,6.74,347.2,39110
2026-03-02 07:42:00,-1.80,1.12,3.12,147.97,55.82,3.77,4.82,336.4,24623
2026-03-02 07:43:00,-1.99,1.07,3.15,151.70,54.33,3.88,5.47,336.5,20961
2026-03-02 07:44:00,-1.89,1.12,3.21,149.34,55.67,3.89,7.51,345.5,34918
2026-03-02 07:45:00,-1.72,1.17,3.24,145.78,57.32,3.84,7.68,345.8,35661
2026-03-02 07:46:00,-1.69,1.22,3.20,144.05,56.91,3.82,7.38,344.6,28268
2026-03-02 07:47:00,-1.52,1.22,3.25,141.34,59.05,3.79,7.48,345.1,28129
2026-03-02 07:48:00,-1.40,1.44,3.23,134.30,58.12,3.80,7.03,343.7,27942
2026-03-02 07:49:00,-2.03,0.93,3.23,155.49,55.35,3.93,6.77,342.2,27570
2026-03-02 07:50:00,-2.15,0.83,3.24,158.91,54.57,3.98,4.22,330.7,15421
2026-03-02 07:51:00,-1.92,0.71,3.43,159.64,59.17,4.00,8.21,344.9,44100
2026-03-02 07:52:00,-1.83,0.59,3.60,162.13,61.85,4.09,6.97,342.4,27265
2026-03-02 07:53:00,-2.02,0.60,3.63,163.44,59.91,4.20,7.45,342.8,28451
2026-03-02 07:54:00,-2.19,0.62,3.68,164.18,58.26,4.32,7.22,342.7,24550
2026-03-02 07:55:00,-2.45,0.52,3.64,167.91,55.50,4.42,8.05,341.2,27604
2026-03-02 07:56:00,-2.81,0.92,3.31,161.78,48.23,4.44,7.35,340.7,26981
2026-03-02 07:57:00,-2.83,0.86,3.37,163.14,48.74,4.48,6.04,334.1,22457
2026-03-02 07:58:00,-2.67,0.84,3.46,162.57,51.05,4.45,6.88,336.2,30314
2026-03-02 07:59:00,-2.37,1.37,2.60,150.06,43.49,3.77,7.63,341.3,33756
2026-03-02 08:00:00,-2.43,1.38,2.44,150.34,41.12,3.71,6.92,341.6,30944
2026-03-02 08:01:00,-3.00,0.46,2.86,171.22,43.31,4.17,5.84,335.9,24532
2026-03-02 08:02:00,-3.55,-1.63,2.47,204.62,32.26,4.62,5.10,328.1,13020
2026-03-02 08:03:00,-3.85,-1.91,2.72,206.42,32.36,5.09,5.03,343.2,37201
2026-03-02 08:04:00,-3.85,-1.91,2.64,206.42,31.59,5.05,5.13,342.8,36835
2026-03-02 08:05:00,-3.75,-1.76,2.69,205.14,33.00,4.94,5.51,341.6,35531
2026-03-02 08:06:00,-3.54,-1.88,2.53,207.97,32.21,4.74,5.11,346.1,37825
2026-03-02 08:07:00,-3.68,-1.90,2.40,207.35,30.11,4.79,5.72,346.5,34960
2026-03-02 08:08:00,-2.89,-2.17,2.68,216.95,36.58,4.50,6.06,345.2,30005
2026-03-02 08:09:00,-2.86,-2.21,2.43,217.68,33.90,4.35,3.96,329.8,16713
2026-03-02 08:10:00,-2.87,-2.02,2.15,215.14,31.41,4.12,5.97,341.3,48781
2026-03-02 08:11:00,-2.82,-1.93,2.00,214.33,30.39,3.96,6.05,345.9,46037
2026-03-02 08:12:00,-2.50,-2.52,1.88,225.24,27.93,4.01,5.88,343.0,36376
2026-03-02 08:13:00,-2.73,-2.50,2.05,222.53,29.01,4.23,6.22,342.4,33596
2026-03-02 08:14:00,-2.72,-2.50,2.03,222.55,28.86,4.21,4.75,334.9,22886
2026-03-02 08:15:00,-2.73,-2.47,2.09,222.18,29.53,4.24,5.10,337.5,36002
2026-03-02 08:16:00,-2.59,-2.52,2.14,224.15,30.64,4.20,6.94,340.9,35869
2026-03-02 08:17:00,-2.46,-2.70,2.09,227.68,29.80,4.21,7.02,338.6,28508
2026-03-02 08:18:00,-2.44,-2.67,2.07,227.59,29.73,4.17,6.49,345.2,51802
2026-03-02 08:19:00,-2.40,-2.66,2.02,227.84,29.42,4.11,6.72,348.1,40772
2026-03-02 08:20:00,-2.52,-2.62,1.98,226.14,28.58,4.14,6.42,345.5,29991
2026-03-02 08:21:00,-2.41,-2.62,2.09,227.30,30.41,4.13,6.09,344.5,31544
2026-03-02 08:22:00,-2.40,-2.80,2.00,229.48,28.43,4.19,6.60,346.3,31033
2026-03-02 08:23:00,-2.41,-2.73,1.72,228.56,25.27,4.03,5.74,344.4,30107
2026-03-02 08:24:00,-2.34,-2.68,1.64,228.91,24.80,3.92,7.28,341.8,37081
2026-03-02 08:25:00,-2.16,-2.90,1.43,233.31,21.61,3.89,6.21,346.9,50382
2026-03-02 08:26:00,-2.49,-2.40,1.48,223.96,23.22,3.77,6.86,348.9,47857
2026-03-02 08:27:00,-2.68,-2.50,1.24,223.05,18.64,3.87,5.72,345.1,33965
2026-03-02 08:28:00,-2.55,-2.90,1.46,228.67,20.67,4.13,5.67,343.6,32316
2026-03-02 08:29:00,-2.75,-3.05,1.33,227.96,17.97,4.32,4.78,337.2,24781
2026-03-02 08:30:00,-3.08,-2.63,1.62,220.50,21.72,4.37,5.74,341.3,38298
2026-03-02 08:31:00,-3.36,-2.07,1.79,211.58,24.39,4.33,5.81,338.0,35045
2026-03-02 08:32:00,-3.27,-2.09,1.63,212.57,22.79,4.21,5.79,337.1,33814
2026-03-02 08:33:00,-2.84,-2.53,1.36,221.71,19.77,4.04,6.54,345.8,45192
2026-03-02 08:34:00,-2.73,-2.47,1.48,222.16,21.86,3.97,6.18,346.0,34858
2026-03-02 08:35:00,-2.97,-2.41,1.45,219.12,20.76,4.09,6.69,346.3,31783
2026-03-02 08:36:00,-3.62,-2.92,1.24,218.90,14.92,4.81,5.25,336.8,33109
2026-03-02 08:37:00,-3.57,-3.14,1.39,221.29,16.30,4.95,5.35,337.3,32913
2026-03-02 08:38:00,-3.64,-3.15,1.18,220.84,13.82,4.96,6.12,341.4,31165
2026-03-02 08:39:00,-3.68,-2.97,1.07,218.96,12.77,4.85,5.31,336.4,26078
2026-03-02 08:40:00,-3.93,-2.68,0.72,214.31,8.57,4.82,5.87,339.3,33317
2026-03-02 08:41:00,-3.95,-2.88,0.88,216.14,10.19,4.97,5.29,336.9,28811
2026-03-02 08:42:00,-3.88,-2.85,1.01,216.29,11.80,4.91,5.97,341.4,37447
2026-03-02 08:43:00,-3.89,-2.84,1.03,216.15,12.07,4.93,4.18,329.7,20640
2026-03-02 08:44:00,-3.60,-2.71,0.95,216.93,11.85,4.61,5.91,335.5,29109
2026-03-02 08:45:00,-3.54,-2.90,1.07,219.29,13.16,4.70,6.86,341.9,42566
2026-03-02 08:46:00,-3.44,-2.95,1.47,220.66,17.95,4.77,6.96,342.1,38175
2026-03-02 08:47:00,-3.41,-3.30,1.18,224.03,14.02,4.89,6.68,341.8,29634
2026-03-02 08:48:00,-2.75,-3.13,0.04,228.75,0.56,4.17,6.22,342.8,28326
2026-03-02 08:49:00,-2.13,-3.17,-0.76,236.09,-11.27,3.89,5.83,343.2,29933
2026-03-02 08:50:00,-2.89,-3.35,0.13,229.17,1.63,4.43,4.97,337.7,25324
2026-03-02 08:51:00,-2.89,-3.08,0.24,226.83,3.26,4.23,4.45,330.6,18772
2026-03-02 08:52:00,-3.16,-3.02,0.76,223.70,9.87,4.44,6.33,343.7,37172
2026-03-02 08:53:00,-3.29,-3.04,1.03,222.70,12.91,4.59,6.13,346.4,45019
2026-03-02 08:54:00,-3.26,-2.93,1.24,221.92,15.76,4.56,6.06,341.6,33024
2026-03-02 08:55:00,-3.56,-2.52,1.37,215.30,17.49,4.57,5.97,343.4,34277
2026-03-02 08:56:00,-3.77,-1.86,1.57,206.28,20.52,4.49,5.70,342.5,34947
2026-03-02 08:57:00,-3.72,-1.94,1.84,207.49,23.72,4.58,5.53,343.2,35818
2026-03-02 08:58:00,-3.81,-1.74,2.11,204.55,26.80,4.69,3.62,330.9,23206
2026-03-02 08:59:00,-3.92,-1.41,2.24,199.81,28.25,4.73,6.44,339.2,46478
2026-03-02 09:00:00,-3.99,-1.24,2.21,197.21,27.89,4.73,6.37,341.6,37371
2026-03-02 09:01:00,-3.93,-1.99,1.70,206.87,21.05,4.72,5.90,341.7,32183
2026-03-02 09:02:00,-3.93,-2.26,1.55,209.92,18.92,4.79,5.41,335.3,28879
2026-03-02 09:03:00,-3.92,-2.55,1.52,212.97,17.98,4.92,5.94,336.5,39729
2026-03-02 09:04:00,-3.65,-2.76,1.15,217.07,14.04,4.72,6.18,342.9,46867
2026-03-02 09:05:00,-3.48,-3.09,0.79,221.61,9.66,4.72,5.36,340.9,35661
2026-03-02 09:06:00,-3.31,-3.52,0.66,226.77,7.83,4.88,5.49,339.9,36792
2026-03-02 09:07:00,-3.50,-3.56,0.69,225.53,7.91,5.04,6.25,347.7,48312
2026-03-02 09:08:00,-3.52,-3.51,0.91,224.88,10.41,5.05,5.80,346.1,30802
2026-03-02 09:09:00,-3.33,-3.47,0.98,226.12,11.53,4.91,3.98,330.4,17607
2026-03-02 09:10:00,-3.35,-3.35,1.03,225.00,12.31,4.85,4.13,331.3,19303
2026-03-02 09:11:00,-3.11,-3.34,1.08,227.06,13.30,4.68,6.94,347.2,51539
2026-03-02 09:12:00,-3.35,-3.18,0.79,223.53,9.66,4.69,6.25,345.3,32816
2026-03-02 09:13:00,-3.51,-3.10,0.15,221.42,1.84,4.68,5.71,341.4,35835
2026-03-02 09:14:00,-3.63,-3.02,0.41,219.79,5.00,4.74,5.30,345.7,39882
2026-03-02 09:15:00,-3.78,-2.71,0.95,215.64,11.59,4.75,5.51,343.7,33363
2026-03-02 09:16:00,-3.61,-2.94,0.78,219.16,9.58,4.72,5.23,343.4,31856
2026-03-02 09:17:00,-3.16,-3.27,0.50,226.03,6.33,4.57,4.05,334.4,23932
2026-03-02 09:18:00,-3.48,-2.93,0.87,220.13,10.86,4.63,5.20,338.7,42206
2026-03-02 09:19:00,-3.31,-3.11,0.62,223.23,7.82,4.59,5.99,345.1,49394
2026-03-02 09:20:00,-3.45,-3.10,0.84,222.01,10.29,4.71,5.53,344.0,39310
2026-03-02 09:21:00,-3.70,-2.78,1.02,216.93,12.43,4.74,5.38,341.9,37751
2026-03-02 09:22:00,-3.66,-2.59,1.42,215.28,17.61,4.70,5.22,341.6,37359
2026-03-02 09:23:00,-3.58,-2.88,0.92,218.82,11.30,4.69,5.04,343.7,35539
2026-03-02 09:24:00,-3.48,-3.02,0.69,220.97,8.46,4.66,4.38,339.0,34311
2026-03-02 09:25:00,-3.65,-2.96,0.81,219.04,9.76,4.76,3.73,330.6,23290
2026-03-02 09:26:00,-3.43,-3.13,0.59,222.35,7.23,4.68,5.80,343.0,55653
2026-03-02 09:27:00,-2.96,-3.42,0.07,229.05,0.92,4.52,5.46,344.2,44831
2026-03-02 09:28:00,-3.00,-3.29,-0.06,227.71,-0.72,4.45,5.04,342.3,36092
2026-03-02 09:29:00,-3.26,-3.21,0.23,224.52,2.87,4.58,5.12,343.0,33813
2026-03-02 09:30:00,-3.14,-3.04,0.40,224.04,5.28,4.39,5.14,342.1,33513
2026-03-02 09:31:00,-2.86,-3.21,0.49,228.28,6.48,4.32,5.27,341.6,34876
2026-03-02 09:32:00,-2.70,-3.30,0.65,230.71,8.68,4.31,5.69,339.2,38646
2026-03-02 09:33:00,-2.64,-3.35,0.83,231.78,11.05,4.35,6.18,341.8,48159
2026-03-02 09:34:00,-2.96,-3.14,0.28,226.74,3.66,4.33,5.64,342.8,41605
2026-03-02 09:35:00,-3.29,-3.01,-0.02,222.45,-0.21,4.45,5.12,342.2,34121
2026-03-02 09:36:00,-3.37,-3.13,-0.02,222.93,-0.26,4.60,5.24,340.6,37065
2026-03-02 09:37:00,-3.09,-3.34,0.38,227.23,4.75,4.57,5.61,340.6,44562
2026-03-02 09:38:00,-3.16,-3.44,0.22,227.42,2.66,4.68,5.70,343.5,45706
2026-03-02 09:39:00,-3.03,-3.39,-0.11,228.16,-1.35,4.55,5.22,341.7,34639
2026-03-02 09:40:00,-2.94,-3.51,-0.26,230.03,-3.27,4.59,5.65,340.7,39865
2026-03-02 09:41:00,-2.91,-3.60,-0.08,231.03,-1.05,4.63,5.42,343.9,45045
2026-03-02 09:42:00,-3.11,-3.73,0.12,230.18,1.36,4.85,5.38,,
2026-03-02 09:43:00,-3.33,-3.68,0.03,227.82,0.37,4.96,5.38,339.1,39043
2026-03-02 09:44:00,-4.08,-3.27,0.61,218.66,6.63,5.26,6.21,331.0,39613
2026-03-02 09:45:00,-4.11,-3.48,0.64,220.24,6.72,5.43,5.74,330.2,42836
2026-03-02 09:46:00,-4.45,-3.35,0.31,216.96,3.17,5.58,5.86,331.1,41791
2026-03-02 09:47:00,-4.47,-3.20,-0.03,215.61,-0.27,5.50,5.75,331.5,43932
2026-03-02 09:48:00,-4.57,-3.09,0.10,214.03,1.05,5.52,4.53,335.2,31528
2026-03-02 09:49:00,-4.52,-2.93,-0.02,212.94,-0.20,5.39,4.12,335.0,28108
2026-03-02 09:50:00,-3.91,-3.55,0.50,222.19,5.45,5.31,4.60,334.5,29925
2026-03-02 09:51:00,-3.62,-3.84,0.67,226.68,7.25,5.32,4.35,328.0,22672
2026-03-02 09:52:00,-3.35,-3.90,0.55,229.29,6.06,5.17,5.14,327.1,24747
2026-03-02 09:53:00,-3.07,-4.00,0.18,232.54,2.06,5.04,6.97,334.7,38030
2026-03-02 09:54:00,-3.29,-3.95,0.27,230.20,2.95,5.15,6.68,335.2,38412
2026-03-02 09:55:00,-3.16,-4.11,0.22,232.44,2.42,5.19,5.17,333.9,31348
2026-03-02 09:56:00,-3.22,-4.02,0.34,231.26,3.73,5.16,5.00,335.5,26042
2026-03-02 09:57:00,-2.96,-4.18,-0.20,234.70,-2.25,5.12,5.88,333.0,27567
2026-03-02 09:58:00,-3.12,-4.33,0.12,234.24,1.33,5.34,5.50,329.6,29006
2026-03-02 09:59:00,-3.24,-4.23,-0.06,232.53,-0.64,5.32,5.15,319.7,14599
2026-03-02 10:02:00,-2.53,-4.58,0.18,241.07,1.92,5.23,5.53,333.5,35274
2026-03-02 10:03:00,-2.11,-4.78,-0.21,246.22,-2.25,5.23,5.70,337.6,29104
2026-03-02 10:04:00,-2.09,-4.88,-0.31,246.85,-3.29,5.32,5.51,336.8,27037
2026-03-02 10:05:00,-2.14,-4.85,-0.52,246.22,-5.56,5.33,5.51,337.3,27394
2026-03-02 10:06:00,-2.42,-4.66,-0.59,242.59,-6.39,5.29,5.15,330.2,21714
2026-03-02 10:07:00,-2.58,-4.65,-0.67,241.03,-7.21,5.36,5.50,330.0,26108
2026-03-02 10:08:00,-2.55,-4.60,-0.88,240.96,-9.55,5.33,5.66,336.6,32781
2026-03-02 10:09:00,-2.43,-4.55,-1.03,241.89,-11.29,5.26,5.13,338.3,29703
2026-03-02 10:10:00,-2.35,-4.53,-1.06,242.53,-11.71,5.21,4.81,333.9,24566
2026-03-02 10:11:00,-2.48,-4.61,-1.15,241.75,-12.39,5.36,4.59,327.3,21558
2026-03-02 10:12:00,-2.59,-4.51,-0.93,240.12,-10.11,5.28,5.77,334.4,31490
2026-03-02 10:13:00,-2.80,-4.00,-1.54,234.94,-17.56,5.12,4.79,335.7,30020
2026-03-02 10:14:00,-2.87,-4.00,-1.45,234.37,-16.43,5.14,4.91,332.3,26432
2026-03-02 10:16:00,-2.52,-4.49,-0.51,240.74,-5.70,5.17,5.20,338.3,39550
2026-03-02 10:17:00,-2.51,-4.34,-0.96,239.95,-10.85,5.10,5.29,338.8,29087
2026-03-02 10:18:00,-3.35,-3.43,-1.31,225.72,-15.25,4.97,4.43,327.1,18875
2026-03-02 10:19:00,-4.40,-2.15,-1.68,206.04,-18.94,5.17,5.23,334.5,34301
2026-03-02 10:20:00,-3.73,-2.75,-1.09,216.45,-13.25,4.76,4.65,337.0,39690
2026-03-02 10:21:00,-2.34,-3.71,0.33,237.73,4.25,4.40,5.20,333.9,32430
2026-03-02 10:22:00,-2.61,-3.57,-0.09,233.84,-1.14,4.42,5.54,337.2,36399
2026-03-02 10:23:00,-2.65,-3.53,-0.18,233.12,-2.39,4.41,5.20,340.6,35970
2026-03-02 10:24:00,-2.34,-3.67,-0.75,237.44,-9.74,4.42,5.06,339.4,31143
2026-03-02 10:25:00,-2.61,-3.87,-1.08,235.97,-13.07,4.79,4.97,333.0,26127
2026-03-02 10:26:00,-1.92,-3.66,-1.47,242.34,-19.56,4.38,5.10,328.6,27522
2026-03-02 10:27:00,-1.49,-3.67,-1.66,247.92,-22.75,4.30,5.76,336.3,46723
2026-03-02 10:28:00,-1.78,-3.40,-1.87,242.34,-25.96,4.27,4.93,334.5,30766
2026-03-02 10:29:00,-1.70,-3.31,-2.06,242.82,-28.90,4.25,5.15,336.1,28843
2026-03-02 10:30:00,-1.84,-3.24,-2.05,240.39,-28.83,4.25,5.26,337.9,28355
2026-03-02 10:31:00,-1.69,-3.22,-2.25,242.31,-31.80,4.27,5.15,336.5,29347
2026-03-02 10:32:00,-1.81,-3.15,-2.29,240.15,-32.28,4.29,4.48,338.5,28183
2026-03-02 10:33:00,-1.91,-2.84,-2.71,236.01,-38.36,4.37,3.64,327.0,17532
2026-03-02 10:34:00,-1.97,-2.55,-2.96,232.24,-42.56,4.37,4.86,336.4,39461
2026-03-02 10:35:00,-2.72,-3.12,-2.57,228.89,-31.82,4.87,4.39,337.1,32923
2026-03-02 10:36:00,-2.44,-3.08,-2.66,231.63,-34.06,4.74,5.03,338.1,30114
2026-03-02 10:37:00,-1.87,-2.92,-3.46,237.36,-44.98,4.90,4.47,338.9,31011
2026-03-02 10:38:00,-1.95,-2.75,-3.67,234.72,-47.42,4.98,3.71,332.4,22847
2026-03-02 10:39:00,-1.80,-2.41,-3.50,233.15,-49.31,4.61,3.68,331.7,25346
2026-03-02 10:40:00,-1.73,-2.18,-3.59,231.51,-52.24,4.54,4.31,331.8,24252
2026-03-02 10:41:00,-1.79,-2.58,-3.13,235.28,-44.96,4.43,4.49,330.0,23787
2026-03-02 10:42:00,-1.59,-1.95,-3.83,230.82,-56.71,4.58,4.32,336.1,44025
2026-03-02 10:43:00,-1.63,-1.49,-4.04,222.43,-61.36,4.60,5.06,339.5,45620
2026-03-02 10:44:00,-2.25,-0.88,-4.31,201.45,-60.74,4.94,3.93,336.6,27746
2026-03-02 10:45:00,-1.86,-0.87,-3.79,205.08,-61.56,4.31,3.42,324.1,14253
2026-03-02 10:46:00,-1.75,-0.53,-3.23,196.91,-60.45,3.71,3.46,332.4,39944
2026-03-02 10:47:00,-0.88,-2.58,0.22,251.20,4.57,2.74,4.31,335.2,39156
2026-03-02 10:48:00,-0.52,-2.60,0.64,258.78,13.59,2.73,4.31,,
2026-03-02 10:49:00,-0.55,-2.73,-0.28,258.67,-5.68,2.80,5.34,341.1,46603
2026-03-02 10:50:00,-0.52,-2.63,-0.70,258.89,-14.55,2.77,5.43,337.0,31460
2026-03-02 10:51:00,-0.33,-2.95,-0.61,263.63,-11.63,3.03,5.53,340.4,32261
2026-03-02 10:52:00,-0.42,-3.30,-0.55,262.77,-9.37,3.37,4.50,331.2,18042
2026-03-02 10:53:00,-0.29,-3.02,-0.43,264.59,-8.13,3.06,5.01,334.3,36435
2026-03-02 10:54:00,-0.37,-3.24,-1.14,263.53,-19.35,3.45,5.95,343.4,47210
2026-03-02 10:55:00,0.28,-2.97,0.25,275.43,4.75,2.99,6.12,345.1,40399
2026-03-02 10:56:00,0.83,-2.76,0.53,286.80,10.34,2.94,6.26,344.8,38045
2026-03-02 10:57:00,0.03,-3.27,-1.80,270.58,-28.86,3.74,5.35,343.7,40040
2026-03-02 10:58:00,-0.03,-3.67,-1.97,269.51,-28.25,4.16,3.74,339.1,36380
2026-03-02 10:59:00,0.22,-3.62,-2.02,273.50,-29.11,4.15,4.58,340.1,33065
2026-03-02 11:00:00,0.43,-3.39,-2.27,277.23,-33.60,4.10,4.71,340.0,37350
2026-03-02 11:01:00,0.42,-2.30,-2.58,280.28,-47.77,3.48,5.30,342.0,41514
2026-03-02 11:02:00,0.84,-0.70,-2.35,320.35,-65.07,2.59,5.66,346.4,45171
2026-03-02 11:03:00,0.33,-1.60,-2.40,281.63,-55.84,2.91,5.49,342.6,41610
2026-03-02 11:04:00,0.15,-2.14,-2.43,273.93,-48.62,3.24,4.52,342.9,35721
2026-03-02 11:05:00,-0.03,-1.85,-2.21,268.96,-50.04,2.88,4.83,339.1,33587
2026-03-02 11:06:00,-0.04,-1.21,-1.99,267.98,-58.70,2.33,4.67,340.4,39323
2026-03-02 11:07:00,-0.21,-1.47,-1.84,261.74,-50.97,2.36,5.93,339.9,41180
2026-03-02 11:08:00,-0.15,-1.41,-2.00,264.03,-54.75,2.45,5.06,339.1,56827
2026-03-02 11:09:00,-0.32,-1.69,-1.97,259.09,-48.95,2.61,5.44,342.5,58915
2026-03-02 11:10:00,-0.60,-2.25,-2.08,255.11,-41.75,3.12,5.17,343.1,47924
2026-03-02 11:11:00,-0.86,-2.17,-2.42,248.50,-45.98,3.36,4.78,341.5,38355
2026-03-02 11:12:00,-0.86,-1.98,-2.35,246.42,-47.40,3.19,5.07,340.6,38695
2026-03-02 11:13:00,-0.88,-1.98,-2.55,245.90,-49.67,3.35,5.15,341.2,43932
2026-03-02 11:14:00,-0.73,-2.14,-2.88,251.16,-51.86,3.66,4.44,338.8,37520
2026-03-02 11:15:00,-0.71,-1.77,-2.57,248.12,-53.35,3.20,3.82,332.1,25005
2026-03-02 11:16:00,-0.41,-1.76,-2.19,256.98,-50.41,2.84,5.35,340.5,42518
2026-03-02 11:17:00,-0.49,-1.39,-2.57,250.72,-60.20,2.97,4.97,341.7,50858
2026-03-02 11:18:00,-0.86,0.19,-1.70,167.54,-62.65,1.91,4.44,337.6,40058
2026-03-02 11:19:00,-1.44,-0.14,-1.50,185.59,-46.02,2.08,3.75,327.4,18381
2026-03-02 11:20:00,-0.63,-0.35,-1.40,209.31,-62.67,1.57,3.87,331.5,49024
2026-03-02 11:21:00,-0.19,-0.25,-0.71,232.60,-66.31,0.78,3.87,331.6,49543
2026-03-02 11:22:00,-0.15,-0.35,-0.74,246.63,-62.63,0.83,4.74,335.9,38896
2026-03-02 11:23:00,0.66,-0.20,0.05,343.15,4.13,0.69,5.41,339.3,42202
2026-03-02 11:24:00,0.44,-1.15,0.17,290.85,7.85,1.24,5.49,339.9,41255
2026-03-02 11:25:00,0.39,-0.66,1.87,300.89,67.79,2.02,7.48,347.4,42551
2026-03-02 11:26:00,0.83,-1.33,2.02,301.95,52.19,2.55,6.33,340.6,30285
2026-03-02 11:27:00,0.61,-1.63,1.56,290.58,41.92,2.34,5.77,338.1,29952
2026-03-02 11:28:00,0.16,-1.04,-2.30,278.73,-65.37,2.53,5.78,345.1,49008
2026-03-02 11:29:00,-0.06,-0.69,-3.45,264.65,-78.64,3.52,4.42,344.5,53926
2026-03-02 11:30:00,0.14,-0.36,-3.31,291.96,-83.38,3.33,4.39,341.3,41963
2026-03-02 11:31:00,0.17,-0.11,-3.38,327.18,-86.59,3.39,4.82,343.4,45109
2026-03-02 11:32:00,-0.32,-0.50,-3.80,237.29,-81.17,3.84,4.54,338.7,53120
2026-03-02 11:33:00,-0.42,-0.04,-4.50,185.54,-84.62,4.52,4.15,343.5,60189
2026-03-02 11:34:00,-0.16,0.22,-4.16,126.87,-86.25,4.16,4.36,326.8,20786
2026-03-02 11:35:00,-0.35,0.89,-3.88,111.64,-76.16,3.99,4.53,336.7,45631
2026-03-02 11:36:00,-0.10,0.58,-3.76,99.35,-81.14,3.80,5.06,341.6,41223
2026-03-02 11:37:00,-0.23,0.86,-5.09,104.90,-80.11,5.16,4.36,342.5,45213
2026-03-02 11:38:00,-0.15,0.80,-4.66,100.34,-80.12,4.73,4.11,342.3,38069
2026-03-02 11:39:00,0.30,0.74,-3.60,67.79,-77.50,3.69,5.98,344.2,35808
2026-03-02 11:40:00,1.33,1.50,-2.93,48.62,-55.63,3.55,6.24,342.2,33827
2026-03-02 11:41:00,1.09,1.49,-1.72,53.82,-43.13,2.52,6.77,335.4,18784
2026-03-02 11:42:00,1.50,0.92,-0.42,31.57,-13.33,1.81,5.77,340.4,41757
2026-03-02 11:43:00,1.06,0.70,-0.80,33.36,-32.25,1.50,6.75,345.8,47165
2026-03-02 11:44:00,1.09,0.29,0.09,14.79,4.52,1.13,8.86,347.0,36650
2026-03-02 11:45:00,0.45,0.01,1.17,1.42,68.88,1.25,9.10,348.5,37412
2026-03-02 11:46:00,0.65,0.11,1.72,9.50,68.96,1.84,8.58,346.6,29099
2026-03-02 11:47:00,0.29,0.80,-1.60,70.17,-61.95,1.82,7.76,344.5,29224
2026-03-02 11:48:00,0.05,1.23,-2.24,87.64,-61.20,2.56,6.74,341.8,27211
2026-03-02 11:49:00,0.20,1.38,-2.27,81.55,-58.48,2.66,3.69,327.7,24891
2026-03-02 11:50:00,0.07,1.05,-2.46,86.10,-66.80,2.68,5.84,339.6,48455
2026-03-02 11:51:00,0.08,0.89,-2.25,85.13,-68.45,2.42,5.76,345.7,49802
2026-03-02 11:52:00,0.16,1.27,-2.42,82.73,-62.21,2.74,6.59,342.5,35184
2026-03-02 11:53:00,0.13,1.41,-1.97,84.53,-54.36,2.43,4.99,331.1,22135
2026-03-02 11:54:00,0.55,2.53,-1.96,77.72,-37.11,3.25,4.84,330.0,20972
2026-03-02 11:55:00,0.24,2.15,-1.87,83.66,-40.77,2.86,5.84,340.5,37787
2026-03-02 11:56:00,-0.03,2.37,-0.95,90.75,-21.73,2.55,5.79,336.7,34190
2026-03-02 11:57:00,-0.27,1.85,-1.41,98.42,-37.03,2.35,6.53,341.8,42982
2026-03-02 11:58:00,-0.28,2.03,-1.32,97.97,-32.77,2.44,6.55,345.4,43227
2026-03-02 11:59:00,-0.70,1.94,-0.71,109.89,-19.01,2.19,6.21,344.6,36666
2026-03-02 12:00:00,-0.44,1.87,-0.91,103.32,-25.46,2.12,5.02,336.8,27033
2026-03-02 12:01:00,-0.16,2.68,-0.82,93.34,-17.00,2.81,4.18,335.1,34825
2026-03-02 12:02:00,0.37,2.41,-1.46,81.21,-30.89,2.84,5.23,347.2,60112
2026-03-02 12:03:00,0.37,2.59,-1.49,81.80,-29.73,3.01,5.63,348.1,53273
2026-03-02 12:04:00,0.15,2.80,-0.85,86.89,-16.87,2.93,5.53,343.7,39271
2026-03-02 12:05:00,0.26,1.88,-0.67,82.09,-19.39,2.02,5.67,346.8,38567
2026-03-02 12:06:00,0.90,1.67,-0.51,61.69,-15.01,1.96,5.26,350.7,36842
2026-03-02 12:07:00,0.39,1.35,-0.03,73.83,-1.16,1.40,5.82,351.7,39566
2026-03-02 12:08:00,-0.88,2.05,-0.46,113.24,-11.58,2.28,5.05,346.7,39557
2026-03-02 12:09:00,-1.39,1.79,-0.27,127.84,-6.73,2.29,6.53,347.9,57227
2026-03-02 12:10:00,-1.68,1.63,-0.45,135.89,-10.82,2.38,5.92,343.8,46687
2026-03-02 12:11:00,-1.09,1.74,-0.14,122.09,-3.77,2.06,5.63,345.0,37272
2026-03-02 12:12:00,-2.61,1.08,-0.15,157.60,-3.12,2.83,5.09,343.3,36986
2026-03-02 12:13:00,-2.44,1.19,0.02,153.89,0.43,2.71,5.51,336.9,33222
2026-03-02 12:14:00,-2.51,0.44,0.10,169.99,2.34,2.56,5.72,340.9,46520
2026-03-02 12:15:00,-1.89,1.67,-0.47,138.48,-10.45,2.57,5.44,345.7,50268
2026-03-02 12:16:00,0.42,1.35,-0.19,72.75,-7.70,1.43,5.49,348.2,44775
2026-03-02 12:17:00,1.37,2.05,-0.38,56.34,-8.87,2.50,6.62,354.8,49892
2026-03-02 12:18:00,1.40,1.95,-0.42,54.33,-9.82,2.44,7.51,357.9,47473
2026-03-02 12:19:00,1.55,1.27,-0.33,39.35,-9.41,2.04,6.55,353.9,30711
2026-03-02 12:20:00,1.26,1.54,-0.34,50.60,-9.69,2.02,6.76,354.2,30289
2026-03-02 12:21:00,0.03,1.72,0.21,89.16,7.13,1.73,6.24,350.7,31133
2026-03-02 12:22:00,-1.22,1.30,0.86,133.18,25.72,1.98,7.22,350.5,42413
2026-03-02 12:23:00,-1.36,1.37,1.00,134.88,27.37,2.17,5.20,337.8,26570
2026-03-02 12:24:00,-1.18,1.91,0.56,121.65,14.03,2.31,7.68,347.3,37466
2026-03-02 12:25:00,-2.02,2.22,-0.45,132.38,-8.58,3.04,6.79,348.4,47249
2026-03-02 12:26:00,-2.12,1.93,-0.57,137.67,-11.32,2.92,5.26,345.2,38056
2026-03-02 12:27:00,-2.60,1.26,-0.68,154.18,-13.19,2.96,5.01,344.7,36279
2026-03-02 12:28:00,-3.30,0.81,-0.48,166.18,-8.01,3.43,4.30,334.3,38084
2026-03-02 12:29:00,-3.58,1.16,-0.34,162.10,-5.09,3.78,4.63,340.3,45915
2026-03-02 12:30:00,-3.84,0.44,0.13,173.40,1.96,3.87,4.99,335.4,42150
2026-03-02 12:31:00,-3.43,1.17,0.33,161.20,5.26,3.64,5.64,334.8,47734
2026-03-02 12:32:00,-3.11,1.23,0.43,158.46,7.37,3.37,5.50,340.4,51037
2026-03-02 12:33:00,-3.15,1.46,0.58,155.08,9.53,3.52,4.97,341.0,40951
2026-03-02 12:34:00,-3.49,1.55,0.51,156.06,7.63,3.85,5.64,337.6,33678
2026-03-02 12:35:00,-3.35,1.82,0.07,151.46,1.12,3.82,6.29,330.7,22215
2026-03-02 12:36:00,-3.22,1.84,0.08,150.22,1.18,3.71,5.98,343.0,77739
2026-03-02 12:37:00,-3.27,1.76,0.03,151.71,0.42,3.72,6.01,342.5,75686
2026-03-02 12:38:00,-3.28,1.70,-0.51,152.61,-7.83,3.73,6.22,339.4,60086
2026-03-02 12:39:00,-3.35,1.75,-0.91,152.45,-13.51,3.89,5.85,344.5,59017
2026-03-02 12:40:00,-3.53,1.98,-0.83,150.79,-11.65,4.13,5.83,344.1,43883
2026-03-02 12:41:00,-3.83,2.04,-0.86,151.93,-11.26,4.43,3.98,340.4,41461
2026-03-02 12:42:00,-3.93,1.81,-1.13,155.26,-14.58,4.47,4.15,327.9,23885
2026-03-02 12:43:00,-3.91,2.18,-1.16,150.87,-14.56,4.62,4.40,330.9,36333
2026-03-02 12:44:00,-3.88,2.05,-1.50,152.09,-18.88,4.64,4.18,333.5,37842
2026-03-02 12:45:00,-3.78,2.03,-1.64,151.72,-20.98,4.59,3.84,336.1,38411
2026-03-02 12:46:00,-3.73,2.06,-1.76,151.17,-22.48,4.61,3.78,337.6,36034
2026-03-02 12:47:00,-3.89,2.00,-2.08,152.81,-25.43,4.85,3.58,338.1,36210
2026-03-02 12:48:00,-4.30,2.28,-1.46,152.05,-16.69,5.08,3.32,337.6,36857
2026-03-02 12:49:00,-4.32,2.47,-1.12,150.27,-12.71,5.10,3.59,335.4,37969
2026-03-02 12:50:00,-4.32,2.42,-1.61,150.75,-18.00,5.21,4.19,333.3,42977
2026-03-02 12:51:00,-4.37,2.38,-1.52,151.39,-17.03,5.20,4.15,334.1,41671
2026-03-02 12:52:00,-4.19,2.29,-1.85,151.33,-21.25,5.12,3.69,335.7,38342
2026-03-02 12:53:00,-3.99,2.38,-1.94,149.23,-22.65,5.03,4.41,334.0,36814
2026-03-02 12:54:00,-4.32,1.88,0.26,156.43,3.20,4.72,3.57,337.1,35475
2026-03-02 12:55:00,-4.37,1.42,1.61,162.00,19.33,4.87,4.21,337.3,32364
2026-03-02 12:56:00,-4.83,1.79,-0.10,159.66,-1.13,5.15,4.43,336.9,35187
2026-03-02 12:57:00,-4.82,1.79,-0.51,159.61,-5.69,5.17,5.41,330.7,47901
2026-03-02 12:58:00,-4.85,1.95,-0.09,158.12,-0.97,5.23,4.86,330.5,50883
2026-03-02 13:01:00,-4.84,2.26,0.37,154.98,3.96,5.36,4.90,329.2,47153
2026-03-02 13:02:00,-4.63,2.43,-0.10,152.32,-1.09,5.23,4.58,329.6,46442
2026-03-02 13:03:00,-4.69,2.27,-0.03,154.15,-0.32,5.21,4.19,333.0,40128
2026-03-02 13:04:00,-4.81,2.19,0.02,155.55,0.22,5.28,4.41,333.3,39184
2026-03-02 13:05:00,-4.86,2.09,-0.03,156.77,-0.28,5.29,4.80,331.2,41283
2026-03-02 13:06:00,-4.82,2.06,-0.06,156.85,-0.64,5.24,4.44,333.3,35780
2026-03-02 13:07:00,-4.94,1.93,0.23,158.68,2.46,5.31,4.01,333.8,35446
2026-03-02 13:08:00,-5.06,1.92,0.53,159.24,5.55,5.44,4.59,332.9,36815
2026-03-02 13:09:00,-5.14,1.85,0.35,160.21,3.71,5.48,5.26,328.8,45674
2026-03-02 13:10:00,-5.23,1.88,0.40,160.27,4.15,5.57,4.79,328.4,45160
2026-03-02 13:11:00,-5.25,1.98,0.39,159.36,4.02,5.63,4.69,330.2,46293
2026-03-02 13:12:00,-5.16,2.02,0.65,158.62,6.72,5.58,4.32,333.3,37777
2026-03-02 13:13:00,-5.11,2.07,0.78,157.92,8.04,5.57,4.60,331.0,45432
2026-03-02 13:14:00,-5.20,1.92,0.91,159.77,9.34,5.62,4.78,331.5,42571
2026-03-02 13:15:00,-5.18,1.83,1.11,160.49,11.40,5.61,3.97,334.6,37589
2026-03-02 13:16:00,-5.19,1.77,1.25,161.13,12.90,5.62,4.84,331.6,42244
2026-03-02 13:17:00,-5.10,1.68,1.35,161.75,14.09,5.54,4.95,330.8,44101
2026-03-02 13:18:00,-5.05,1.85,1.49,159.88,15.44,5.58,4.53,333.7,35890
2026-03-02 13:19:00,-5.20,1.64,1.38,162.45,14.20,5.63,4.24,334.9,32979
2026-03-02 13:20:00,-5.36,1.56,1.18,163.74,11.98,5.71,4.48,333.6,35220
2026-03-02 13:21:00,-5.33,1.42,1.04,165.05,10.66,5.61,4.49,333.3,35063
2026-03-02 13:22:00,-5.34,1.18,1.18,167.55,12.23,5.59,3.96,333.7,34593
2026-03-02 13:23:00,-5.23,1.10,1.24,168.15,13.09,5.48,4.47,331.3,35493
2026-03-02 13:24:00,-5.27,1.13,1.23,167.92,12.90,5.53,5.32,327.9,43852
2026-03-02 13:25:00,-5.33,1.23,1.11,167.03,11.51,5.59,5.54,328.2,42025
2026-03-02 13:26:00,-5.37,1.23,1.19,167.13,12.15,5.64,4.23,332.2,39001
2026-03-02 13:27:00,-5.40,1.35,1.24,165.96,12.52,5.70,4.54,332.6,35515
2026-03-02 13:28:00,-5.43,1.51,0.93,164.49,9.36,5.71,4.43,330.3,47593
2026-03-02 13:29:00,-5.46,1.40,1.00,165.65,10.01,5.73,5.11,327.6,48547
2026-03-02 13:30:00,-5.50,1.42,1.00,165.52,10.03,5.76,4.72,327.8,48658
2026-03-02 13:31:00,-5.64,1.51,0.93,165.04,9.07,5.91,5.06,328.6,42499
2026-03-02 13:36:00,-5.57,1.54,1.07,164.50,10.52,5.88,4.30,330.8,39684
2026-03-02 13:37:00,-5.55,1.47,1.00,165.11,9.89,5.83,4.36,331.2,37162
2026-03-02 13:38:00,-5.57,1.49,1.11,165.03,10.87,5.87,4.26,331.9,36132
2026-03-02 13:39:00,-5.65,1.50,1.09,165.18,10.58,5.95,3.85,333.0,40040
2026-03-02 13:40:00,-5.65,1.51,1.18,165.07,11.43,5.96,3.92,335.2,33182
2026-03-02 13:41:00,-5.62,1.52,1.23,164.89,11.94,5.95,3.71,334.3,37109
2026-03-02 13:42:00,-5.70,1.36,1.22,166.55,11.79,5.99,3.49,334.9,33305
2026-03-02 13:43:00,-5.71,1.37,1.18,166.52,11.40,5.99,4.63,327.3,43957
2026-03-02 13:44:00,-5.68,1.34,1.15,166.70,11.17,5.95,4.44,330.0,39426
2026-03-02 13:45:00,-5.59,1.36,1.26,166.36,12.34,5.88,3.80,334.2,37169
2026-03-02 13:46:00,-5.68,1.36,1.11,166.53,10.72,5.94,3.31,335.3,32558
2026-03-02 13:47:00,-5.56,1.28,0.95,167.06,9.44,5.78,3.54,334.5,36035
2026-03-02 13:48:00,-5.54,1.22,1.01,167.60,10.07,5.76,4.06,332.7,37419
2026-03-02 13:49:00,-5.48,0.97,0.99,169.93,10.11,5.66,3.69,333.5,35934
2026-03-02 13:50:00,-5.43,0.93,0.95,170.31,9.78,5.59,4.45,331.0,39298
2026-03-02 13:51:00,-5.56,1.08,1.12,169.00,11.21,5.77,4.95,329.2,42050
2026-03-02 13:52:00,-5.43,1.02,1.01,169.38,10.40,5.62,4.69,330.6,39310
2026-03-02 13:53:00,-5.42,0.92,0.97,170.35,9.99,5.58,4.40,332.6,34815
2026-03-02 13:54:00,-5.46,0.90,1.03,170.66,10.57,5.63,4.02,334.2,31918
2026-03-02 13:55:00,-5.48,0.91,1.06,170.61,10.77,5.66,3.96,335.1,31552
2026-03-02 13:56:00,-5.47,0.90,1.09,170.64,11.12,5.65,3.68,334.5,33533
2026-03-02 13:57:00,-5.43,0.95,1.12,170.05,11.46,5.62,3.55,335.3,31375
2026-03-02 13:58:00,-5.49,0.83,1.13,171.41,11.46,5.67,4.84,329.5,40119
2026-03-02 13:59:00,-5.66,0.79,1.14,172.01,11.31,5.82,4.72,327.4,39779
2026-03-02 14:00:00,-5.52,0.73,1.12,172.48,11.40,5.68,3.60,333.3,33878
2026-03-02 14:01:00,-5.50,0.68,1.16,172.94,11.83,5.66,4.29,331.7,33357
2026-03-02 14:02:00,-5.58,0.98,1.14,169.99,11.40,5.78,5.06,326.6,41462
2026-03-02 14:03:00,-5.69,1.11,1.10,168.92,10.76,5.90,4.93,326.4,41862
2026-03-02 14:04:00,-5.67,1.04,1.09,169.60,10.69,5.87,4.32,327.7,41724
2026-03-02 14:05:00,-5.70,1.04,1.10,169.71,10.74,5.90,4.44,327.2,44108
2026-03-02 14:06:00,-5.77,0.97,1.07,170.46,10.34,5.95,4.36,328.1,40563
2026-03-02 14:07:00,-5.49,1.59,1.08,163.88,10.70,5.82,4.17,329.1,37137
2026-03-02 14:09:00,-5.56,1.22,1.00,167.61,10.00,5.78,4.97,326.5,43790
2026-03-02 14:10:00,-5.77,1.04,1.07,169.82,10.35,5.96,5.03,326.1,42831
2026-03-02 14:11:00,-5.83,1.09,1.07,169.46,10.27,6.03,4.91,325.4,41075
2026-03-02 14:12:00,-5.81,1.12,1.07,169.12,10.29,6.01,4.18,326.5,40757
2026-03-02 14:13:00,-5.70,1.29,1.05,167.29,10.18,5.94,4.17,328.6,34947
2026-03-02 14:14:00,-5.73,1.25,1.07,167.70,10.34,5.96,3.40,331.7,33391
2026-03-02 14:15:00,-5.79,0.82,1.16,171.97,11.26,5.96,3.67,331.1,33644
2026-03-02 14:16:00,-5.72,0.78,1.24,172.28,12.15,5.91,3.36,331.9,35550
2026-03-02 14:17:00,-5.65,1.01,1.14,169.82,11.23,5.85,4.90,325.5,41622
2026-03-02 14:18:00,-5.68,1.29,1.09,167.22,10.55,5.93,4.86,324.1,44083
2026-03-02 14:19:00,-5.44,1.37,1.15,165.90,11.54,5.73,4.75,325.0,39536
2026-03-02 14:20:00,-5.37,1.52,1.17,164.24,11.88,5.70,4.71,325.3,39861
2026-03-02 14:21:00,-5.23,1.52,1.17,163.75,12.11,5.57,4.40,328.7,35762
2026-03-02 14:22:00,-5.36,1.43,1.19,165.01,12.09,5.67,3.90,331.4,34069
2026-03-02 14:23:00,-5.29,1.60,1.35,163.12,13.71,5.69,3.37,333.1,32591
2026-03-02 14:24:00,-5.29,1.66,1.43,162.62,14.50,5.73,4.10,329.2,36306
2026-03-02 14:25:00,-5.25,1.75,1.41,161.52,14.32,5.71,4.98,324.7,40728
2026-03-02 14:26:00,-5.36,1.70,1.37,162.39,13.68,5.79,4.26,328.7,36069
2026-03-02 14:27:00,-5.28,1.68,1.38,162.33,14.02,5.72,3.73,332.3,33893
2026-03-02 14:28:00,-5.18,1.66,1.40,162.20,14.47,5.62,3.58,334.0,31448
2026-03-02 14:29:00,-5.12,1.61,1.34,162.57,14.06,5.53,3.95,331.6,31884
2026-03-02 14:30:00,-5.10,1.62,1.36,162.35,14.30,5.52,4.23,330.8,29949
2026-03-02 14:31:00,-5.13,1.57,1.36,162.97,14.19,5.53,3.98,331.1,31546
2026-03-02 14:32:00,-5.25,1.60,1.39,163.09,14.21,5.66,5.17,327.3,41248
2026-03-02 14:33:00,-5.23,1.58,1.46,163.17,14.96,5.66,4.59,327.5,43327
2026-03-02 14:34:00,-5.27,1.57,1.24,163.46,12.68,5.64,4.66,327.1,36098
2026-03-02 14:35:00,-5.36,1.66,1.30,162.79,13.05,5.76,4.49,327.4,38167
2026-03-02 14:36:00,-5.33,1.74,1.40,161.96,14.01,5.77,4.32,328.7,33154
2026-03-02 14:37:00,-5.46,1.73,1.41,162.44,13.84,5.90,4.48,327.1,32743
2026-03-02 14:38:00,-5.39,1.80,1.38,161.52,13.61,5.85,3.96,327.9,32571
2026-03-02 14:39:00,-5.31,1.94,1.49,159.88,14.80,5.85,4.39,325.5,36972
2026-03-02 14:40:00,-5.47,1.92,1.42,160.68,13.79,5.96,5.21,322.0,41901
2026-03-02 14:42:00,-5.46,1.82,1.32,161.56,12.92,5.91,3.83,327.2,37951
2026-03-02 14:43:00,-5.58,1.10,1.15,168.81,11.43,5.80,4.20,326.5,39773
2026-03-02 14:44:00,-5.74,1.17,1.00,168.46,9.67,5.95,5.31,324.1,44461
2026-03-02 14:45:00,-5.76,1.32,1.05,167.05,10.09,6.00,5.09,323.0,42317
2026-03-02 14:46:00,-5.66,1.27,1.08,167.34,10.52,5.90,3.75,324.8,51888
2026-03-02 14:47:00,-5.68,1.06,1.10,169.46,10.83,5.88,5.07,323.8,42670
2026-03-02 14:48:00,-5.63,1.07,1.23,169.22,12.11,5.86,4.63,326.6,35200
2026-03-02 14:49:00,-5.41,1.07,1.13,168.82,11.61,5.63,3.35,330.0,32775
2026-03-02 14:50:00,-5.41,0.97,1.28,169.82,13.08,5.64,3.31,328.6,31396
2026-03-02 14:51:00,-5.50,0.97,1.30,170.00,13.09,5.74,5.00,323.0,42221
2026-03-02 14:52:00,-5.39,0.87,1.33,170.81,13.71,5.62,5.35,322.4,44520
2026-03-02 14:53:00,-5.38,0.94,1.34,170.12,13.77,5.62,5.10,322.2,46804
2026-03-02 14:54:00,-5.43,1.07,1.25,168.82,12.69,5.68,5.37,322.3,45819
2026-03-02 14:55:00,-5.39,1.57,0.98,163.82,9.86,5.70,5.38,323.1,44685
2026-03-02 14:56:00,-5.47,1.77,0.82,162.07,8.16,5.81,5.30,322.9,45859
2026-03-02 14:57:00,-5.57,1.43,0.98,165.60,9.71,5.84,5.24,322.3,48199
2026-03-02 14:58:00,-5.52,1.40,1.06,165.81,10.55,5.80,5.05,323.2,48254
2026-03-02 14:59:00,-5.53,1.51,1.03,164.72,10.23,5.82,5.44,323.8,43961
2026-03-02 15:00:00,-5.41,1.60,1.07,163.57,10.74,5.74,5.24,324.0,46077
2026-03-02 15:01:00,-5.55,1.84,1.04,161.66,10.11,5.94,5.62,320.9,43447
2026-03-02 15:02:00,-5.47,1.71,0.92,162.66,9.10,5.80,5.34,320.0,49395
2026-03-02 15:03:00,-5.40,1.74,0.79,162.11,7.92,5.73,4.89,322.0,44807
2026-03-02 15:04:00,-5.58,1.91,0.96,161.06,9.26,5.98,4.83,322.7,50155
2026-03-02 15:05:00,-5.59,2.04,0.94,159.90,8.96,6.02,4.17,326.4,38793
2026-03-02 15:06:00,-5.52,2.24,0.80,157.92,7.67,6.01,5.10,322.8,43366
2026-03-02 15:07:00,-5.62,1.75,0.74,162.73,7.17,5.93,5.53,321.9,46460
2026-03-02 15:08:00,-5.59,1.82,0.65,161.98,6.35,5.91,5.33,321.7,47919
2026-03-02 15:09:00,-5.47,2.02,0.75,159.74,7.32,5.88,5.26,322.2,46308
2026-03-02 15:10:00,-5.54,2.14,0.69,158.91,6.64,5.97,5.29,323.4,47880
2026-03-02 15:11:00,-5.50,2.07,0.61,159.42,5.89,5.91,5.11,324.3,43152
2026-03-02 15:12:00,-5.45,2.05,0.61,159.37,5.97,5.86,4.41,325.4,38097
2026-03-02 15:13:00,-5.53,1.85,0.68,161.56,6.65,5.87,3.78,326.3,39470
2026-03-02 15:15:00,-5.52,1.86,0.68,161.35,6.61,5.86,4.27,325.9,40346
2026-03-02 15:16:00,-5.43,1.81,0.61,161.53,6.08,5.75,4.28,327.2,40510
2026-03-02 15:17:00,-5.47,1.10,0.48,168.58,4.95,5.60,4.43,331.9,42135
2026-03-02 15:18:00,-5.60,0.82,0.20,171.65,2.05,5.66,5.43,324.7,49168
2026-03-02 15:19:00,-5.54,0.99,0.17,169.84,1.74,5.63,5.31,324.5,54117
2026-03-02 15:20:00,-5.57,0.64,0.28,173.41,2.84,5.62,4.96,324.7,56182
2026-03-02 15:21:00,-5.60,0.57,0.20,174.18,2.05,5.64,5.26,323.1,55813
2026-03-02 15:22:00,-5.55,0.37,0.40,176.15,4.15,5.58,5.30,323.4,52799
2026-03-02 15:23:00,-5.53,0.33,0.33,176.59,3.42,5.55,5.39,323.4,50542
2026-03-02 15:24:00,-5.44,0.82,-0.16,171.44,-1.63,5.50,5.01,323.5,58474
2026-03-02 15:25:00,-5.43,0.59,-0.19,173.85,-2.03,5.47,4.90,323.2,56546
2026-03-02 15:26:00,-5.43,0.27,0.33,177.11,3.52,5.44,4.84,323.2,52762
2026-03-02 15:27:00,-5.42,0.15,0.68,178.38,7.19,5.46,4.80,322.6,53720
2026-03-02 15:28:00,-5.40,0.29,0.38,176.90,4.06,5.43,4.71,322.1,56536
2026-03-02 15:29:00,-5.36,0.38,0.21,175.90,2.27,5.38,4.83,322.7,55472
2026-03-02 15:30:00,-5.29,0.36,0.03,176.14,0.29,5.30,5.10,322.6,52473
2026-03-02 15:31:00,-5.28,-0.01,0.20,180.09,2.19,5.28,4.64,321.6,55482
2026-03-02 15:32:00,-5.11,-0.28,0.91,183.10,10.06,5.20,4.38,321.2,55868
2026-03-02 15:33:00,-5.02,-0.30,0.85,183.45,9.61,5.10,4.88,321.0,52615
2026-03-02 15:34:00,-4.94,-0.24,1.11,182.75,12.64,5.06,4.99,320.7,50201
2026-03-02 15:35:00,-4.57,1.45,0.01,162.43,0.07,4.80,4.90,323.0,47827
2026-03-02 15:36:00,-4.58,1.35,0.09,163.53,1.13,4.78,4.78,324.4,49048
2026-03-02 15:37:00,-4.35,1.71,0.00,158.50,-0.02,4.67,4.60,323.2,47008
2026-03-02 15:38:00,-4.36,1.60,-0.21,159.83,-2.65,4.65,4.19,323.7,51447
2026-03-02 15:39:00,-4.33,1.55,-0.27,160.36,-3.37,4.61,4.13,323.9,52264
2026-03-02 15:40:00,-4.53,1.08,0.38,166.54,4.68,4.67,5.01,320.5,50585
2026-03-02 15:41:00,-4.88,0.31,0.95,176.33,11.03,4.98,4.37,323.5,49433
2026-03-02 15:42:00,-4.93,0.62,1.07,172.89,12.20,5.09,4.17,322.3,43565
2026-03-02 15:43:00,-4.84,0.72,1.09,171.57,12.53,5.01,4.38,320.0,42142
2026-03-02 15:44:00,-4.74,0.84,-0.13,169.97,-1.52,4.82,4.73,320.7,49342
2026-03-02 15:45:00,-4.59,1.10,-0.07,166.53,-0.85,4.72,4.92,321.7,52726
2026-03-02 15:46:00,-4.83,0.85,0.30,169.96,3.56,4.91,4.72,321.1,48290
2026-03-02 15:48:00,-4.99,0.73,0.53,171.73,6.05,5.07,3.61,326.9,43124
2026-03-02 15:49:00,-5.05,0.75,0.49,171.51,5.48,5.13,3.51,327.8,42445
2026-03-02 15:50:00,-4.93,1.20,0.24,166.36,2.69,5.08,2.80,334.3,37502
2026-03-02 15:51:00,-5.03,1.22,0.26,166.31,2.91,5.18,2.78,332.9,41211
2026-03-02 15:52:00,-5.03,1.19,0.11,166.69,1.17,5.17,5.16,322.3,47309
2026-03-02 15:53:00,-5.16,1.03,0.27,168.70,2.96,5.27,4.71,323.1,51281
2026-03-02 15:54:00,-5.00,1.06,0.29,168.06,3.27,5.12,4.34,326.5,44382
2026-03-02 15:55:00,-4.95,1.16,0.31,166.85,3.50,5.10,3.51,330.6,39614
2026-03-02 15:56:00,-4.84,1.29,0.21,165.07,2.40,5.01,3.92,330.5,35670
2026-03-02 15:57:00,-4.83,0.70,0.40,171.71,4.73,4.90,3.55,332.0,38888
2026-03-02 15:58:00,-4.81,-0.78,0.60,189.19,6.97,4.91,3.32,332.3,40009
2026-03-02 16:02:00,-4.14,-0.84,0.74,191.42,9.88,4.28,4.51,327.8,36236
2026-03-02 16:03:00,-4.26,-0.81,0.78,190.73,10.22,4.41,4.14,329.4,35467
2026-03-02 16:09:00,-4.78,-0.38,1.35,184.55,15.79,4.98,3.69,332.3,40106
2026-03-02 16:10:00,-4.94,-0.29,1.76,183.34,19.62,5.25,2.93,333.0,38541
2026-03-02 16:11:00,-5.02,-0.28,1.82,183.14,19.90,5.35,3.49,328.2,49474
2026-03-02 16:12:00,-5.14,-0.31,1.86,183.47,19.83,5.48,4.34,328.4,52686
2026-03-02 16:13:00,-5.06,-0.44,1.85,185.02,20.04,5.41,4.14,331.8,46917
2026-03-02 16:14:00,-5.14,-0.55,1.72,186.10,18.45,5.45,3.78,331.0,62891
2026-03-02 16:15:00,-5.21,-0.43,1.76,184.68,18.58,5.52,4.34,327.6,59237
2026-03-02 16:16:00,-5.15,-0.43,1.84,184.76,19.63,5.49,5.19,326.3,42257
2026-03-02 16:17:00,-5.02,-0.50,1.76,185.69,19.23,5.35,5.60,326.5,40850
2026-03-02 16:18:00,-4.97,-0.37,1.80,184.24,19.83,5.30,5.96,326.2,39878
2026-03-02 16:19:00,-4.92,-0.42,1.83,184.85,20.36,5.27,6.13,324.9,41474
2026-03-02 16:20:00,-4.15,-0.44,1.64,186.09,21.45,4.48,5.62,323.0,48025
2026-03-02 16:21:00,-3.62,-0.41,1.57,186.41,23.29,3.96,5.54,334.2,53333
2026-03-02 16:22:00,-3.92,-0.27,1.61,183.98,22.32,4.25,5.50,334.1,52275
2026-03-02 16:23:00,-3.65,-0.22,1.83,183.44,26.57,4.09,4.62,332.8,32182
2026-03-02 16:24:00,-4.09,-0.45,1.95,186.30,25.36,4.55,4.41,327.9,36437
2026-03-02 16:25:00,-3.89,-0.24,1.64,183.53,22.87,4.23,3.05,335.2,31508
2026-03-02 16:26:00,-3.52,-0.13,1.32,182.18,20.58,3.76,2.94,323.7,27746
2026-03-02 16:27:00,-4.05,-0.28,2.04,183.96,26.68,4.55,4.42,325.1,32932
2026-03-02 16:28:00,-4.12,-0.26,1.84,183.57,24.03,4.52,3.77,330.6,34632
2026-03-02 16:29:00,-4.19,-0.27,1.65,183.66,21.39,4.51,3.63,331.0,31184
2026-03-02 16:30:00,-3.84,-0.28,1.63,184.13,22.98,4.19,3.38,331.3,32657
2026-03-02 16:31:00,-3.01,-0.27,1.96,185.10,32.99,3.60,3.53,325.1,35267
2026-03-02 16:32:00,-3.25,-0.34,1.82,186.04,29.12,3.74,4.08,321.3,39138
2026-03-02 16:33:00,-3.36,-0.31,1.73,185.32,27.18,3.79,6.22,324.4,50334
2026-03-02 16:34:00,-2.86,-0.51,2.00,190.14,34.46,3.53,7.91,321.1,49447
2026-03-02 16:35:00,-2.91,-0.32,2.08,186.23,35.46,3.59,8.69,319.9,29879
2026-03-02 16:36:00,-3.09,0.45,1.86,171.73,30.72,3.63,17.89,333.0,46349
2026-03-02 16:37:00,-3.90,-0.34,1.82,184.97,24.96,4.31,5.67,320.1,44458
2026-03-02 16:38:00,-4.60,-1.17,1.95,194.33,22.33,5.13,4.87,321.1,45232
2026-03-02 16:39:00,-4.32,-1.23,1.89,195.83,22.78,4.87,5.27,319.9,47048
2026-03-02 16:40:00,-4.08,-1.00,1.86,193.80,23.88,4.59,3.70,322.0,51810
2026-03-02 16:41:00,-3.84,-1.21,1.90,197.43,25.21,4.45,3.38,311.6,18675
2026-03-02 16:42:00,-3.69,-0.68,1.71,190.47,24.49,4.12,9.30,331.2,81407
2026-03-02 16:43:00,-4.35,0.58,1.74,172.34,21.69,4.72,5.65,324.7,65149
2026-03-02 16:44:00,-4.53,0.53,1.70,173.28,20.49,4.87,6.53,324.4,38464
2026-03-02 16:45:00,-4.52,0.79,1.50,170.14,18.15,4.82,5.74,323.1,44040
2026-03-02 16:46:00,-4.32,0.58,1.36,172.34,17.31,4.56,5.60,322.9,47377
2026-03-02 16:47:00,-4.52,0.47,1.44,174.08,17.55,4.76,5.74,323.0,46246
2026-03-02 16:48:00,-4.70,0.44,1.39,174.66,16.38,4.92,5.43,322.0,46485
2026-03-02 16:49:00,-5.01,0.48,1.16,174.58,13.00,5.17,5.23,321.2,48660
2026-03-02 16:50:00,-5.28,0.21,1.28,177.69,13.66,5.44,4.73,322.2,53181
2026-03-02 16:51:00,-5.25,0.14,1.31,178.47,14.05,5.41,4.53,326.6,49482
2026-03-02 16:52:00,-5.34,0.05,1.30,179.51,13.70,5.50,6.54,327.7,43523
2026-03-02 16:53:00,-5.34,-0.08,1.25,180.84,13.13,5.48,15.13,327.4,29137
2026-03-02 16:54:00,-5.38,-0.09,1.28,180.92,13.38,5.53,3.75,,
2026-03-02 16:55:00,-5.19,0.13,1.34,178.55,14.49,5.36,3.75,326.4,32353
2026-03-02 16:56:00,-5.18,0.01,1.36,179.91,14.67,5.35,4.41,331.0,39773
2026-03-02 16:57:00,-5.13,0.12,1.48,178.62,16.08,5.34,3.75,332.5,39654
2026-03-02 16:58:00,-4.93,0.14,1.18,178.33,13.50,5.07,3.37,335.0,38713
2026-03-02 16:59:00,-4.44,0.00,1.24,180.04,15.60,4.61,2.83,332.2,40270
2026-03-02 17:00:00,-4.31,0.01,1.28,179.88,16.49,4.49,3.67,320.1,40116
2026-03-02 17:01:00,-4.36,0.15,1.30,178.02,16.55,4.56,3.97,321.9,51246
2026-03-02 17:02:00,-4.56,0.14,1.15,178.25,14.21,4.70,3.38,331.5,52182
2026-03-02 17:03:00,-4.42,0.02,0.99,179.76,12.64,4.53,3.08,334.6,45972
2026-03-02 17:04:00,-3.62,0.12,1.07,178.13,16.51,3.78,3.03,334.1,41531
2026-03-02 17:05:00,-3.53,-0.02,1.04,180.29,16.49,3.68,2.97,333.3,37083
2026-03-02 17:06:00,-3.64,-0.09,1.06,181.41,16.30,3.79,2.95,331.8,34134
2026-03-02 17:07:00,-3.78,0.03,1.28,179.50,18.78,3.99,2.91,331.6,41975
2026-03-02 17:08:00,-4.23,0.26,1.04,176.50,13.75,4.37,4.24,321.1,63850
2026-03-02 17:09:00,-4.27,0.22,0.84,177.05,11.12,4.36,4.83,320.3,58598
2026-03-02 17:10:00,-4.40,0.22,0.91,177.20,11.63,4.50,4.13,325.4,57415
2026-03-02 17:11:00,-4.68,0.19,0.88,177.69,10.62,4.76,2.99,338.9,55624
2026-03-02 17:12:00,-4.39,0.18,0.85,177.71,10.95,4.47,2.89,333.0,42061
2026-03-02 17:13:00,-4.42,0.10,0.81,178.67,10.41,4.49,2.66,336.2,41448
2026-03-02 17:14:00,-4.21,0.11,0.88,178.54,11.86,4.30,1.99,339.7,37584
2026-03-02 17:15:00,-3.84,0.20,0.87,176.96,12.80,3.94,3.34,325.2,57375
2026-03-02 17:16:00,-3.98,0.25,1.00,176.35,14.14,4.11,4.35,321.6,56267
2026-03-02 17:17:00,-3.82,0.21,1.14,176.92,16.60,3.99,3.21,332.3,55484
2026-03-02 17:18:00,-3.76,0.17,1.11,177.47,16.41,3.93,2.60,333.3,42818
2026-03-02 17:19:00,-3.93,0.49,0.82,172.91,11.67,4.05,3.07,320.8,31983
2026-03-02 17:20:00,-4.02,0.62,0.60,171.29,8.35,4.11,4.34,314.4,41304
2026-03-02 17:21:00,-4.05,0.54,0.62,172.43,8.58,4.14,5.49,317.0,53046
2026-03-02 17:22:00,-4.20,0.38,0.62,174.84,8.41,4.26,6.97,318.9,45547
2026-03-02 17:23:00,-4.28,0.17,0.64,177.67,8.55,4.33,8.97,321.3,37007
2026-03-02 17:24:00,-4.02,0.17,0.69,177.63,9.71,4.08,5.42,314.3,51573
2026-03-02 17:25:00,-4.17,0.19,0.70,177.38,9.45,4.23,5.12,315.1,54161
2026-03-02 17:26:00,-4.16,0.17,0.60,177.67,8.26,4.21,5.76,315.7,53135
2026-03-02 17:28:00,-4.25,0.15,0.54,178.03,7.29,4.29,3.53,323.4,35455
2026-03-02 17:29:00,-4.25,0.11,0.63,178.51,8.41,4.30,2.28,336.4,49292
2026-03-02 17:30:00,-4.13,0.11,0.67,178.52,9.14,4.18,2.18,333.5,44479
2026-03-02 17:31:00,-4.16,0.10,0.61,178.56,8.37,4.20,2.22,334.3,35183
2026-03-02 17:32:00,-4.18,0.03,0.55,179.52,7.49,4.22,2.09,332.3,39449
2026-03-02 17:33:00,-4.15,0.01,0.51,179.92,6.95,4.18,1.81,335.0,40343
2026-03-02 17:34:00,-4.23,-0.06,0.52,180.81,6.95,4.26,3.43,320.8,32026
2026-03-02 17:35:00,-4.34,0.00,0.68,179.96,8.96,4.40,4.85,311.8,40853
2026-03-02 17:36:00,-4.58,-0.03,0.82,180.37,10.15,4.65,5.37,317.3,52744
2026-03-02 17:37:00,-4.35,-0.10,0.61,181.35,8.01,4.39,5.33,318.5,51897
2026-03-02 17:38:00,-4.42,-0.13,0.66,181.68,8.51,4.48,4.61,314.2,53557
2026-03-02 17:39:00,-4.43,-0.23,0.77,182.95,9.79,4.50,4.73,314.8,54825
2026-03-02 17:40:00,-4.70,-0.44,0.62,185.32,7.46,4.76,4.51,316.0,55342
2026-03-02 17:41:00,-5.20,-0.46,0.81,185.09,8.82,5.29,4.31,319.8,53879
2026-03-02 17:42:00,-5.15,-0.40,0.97,184.40,10.59,5.26,4.91,321.5,58141
2026-03-02 17:43:00,-5.17,-0.47,0.87,185.22,9.56,5.27,4.19,318.7,60615
2026-03-02 17:44:00,-4.96,-0.65,0.31,187.51,3.53,5.02,5.41,320.6,55629
2026-03-02 17:45:00,-5.06,-0.52,0.30,185.81,3.32,5.10,4.68,320.8,55455
2026-03-02 17:46:00,-4.26,-0.50,0.28,186.64,3.75,4.30,5.05,321.8,58119
2026-03-02 17:47:00,-4.48,-0.61,0.32,187.70,4.00,4.53,5.90,321.2,60428
2026-03-02 17:48:00,-4.86,-0.47,1.28,185.54,14.68,5.05,5.33,322.6,52848
2026-03-02 17:49:00,-4.81,-0.67,0.98,187.92,11.39,4.95,5.20,321.3,49199
2026-03-02 17:50:00,-4.75,-0.88,0.67,190.55,7.94,4.88,5.27,320.5,51995
2026-03-02 17:51:00,-4.78,-0.57,0.92,186.82,10.81,4.90,5.03,322.1,55802
2026-03-02 17:52:00,-4.80,-0.75,0.97,188.88,11.33,4.96,4.85,323.5,56460
2026-03-02 17:53:00,-5.06,-0.88,0.87,189.84,9.60,5.21,11.21,323.8,41166
2026-03-02 17:54:00,-5.31,-1.07,-0.02,191.38,-0.21,5.42,16.19,322.6,31556
2026-03-02 17:55:00,-5.33,-0.92,0.24,189.75,2.51,5.41,4.90,318.8,58466
2026-03-02 17:56:00,-5.42,-0.99,0.25,190.40,2.56,5.52,4.62,318.9,53023
2026-03-02 17:57:00,-5.50,-0.88,0.37,189.06,3.82,5.58,4.79,317.3,51328
2026-03-02 17:58:00,-5.45,-0.81,0.37,188.43,3.79,5.53,4.89,318.3,47381
2026-03-02 17:59:00,-5.45,-0.78,0.37,188.13,3.87,5.52,4.72,315.6,50232
2026-03-02 18:00:00,-5.47,-0.78,0.29,188.13,2.99,5.53,4.72,,
2026-03-02 18:01:00,-5.42,-0.72,0.56,187.59,5.86,5.50,9.51,322.4,27597
2026-03-02 18:02:00,-5.44,-0.74,0.45,187.75,4.69,5.51,5.34,316.9,47283
2026-03-02 18:03:00,-5.43,-0.80,0.35,188.40,3.69,5.50,4.77,315.6,49831
2026-03-02 18:04:00,-5.36,-0.75,0.33,187.94,3.52,5.42,5.16,317.1,50792
2026-03-02 18:05:00,-5.45,-0.74,0.43,187.76,4.43,5.52,5.10,317.8,47793
2026-03-02 18:06:00,-5.30,-1.00,0.27,190.67,2.82,5.39,5.01,316.9,48065
2026-03-02 18:07:00,-5.28,-0.84,0.30,189.01,3.25,5.35,4.86,317.8,51177
2026-03-02 18:08:00,-5.15,-1.06,0.08,191.67,0.87,5.25,7.10,322.0,42257
2026-03-02 18:09:00,-5.00,-1.21,-0.06,193.64,-0.70,5.14,7.93,322.1,38694
2026-03-02 18:10:00,-5.22,-1.01,-0.02,190.99,-0.20,5.32,4.57,316.6,53733
2026-03-02 18:11:00,-5.25,-0.72,0.09,187.80,1.00,5.30,4.75,315.2,52338
2026-03-02 18:12:00,-5.26,-0.88,-0.01,189.44,-0.13,5.34,5.25,314.7,46341
2026-03-02 18:13:00,-5.28,-0.88,0.06,189.46,0.60,5.35,5.23,315.9,47915
2026-03-02 18:14:00,-5.32,-0.98,0.03,190.40,0.35,5.41,4.99,316.9,48811
2026-03-02 18:15:00,-5.49,-0.96,-0.23,189.94,-2.41,5.57,4.46,316.4,50365
2026-03-02 18:16:00,-5.34,-1.04,-0.27,191.05,-2.84,5.45,4.72,315.5,52784
2026-03-02 18:17:00,-5.22,-1.04,-0.21,191.25,-2.23,5.33,4.61,315.1,50449
2026-03-02 18:18:00,-5.32,-0.92,0.04,189.84,0.40,5.40,4.80,316.4,51933
2026-03-02 18:19:00,-5.43,-0.93,-0.33,189.72,-3.40,5.52,4.85,316.5,51114
2026-03-02 18:20:00,-5.26,-0.88,-0.44,189.48,-4.76,5.35,4.65,316.7,48304
2026-03-02 18:21:00,-5.37,-0.94,-0.77,189.93,-8.01,5.50,4.46,315.2,47929
2026-03-02 18:22:00,-5.41,-1.14,-0.65,191.87,-6.68,5.57,5.22,317.8,45014
2026-03-02 18:23:00,-5.36,-1.24,-0.42,193.01,-4.41,5.52,5.21,318.9,43964
2026-03-02 18:24:00,-5.20,-1.78,-0.52,198.87,-5.36,5.52,4.81,317.3,47780
2026-03-02 18:25:00,-5.44,-1.29,-0.36,193.37,-3.71,5.61,5.03,316.5,48281
2026-03-02 18:26:00,-5.41,-1.29,-0.40,193.43,-4.15,5.58,4.86,316.9,44957
2026-03-02 18:27:00,-5.50,-1.35,-0.30,193.82,-3.03,5.67,4.52,318.8,46914
2026-03-02 18:28:00,-5.43,-1.42,-0.25,194.70,-2.54,5.61,4.97,318.0,45626
2026-03-02 18:29:00,-5.34,-1.60,-0.34,196.65,-3.51,5.58,5.28,315.3,43670
2026-03-02 18:30:00,-5.32,-1.72,-0.36,197.91,-3.73,5.61,5.13,317.5,42631
2026-03-02 18:31:00,-5.21,-1.87,-0.35,199.74,-3.59,5.54,4.50,315.9,44595
2026-03-02 18:32:00,-5.25,-1.79,-0.40,198.82,-4.12,5.56,4.39,317.4,44669
2026-03-02 18:33:00,-5.28,-1.73,-0.39,198.19,-4.06,5.57,4.39,317.4,44670
2026-03-02 18:34:00,-5.26,-1.73,-0.41,198.19,-4.22,5.55,2.57,323.7,33511
2026-03-02 18:35:00,-5.16,-1.81,-0.44,199.30,-4.60,5.48,4.71,319.0,33525
2026-03-02 18:36:00,-5.20,-1.91,-0.41,200.20,-4.26,5.56,5.32,317.5,40076
2026-03-02 18:37:00,-5.33,-1.44,-0.45,195.08,-4.63,5.54,5.03,316.9,47106
2026-03-02 18:38:00,-5.34,-1.68,-0.45,197.46,-4.56,5.61,4.52,315.5,45546
2026-03-02 18:39:00,-5.28,-1.81,-0.18,198.89,-1.88,5.58,4.81,314.0,42383
2026-03-02 18:40:00,-5.37,-0.58,-0.23,186.21,-2.43,5.41,5.15,314.3,41636
2026-03-02 18:41:00,-5.42,-0.31,-0.25,183.30,-2.64,5.43,4.68,315.2,43849
2026-03-02 18:42:00,-5.35,-0.76,-0.20,188.09,-2.14,5.41,5.40,316.8,45576
2026-03-02 18:43:00,-5.32,-1.02,-0.25,190.84,-2.67,5.43,7.25,319.5,40621
2026-03-02 18:44:00,-5.05,-1.59,-0.23,197.50,-2.46,5.30,5.23,314.3,43331
2026-03-02 18:45:00,-5.05,-1.54,-0.47,196.98,-5.13,5.30,5.04,314.5,44144
2026-03-02 18:46:00,-5.05,-1.35,-0.40,194.92,-4.43,5.24,4.91,315.9,42101
2026-03-02 18:47:00,-5.12,-1.33,-0.27,194.51,-2.93,5.30,4.64,314.9,41898
2026-03-02 18:48:00,-5.28,-1.08,0.17,191.56,1.82,5.40,5.25,314.5,48514
2026-03-02 18:49:00,-5.38,-0.92,0.09,189.74,0.90,5.46,5.41,315.1,45973
2026-03-02 18:50:00,-5.42,-0.69,0.10,187.23,1.08,5.46,4.83,314.1,47086
2026-03-02 18:51:00,-5.41,-0.62,-0.09,186.54,-0.91,5.45,4.65,313.3,43369
2026-03-02 18:52:00,-5.49,-0.67,-0.03,186.95,-0.35,5.53,4.83,312.8,40061
2026-03-02 18:53:00,-5.44,-0.90,-0.17,189.37,-1.80,5.52,4.82,313.4,38506
2026-03-02 18:54:00,-5.31,-1.29,-0.33,193.67,-3.47,5.48,4.91,313.5,38167
2026-03-02 18:55:00,-5.40,-1.15,-0.05,192.03,-0.54,5.52,5.00,314.3,38916
2026-03-02 18:56:00,-5.47,-0.73,0.30,187.57,3.13,5.52,4.95,314.5,40132
2026-03-02 18:57:00,-5.45,-0.75,0.40,187.85,4.13,5.52,5.45,314.8,41592
2026-03-02 18:58:00,-5.27,-0.91,0.28,189.80,3.02,5.35,5.89,316.2,42673
2026-03-02 18:59:00,-5.26,-1.20,0.02,192.87,0.25,5.39,4.86,315.0,43064
2026-03-02 19:00:00,-5.10,-1.36,-0.35,194.89,-3.77,5.28,4.65,316.7,44896
2026-03-02 19:01:00,-5.04,-1.27,0.46,194.18,5.01,5.22,6.17,317.7,39391
2026-03-02 19:02:00,-4.16,-0.78,1.31,190.67,17.18,4.43,14.39,322.2,24324
2026-03-02 19:03:00,-3.94,-0.94,1.38,193.46,18.79,4.28,6.38,313.6,48046
2026-03-02 19:04:00,-3.93,-1.09,1.32,195.53,17.91,4.28,6.29,312.8,37553
2026-03-02 19:05:00,-3.90,-1.25,1.29,197.78,17.43,4.29,6.20,312.9,37735
2026-03-02 19:06:00,-3.98,-0.86,1.44,192.24,19.47,4.31,6.20,312.9,37768
2026-03-02 19:07:00,-4.04,-0.64,1.21,189.01,16.51,4.27,4.35,321.8,25870
2026-03-02 19:08:00,-4.05,-0.37,1.17,185.24,16.08,4.24,2.71,329.6,28647
2026-03-02 19:09:00,-4.04,-0.16,1.30,182.29,17.76,4.25,3.30,319.4,27730
2026-03-02 19:10:00,-3.96,-0.30,1.52,184.30,20.93,4.25,4.45,318.9,32916
2026-03-02 19:11:00,-3.92,-0.35,1.58,185.07,21.95,4.24,3.88,326.7,37250
2026-03-02 19:12:00,-3.91,-0.33,1.46,184.88,20.43,4.19,3.07,330.6,34511
2026-03-02 19:13:00,-3.96,-0.20,1.48,182.95,20.50,4.24,3.21,330.5,29177
2026-03-02 19:14:00,-3.95,0.07,1.66,178.96,22.80,4.29,3.22,329.2,25603
2026-03-02 19:15:00,-3.79,0.68,1.81,169.89,25.14,4.25,2.97,330.4,25203
2026-03-02 19:16:00,-3.79,0.12,1.70,178.12,24.17,4.16,3.26,324.9,25653
2026-03-02 19:17:00,-3.84,-0.70,1.41,190.40,19.93,4.15,4.39,311.9,31113
2026-03-02 19:18:00,-3.74,-1.26,1.30,198.61,18.27,4.15,4.59,317.3,40863
2026-03-02 19:19:00,-3.76,-1.32,1.23,199.31,17.11,4.16,5.00,324.0,37440
2026-03-02 19:20:00,-3.70,-0.93,1.52,194.08,21.70,4.10,3.40,328.5,31634
2026-03-02 19:21:00,-3.73,-0.57,1.37,188.72,20.04,4.01,3.50,330.6,23040
2026-03-02 19:22:00,-3.50,-0.93,1.15,194.91,17.66,3.80,3.98,316.4,25147
2026-03-02 19:23:00,-2.57,-1.16,0.73,204.32,14.43,2.91,5.59,319.7,33537
2026-03-02 19:24:00,-2.37,-1.39,0.64,210.34,13.15,2.82,6.85,320.4,35519
2026-03-02 19:25:00,-2.63,-1.40,0.71,207.98,13.36,3.07,7.20,318.8,35953
2026-03-02 19:26:00,-2.42,-1.39,0.60,209.95,12.05,2.85,7.06,318.5,36008
2026-03-02 19:27:00,-2.72,-1.38,0.89,206.80,16.21,3.18,6.11,319.4,40372
2026-03-02 19:28:00,-2.70,-1.21,0.81,204.24,15.33,3.07,8.72,321.2,34099
2026-03-02 19:29:00,-2.77,-1.15,0.86,202.67,15.97,3.12,10.71,320.6,27840
2026-03-02 19:30:00,-2.67,-1.06,0.83,201.62,16.06,2.99,7.31,318.1,37155
2026-03-02 19:31:00,-2.74,-1.02,0.81,200.50,15.52,3.03,7.41,319.9,35071
2026-03-02 19:32:00,-2.99,-0.57,0.98,190.80,17.90,3.20,7.25,318.2,36919
2026-03-02 19:33:00,-3.04,-0.66,0.97,192.31,17.36,3.26,7.91,318.5,36795
2026-03-02 19:34:00,-2.87,-0.86,1.02,196.73,18.87,3.17,6.99,316.4,38714
2026-03-02 19:35:00,-2.65,-0.92,0.87,199.18,17.17,2.94,6.72,318.2,36956
2026-03-02 19:36:00,-2.44,-0.31,1.31,187.22,28.09,2.79,7.17,319.0,39088
2026-03-02 19:37:00,-1.62,0.65,1.77,158.18,45.40,2.49,6.89,317.8,38979
2026-03-02 19:38:00,-2.08,0.52,1.68,165.82,38.11,2.72,6.39,319.9,40536
2026-03-02 19:39:00,-2.66,-0.80,0.86,196.82,17.19,2.91,6.31,320.2,40813
2026-03-02 19:41:00,-0.66,-2.13,-1.52,252.67,-34.33,2.70,4.48,327.4,38015
2026-03-02 19:42:00,-0.04,-2.30,-2.05,269.08,-41.72,3.08,3.70,328.9,26761
2026-03-02 19:43:00,-0.10,-1.85,-1.70,266.98,-42.54,2.52,4.05,321.5,20724
2026-03-02 19:44:00,-0.16,-2.03,-2.05,265.50,-45.18,2.89,5.27,316.4,25579
2026-03-02 19:45:00,0.15,-2.01,-2.21,274.17,-47.60,2.99,5.22,321.7,29894
2026-03-02 19:46:00,-0.04,-2.13,-2.11,268.98,-44.76,3.00,4.24,325.1,27770
2026-03-02 19:47:00,-0.23,-2.27,-1.81,264.15,-38.41,2.92,3.76,325.5,21702
2026-03-02 19:48:00,-0.35,-2.53,-2.02,262.20,-38.30,3.25,3.61,323.9,23267
2026-03-02 19:49:00,-0.28,-2.67,-2.17,264.11,-38.90,3.45,3.68,325.2,19034
2026-03-02 19:50:00,-0.34,-2.19,-1.71,261.23,-37.73,2.80,3.12,324.6,19065
2026-03-02 19:51:00,-0.12,-2.42,-2.26,267.07,-43.01,3.32,6.14,313.4,20480
2026-03-02 19:52:00,-0.04,-2.87,-2.67,269.30,-42.88,3.92,5.93,316.5,37287
2026-03-02 19:53:00,-0.07,-3.52,-2.97,268.87,-40.10,4.61,6.80,316.2,30127
2026-03-02 19:54:00,-0.14,-3.39,-3.11,267.59,-42.56,4.60,6.23,315.6,27418
2026-03-02 19:55:00,-0.22,-3.08,-3.17,265.89,-45.75,4.43,6.02,313.7,25702
2026-03-02 19:56:00,-0.40,-3.45,-3.14,263.44,-42.11,4.68,6.16,313.6,26944
2026-03-02 19:57:00,-0.30,-3.69,-3.17,265.29,-40.56,4.87,5.98,313.5,26829
2026-03-02 19:58:00,-0.42,-3.81,-3.21,263.76,-39.93,5.00,5.52,312.8,26121
2026-03-02 19:59:00,-0.23,-3.34,-3.61,266.13,-47.24,4.92,5.39,313.6,24608
2026-03-02 20:00:00,-0.50,-3.69,-3.25,262.22,-41.05,4.94,5.75,313.1,24305
2026-03-02 20:01:00,-1.11,-3.95,-2.77,254.25,-33.97,4.95,6.00,311.7,26100
2026-03-02 20:02:00,-1.03,-3.99,-2.65,255.54,-32.80,4.90,6.22,313.2,26485
2026-03-02 20:03:00,-1.06,-4.08,-2.62,255.43,-31.85,4.96,6.93,314.3,25230
2026-03-02 20:04:00,-1.25,-4.38,-2.65,254.11,-30.22,5.27,6.66,313.4,26154
2026-03-02 20:05:00,-1.41,-4.46,-2.44,252.50,-27.49,5.27,6.31,313.2,26335
2026-03-02 20:06:00,-1.62,-4.19,-2.78,248.82,-31.69,5.28,6.23,311.1,25089
2026-03-02 20:07:00,-1.59,-4.18,-2.80,249.10,-32.09,5.28,5.73,311.4,25704
2026-03-02 20:08:00,-1.93,-4.23,-2.60,245.49,-29.24,5.32,5.95,310.7,26583
2026-03-02 20:09:00,-2.21,-4.19,-2.51,242.15,-27.93,5.36,5.52,310.8,25946
2026-03-02 20:10:00,-2.13,-4.35,-2.45,243.90,-26.86,5.43,5.19,309.6,29564
2026-03-02 20:11:00,-2.22,-4.66,-2.11,244.49,-22.20,5.58,6.75,310.2,27383
2026-03-02 20:12:00,-2.17,-4.64,-2.19,244.94,-23.14,5.57,7.19,310.4,26600
2026-03-02 20:14:00,-2.15,-4.06,-2.24,242.03,-25.96,5.11,5.32,307.2,14639
2026-03-02 20:15:00,-2.61,-4.10,-1.71,237.52,-19.41,5.15,7.52,315.4,51496
2026-03-02 20:16:00,-3.09,-3.82,-1.61,230.98,-18.09,5.17,7.95,316.7,61207
2026-03-02 20:17:00,-2.78,-3.77,-1.95,233.66,-22.60,5.08,5.61,310.2,33552
2026-03-02 20:18:00,-2.72,-4.27,-1.15,237.50,-12.81,5.19,5.55,310.8,35760
2026-03-02 20:19:00,-2.77,-3.97,-0.69,235.08,-8.14,4.89,6.47,307.9,31181
2026-03-02 20:20:00,-2.56,-3.82,-0.77,236.15,-9.53,4.67,6.11,308.6,30212
2026-03-02 20:21:00,-2.80,-3.59,-0.31,231.99,-3.86,4.56,6.65,308.0,28952
2026-03-02 20:22:00,-2.86,-3.74,-0.43,232.53,-5.19,4.73,6.64,307.7,26127
2026-03-02 20:23:00,-2.69,-3.89,-0.14,235.36,-1.74,4.73,6.90,307.6,29821
2026-03-02 20:24:00,-2.45,-3.90,-0.01,237.87,-0.15,4.61,6.57,309.2,26698
2026-03-02 20:25:00,-2.65,-3.09,-0.99,229.43,-13.64,4.19,6.26,309.9,34428
2026-03-02 20:26:00,-2.52,-3.09,-0.89,230.81,-12.55,4.09,6.24,309.4,29560
2026-03-02 20:27:00,-2.45,-3.08,-0.81,231.47,-11.67,4.02,6.53,310.4,29428
2026-03-02 20:28:00,-2.15,-2.10,-0.68,224.28,-12.80,3.08,5.79,309.4,27687
2026-03-02 20:29:00,-2.04,-1.67,-1.63,219.20,-31.75,3.10,5.65,309.6,25059
2026-03-02 20:30:00,-2.18,-1.64,-1.62,216.90,-30.69,3.17,6.49,312.3,29368
2026-03-02 20:31:00,-2.99,-1.48,-0.80,206.40,-13.56,3.43,6.64,313.2,34118
2026-03-02 20:32:00,-3.29,-1.25,-0.52,200.80,-8.35,3.56,8.22,315.0,34512
2026-03-02 20:33:00,-3.20,-0.66,0.30,191.66,5.31,3.28,9.23,314.9,36933
2026-03-02 20:34:00,-3.07,-0.76,0.62,193.87,11.11,3.22,7.11,311.0,41919
2026-03-02 20:35:00,-3.81,0.03,-0.29,179.48,-4.35,3.83,7.33,313.0,40871
2026-03-02 20:36:00,-4.10,-0.02,0.06,180.21,0.87,4.10,7.71,312.8,38418
2026-03-02 20:37:00,-3.97,-0.11,0.77,181.53,10.97,4.05,7.84,314.0,44602
2026-03-02 20:38:00,-3.79,0.07,1.02,178.98,15.05,3.93,7.80,311.3,45887
2026-03-02 20:39:00,-3.85,0.31,1.31,175.35,18.73,4.07,7.65,309.3,39557
2026-03-02 20:40:00,-3.84,0.52,1.31,172.31,18.61,4.09,6.60,310.3,38203
2026-03-02 20:41:00,-4.23,-0.09,0.77,181.18,10.31,4.30,7.39,310.2,38710
2026-03-02 20:42:00,-4.06,0.12,0.97,178.37,13.45,4.17,7.25,309.5,42130
2026-03-02 20:43:00,-3.99,0.25,1.10,176.41,15.33,4.15,7.20,310.2,45152
2026-03-02 20:44:00,-4.01,0.46,1.45,173.42,19.73,4.29,7.07,309.3,41190
2026-03-02 20:45:00,-3.91,0.42,1.51,173.89,21.02,4.22,7.02,308.8,39358
2026-03-02 20:46:00,-4.03,0.72,1.07,169.85,14.72,4.23,7.14,307.1,41465
2026-03-02 20:47:00,-3.94,0.81,1.28,168.45,17.65,4.22,7.69,309.0,43796
2026-03-02 20:48:00,-3.91,0.83,1.61,167.97,21.99,4.31,7.59,310.6,43568
2026-03-02 20:49:00,-3.89,0.87,1.51,167.40,20.75,4.26,7.08,310.4,40201
2026-03-02 20:50:00,-3.78,0.80,1.40,168.07,19.89,4.11,7.20,310.7,39975
2026-03-02 20:51:00,-3.64,0.62,1.35,170.32,20.13,3.94,6.95,312.5,41966
2026-03-02 20:52:00,-3.76,0.85,1.10,167.21,15.95,4.01,7.98,315.3,45011
2026-03-02 20:53:00,-3.88,0.97,0.85,165.92,11.97,4.09,7.89,311.2,40170
2026-03-02 20:54:00,-3.80,1.05,0.66,164.54,9.51,4.00,7.83,311.2,40246
2026-03-02 20:55:00,-3.69,1.32,0.51,160.26,7.42,3.95,6.73,310.4,41676
2026-03-02 20:56:00,-3.71,1.29,0.19,160.83,2.71,3.93,7.13,310.9,44111
2026-03-02 20:57:00,-3.58,1.14,-0.24,162.28,-3.69,3.76,6.90,311.2,45129
2026-03-02 20:58:00,-3.52,1.04,0.10,163.49,1.52,3.67,7.40,313.2,46235
2026-03-02 20:59:00,-3.22,0.93,0.90,163.85,15.02,3.47,10.73,318.6,37988
2026-03-02 21:00:00,-2.95,0.60,1.34,168.51,23.99,3.30,9.13,314.6,37084
2026-03-02 21:01:00,-3.23,0.63,1.03,168.96,17.44,3.45,8.21,311.8,37378
2026-03-02 21:02:00,-3.21,0.66,0.90,168.33,15.38,3.40,7.96,311.8,38103
2026-03-02 21:03:00,-3.06,0.58,1.13,169.29,19.94,3.31,7.75,313.1,38263
2026-03-02 21:04:00,-3.40,0.43,0.25,172.82,4.14,3.44,7.73,313.8,37939
2026-03-02 21:05:00,-3.43,0.36,0.51,173.96,8.33,3.49,7.76,314.2,38341
2026-03-02 21:06:00,-3.34,0.18,0.65,176.96,10.93,3.41,8.04,315.0,38244
2026-03-02 21:07:00,-3.26,0.42,0.91,172.70,15.47,3.41,8.20,314.8,37204
2026-03-02 21:08:00,-3.26,0.41,0.97,172.92,16.50,3.43,7.51,313.3,37792
2026-03-02 21:09:00,-3.27,0.59,1.19,169.75,19.76,3.53,7.87,313.9,39106
2026-03-02 21:10:00,-2.90,0.55,1.75,169.24,30.60,3.43,7.88,314.6,39116
2026-03-02 21:11:00,-3.07,0.92,1.63,163.33,26.99,3.60,7.40,314.1,38929
2026-03-02 21:12:00,-3.02,1.06,1.67,160.63,27.52,3.61,7.17,311.7,33570
2026-03-02 21:13:00,-2.96,0.68,2.02,167.10,33.63,3.65,7.20,313.4,33258
2026-03-02 21:14:00,-2.79,0.72,1.76,165.57,31.36,3.38,6.79,314.3,36772
2026-03-02 21:15:00,-3.03,0.99,1.94,161.90,31.32,3.73,7.60,313.4,36090
2026-03-02 21:16:00,-3.23,1.39,1.79,156.78,26.99,3.95,7.71,313.5,33887
2026-03-02 21:17:00,-3.03,1.42,1.98,154.90,30.62,3.89,7.53,314.3,34305
2026-03-02 21:18:00,-2.93,1.04,2.10,160.49,34.01,3.76,7.47,314.6,34922
2026-03-02 21:19:00,-2.91,1.18,2.24,157.94,35.52,3.86,6.65,317.8,33100
2026-03-02 21:20:00,-3.34,1.23,2.76,159.71,37.81,4.50,5.49,320.5,30339
2026-03-02 21:21:00,-3.53,1.32,2.52,159.45,33.74,4.53,4.43,322.0,26028
2026-03-02 21:22:00,-3.37,1.89,2.50,150.76,32.97,4.60,5.20,319.0,26103
2026-03-02 21:23:00,-3.63,2.86,2.64,141.81,29.79,5.32,5.68,318.2,32315
2026-03-02 21:24:00,-3.56,2.97,2.67,140.14,30.01,5.35,5.74,317.7,40340
2026-03-02 21:25:00,-3.14,2.86,2.60,137.64,31.47,4.98,5.32,318.5,38218
2026-03-02 21:26:00,-2.20,2.93,2.27,126.92,31.79,4.32,5.82,317.7,34801
2026-03-02 21:27:00,-3.77,2.85,2.50,142.88,27.88,5.34,5.93,316.6,32418
2026-03-02 21:28:00,-3.99,2.98,2.68,143.26,28.29,5.66,6.36,316.5,36810
2026-03-02 21:29:00,-3.99,3.02,2.70,142.85,28.33,5.69,5.84,315.8,40935
2026-03-02 21:30:00,-4.10,3.05,2.69,143.35,27.72,5.77,5.94,315.9,37100
2026-03-02 21:31:00,-4.10,3.17,2.74,142.24,27.85,5.86,5.53,318.4,40284
2026-03-02 21:32:00,-4.10,2.93,2.38,144.45,25.32,5.57,5.02,318.2,40737
2026-03-02 21:33:00,-4.11,2.84,2.47,145.33,26.29,5.58,7.36,320.9,33709
2026-03-02 21:34:00,-4.15,2.76,2.45,146.40,26.14,5.55,6.88,320.2,34909
2026-03-02 21:35:00,-4.28,2.87,2.69,146.15,27.61,5.81,5.49,317.6,38555
2026-03-02 21:36:00,-4.09,2.94,3.03,144.27,30.98,5.88,5.45,316.0,36872
2026-03-02 21:37:00,-4.09,2.96,3.14,144.09,31.87,5.94,5.67,316.2,33985
2026-03-02 21:38:00,-3.95,2.87,3.12,144.04,32.55,5.79,5.84,316.6,33742
2026-03-02 21:39:00,-3.62,3.29,3.09,137.77,32.24,5.79,5.61,314.2,35282
2026-03-02 21:40:00,-3.94,2.90,3.16,143.59,32.83,5.82,5.46,316.1,34676
2026-03-02 21:41:00,-3.85,2.73,3.28,144.65,34.80,5.75,5.48,316.7,33723
2026-03-02 21:42:00,-3.78,2.88,3.37,142.71,35.35,5.83,5.41,315.3,37437
2026-03-02 21:43:00,-3.95,2.76,3.62,145.08,36.94,6.03,5.95,316.6,33995
2026-03-02 21:44:00,-3.68,3.27,3.30,138.38,33.82,5.92,5.48,316.3,38610
2026-03-02 21:45:00,-3.60,3.06,3.77,139.65,38.61,6.04,5.65,318.6,35488
2026-03-02 21:46:00,-3.78,2.74,3.73,144.06,38.59,5.97,5.66,315.1,31239
2026-03-02 21:47:00,-3.63,2.59,3.25,144.56,36.04,5.52,5.64,313.7,34784
2026-03-02 21:48:00,-3.40,2.59,3.35,142.76,38.11,5.43,5.72,315.9,35004
2026-03-02 21:49:00,-3.43,2.46,3.27,144.40,37.79,5.34,5.66,315.3,34809
2026-03-02 21:50:00,-3.95,2.65,3.44,146.15,35.94,5.87,5.67,315.2,34972
2026-03-02 21:51:00,-3.99,2.82,3.59,144.71,36.28,6.06,5.72,315.7,35019
2026-03-02 21:52:00,-3.94,2.70,3.58,145.54,36.84,5.97,5.58,315.1,36783
2026-03-02 21:53:00,-3.89,2.90,3.40,143.28,35.08,5.92,5.40,315.3,36709
2026-03-02 21:54:00,-3.87,2.90,3.32,143.16,34.52,5.87,5.29,315.2,35908
2026-03-02 21:55:00,-3.78,2.98,3.08,141.74,32.59,5.72,5.75,314.2,34777
2026-03-02 21:56:00,-3.70,3.06,3.07,140.42,32.53,5.70,5.87,313.6,35940
2026-03-02 21:57:00,-3.59,3.23,2.94,138.03,31.35,5.66,5.72,313.3,36197
2026-03-02 21:58:00,-4.49,2.09,3.89,155.07,38.15,6.30,5.77,315.2,33384
2026-03-02 22:00:00,-4.67,1.85,3.84,158.40,37.42,6.32,5.45,310.2,36989
2026-03-02 22:01:00,-4.77,2.23,3.56,154.96,34.03,6.35,5.69,311.8,34329
2026-03-02 22:02:00,-4.88,2.00,3.61,157.72,34.38,6.38,5.29,313.2,32499
2026-03-02 22:03:00,-4.86,1.81,3.73,159.62,35.69,6.39,5.49,311.5,32158
2026-03-02 22:04:00,-4.78,1.85,3.79,158.89,36.48,6.37,5.21,310.5,34523
2026-03-02 22:05:00,-4.91,1.95,3.61,158.32,34.37,6.40,4.97,310.3,35051
2026-03-02 22:06:00,-4.90,2.03,3.62,157.52,34.28,6.42,4.98,310.4,34469
2026-03-02 22:07:00,-4.90,2.22,3.68,155.67,34.40,6.52,5.40,312.1,34102
2026-03-02 22:08:00,-4.80,2.16,3.76,155.83,35.53,6.47,5.83,313.1,36018
2026-03-02 22:09:00,-4.81,2.09,3.72,156.53,35.37,6.43,5.70,311.4,36038
2026-03-02 22:10:00,-4.72,2.06,3.86,156.38,36.84,6.43,5.44,310.2,31904
2026-03-02 22:11:00,-4.70,1.93,4.06,157.65,38.66,6.50,5.77,311.5,31686
2026-03-02 22:12:00,-4.84,1.91,3.81,158.46,36.24,6.45,6.01,311.5,33172
2026-03-02 22:13:00,-4.78,1.78,3.78,159.59,36.58,6.35,5.50,314.7,36393
2026-03-02 22:14:00,-4.88,1.86,3.66,159.11,35.02,6.38,5.60,312.0,30976
2026-03-02 22:15:00,-4.92,2.03,3.42,157.58,32.71,6.32,5.43,311.3,29781
2026-03-02 22:16:00,-4.54,1.84,3.78,157.97,37.68,6.19,5.78,311.6,32590
2026-03-02 22:17:00,-4.43,1.88,3.97,157.01,39.56,6.24,5.49,312.6,33981
2026-03-02 22:18:00,-4.49,1.94,3.76,156.62,37.49,6.17,5.58,312.1,33732
2026-03-02 22:19:00,-4.52,1.92,3.54,156.92,35.81,6.05,5.51,311.6,34645
2026-03-02 22:20:00,-4.42,1.84,3.52,157.38,36.33,5.95,5.74,313.0,34365
2026-03-02 22:21:00,-4.49,1.82,3.40,157.88,35.02,5.92,5.49,313.3,36797
2026-03-02 22:22:00,-4.36,2.00,3.37,155.32,35.10,5.86,5.58,312.3,37405
2026-03-02 22:23:00,-4.32,2.16,3.39,153.49,35.08,5.90,5.38,311.9,36301
2026-03-02 22:24:00,-4.41,1.83,3.33,157.50,34.86,5.82,4.99,312.2,35816
2026-03-02 22:25:00,-4.38,1.81,3.30,157.55,34.84,5.78,4.68,313.7,33052
2026-03-02 22:26:00,-4.53,1.96,3.32,156.55,33.97,5.95,4.83,313.6,35725
2026-03-02 22:27:00,-4.63,2.03,3.45,156.29,34.31,6.12,5.38,313.1,39318
2026-03-02 22:28:00,-4.57,1.94,3.46,157.06,34.87,6.05,6.03,312.4,33753
2026-03-02 22:29:00,-4.71,2.02,3.04,156.75,30.70,5.96,5.72,313.1,38039
2026-03-02 22:30:00,-4.64,2.14,2.97,155.19,30.18,5.91,6.17,313.5,38080
2026-03-02 22:31:00,-4.54,2.10,2.88,155.14,29.90,5.77,5.70,311.8,38742
2026-03-02 22:32:00,-4.21,1.88,2.88,155.90,32.00,5.43,5.95,312.1,35464
2026-03-02 22:33:00,-4.31,1.98,2.91,155.32,31.55,5.57,6.31,313.0,36488
2026-03-02 22:34:00,-4.36,1.95,3.15,155.88,33.38,5.72,7.37,316.7,37181
2026-03-02 22:35:00,-3.99,2.28,3.51,150.28,37.41,5.78,6.68,313.5,36618
2026-03-02 22:36:00,-3.77,2.41,3.84,147.40,40.66,5.90,6.08,313.1,34988
2026-03-02 22:37:00,-3.42,2.62,4.03,142.53,43.08,5.90,5.80,314.2,30695
2026-03-02 22:38:00,-3.33,2.43,4.46,143.82,47.25,6.07,5.78,316.4,31699
2026-03-02 22:39:00,-3.09,1.93,4.93,147.96,53.53,6.13,6.07,317.9,32864
2026-03-02 22:40:00,-3.21,1.68,5.08,152.34,54.52,6.24,6.09,318.5,31709
2026-03-02 22:41:00,-3.25,1.73,4.85,152.04,52.83,6.09,5.88,318.5,30251
2026-03-02 22:42:00,-3.65,1.68,4.64,155.26,49.08,6.14,5.99,317.6,29182
2026-03-02 22:43:00,-3.78,1.52,4.37,158.03,47.01,5.97,6.40,317.5,31892
2026-03-02 22:44:00,-3.67,2.13,3.29,149.87,37.83,5.37,7.49,316.4,34051
2026-03-02 22:45:00,-3.86,2.56,2.85,146.41,31.62,5.44,7.15,316.3,31052
2026-03-02 22:46:00,-3.90,2.65,3.32,145.86,35.13,5.77,7.65,316.0,31697
2026-03-02 22:47:00,-3.92,2.45,3.16,147.99,34.35,5.59,7.38,315.1,32276
2026-03-02 22:48:00,-3.34,1.08,4.03,162.00,48.94,5.34,6.98,316.5,32433
2026-03-02 22:49:00,-3.14,0.21,4.78,176.18,56.64,5.73,6.67,316.9,38444
2026-03-02 22:50:00,-3.20,1.03,4.97,162.20,55.97,6.00,7.29,318.6,38629
2026-03-02 22:51:00,-3.90,1.44,5.08,159.71,50.65,6.57,6.37,316.0,31404
2026-03-02 22:52:00,-4.52,2.79,4.04,148.29,37.27,6.67,6.34,317.6,40168
2026-03-02 22:53:00,-4.52,2.86,3.59,147.69,33.86,6.44,6.56,318.1,43055
2026-03-02 22:54:00,-4.01,2.60,3.63,147.07,37.26,6.00,6.69,318.7,43925
2026-03-02 22:55:00,-3.37,1.83,4.94,151.47,52.20,6.25,6.57,319.5,41757
2026-03-02 22:56:00,-3.26,2.19,5.01,146.07,51.90,6.36,6.93,320.0,40002
2026-03-02 22:57:00,-3.60,2.58,4.39,144.35,44.73,6.23,7.56,320.4,41645
2026-03-02 22:58:00,-3.74,3.06,3.83,140.69,38.39,6.16,7.10,319.2,36520
2026-03-02 22:59:00,-3.89,2.64,4.08,145.79,40.98,6.23,6.68,320.1,35979
2026-03-02 23:00:00,-4.15,2.27,3.84,151.36,39.04,6.09,5.94,322.3,35988
2026-03-02 23:01:00,-4.19,2.15,4.01,152.78,40.39,6.18,8.21,319.6,43174
2026-03-02 23:02:00,-3.80,2.24,4.10,149.51,42.91,6.02,7.95,322.7,42931
2026-03-02 23:03:00,-3.67,2.25,4.33,148.48,45.11,6.11,5.74,324.5,50256
2026-03-02 23:04:00,-3.65,2.37,4.43,146.97,45.51,6.21,6.86,323.9,33579
2026-03-02 23:05:00,-3.57,2.50,4.35,144.93,44.93,6.16,7.43,324.1,37868
2026-03-02 23:06:00,-3.18,2.47,4.37,142.13,47.31,5.95,7.86,322.0,39709
2026-03-02 23:07:00,-3.63,2.03,3.16,150.78,37.25,5.22,6.82,321.1,45824
2026-03-02 23:08:00,-3.23,2.00,2.91,148.23,37.39,4.79,8.72,322.5,47665
2026-03-02 23:09:00,-2.28,0.45,-1.57,168.90,-34.01,2.80,8.64,326.3,60163
2026-03-02 23:10:00,-2.20,-1.80,-4.86,219.26,-59.69,5.63,6.91,327.6,65553
2026-03-02 23:11:00,-1.38,-2.57,-4.69,241.77,-58.07,5.52,6.02,326.7,61912
2026-03-02 23:12:00,-1.45,0.09,-5.52,176.27,-75.28,5.71,5.40,327.2,57842
2026-03-02 23:13:00,-2.14,-0.27,-5.37,187.31,-68.12,5.78,4.82,328.5,55295
2026-03-02 23:14:00,-3.50,0.59,-4.49,170.51,-51.69,5.72,5.14,328.9,52274
2026-03-02 23:15:00,-3.88,2.27,-3.61,149.71,-38.74,5.77,5.90,327.2,52086
2026-03-02 23:16:00,-4.00,3.82,-0.99,136.35,-10.16,5.62,7.71,322.5,62975
2026-03-02 23:17:00,-4.25,3.42,-0.41,141.16,-4.33,5.47,7.23,322.9,59010
2026-03-02 23:18:00,-1.74,1.38,6.00,141.51,69.72,6.40,7.20,321.4,63540
2026-03-02 23:19:00,-2.82,2.78,7.43,135.40,61.99,8.42,5.91,338.4,52308
2026-03-02 23:20:00,-2.74,2.55,7.47,137.06,63.42,8.35,4.70,341.3,53269
2026-03-02 23:21:00,-2.46,2.04,6.47,140.24,63.72,7.22,4.80,337.5,49239
2026-03-02 23:22:00,-2.50,2.09,5.74,140.07,60.42,6.59,6.69,339.9,37954
2026-03-02 23:23:00,-2.31,1.55,6.28,146.14,66.09,6.87,6.82,341.3,42811
2026-03-02 23:24:00,-2.48,1.87,6.45,142.87,64.29,7.16,5.98,341.6,47586
2026-03-02 23:25:00,-3.17,3.05,5.45,136.03,51.11,7.01,5.90,344.3,44585
2026-03-02 23:26:00,-2.79,2.77,5.72,135.23,55.50,6.95,5.56,345.8,39002
2026-03-02 23:27:00,-4.31,4.41,3.82,134.35,31.78,7.25,4.71,341.0,47699
2026-03-02 23:28:00,-4.21,5.06,2.90,129.77,23.80,7.19,3.90,336.5,57702
2026-03-02 23:29:00,-4.33,5.43,-1.21,128.58,-9.85,7.05,3.78,339.5,61013
2026-03-02 23:30:00,-4.61,5.43,-0.92,130.31,-7.33,7.18,4.23,344.4,67069
2026-03-02 23:31:00,-4.72,5.31,-1.05,131.63,-8.43,7.18,5.25,345.4,71000
2026-03-02 23:32:00,-4.76,5.42,-0.47,131.28,-3.72,7.23,5.20,346.3,67902
2026-03-02 23:33:00,-5.09,5.02,1.44,135.37,11.40,7.30,4.98,349.7,55149
2026-03-02 23:34:00,-4.78,3.60,3.42,143.01,29.74,6.90,5.28,347.5,63228
2026-03-02 23:35:00,-4.77,2.58,4.51,151.56,39.78,7.05,5.54,344.6,65720
2026-03-02 23:36:00,-4.85,2.88,4.50,149.26,38.56,7.22,5.35,343.2,57956
2026-03-02 23:37:00,-4.92,2.55,4.91,152.55,41.53,7.40,6.63,347.2,40401
2026-03-02 23:38:00,-4.88,2.82,4.54,149.98,38.87,7.24,7.15,345.3,51854
2026-03-02 23:39:00,-4.87,4.52,2.78,137.15,22.69,7.20,5.51,347.7,55863
2026-03-02 23:40:00,-5.06,4.69,2.38,137.16,19.04,7.29,5.36,348.5,62206
2026-03-02 23:41:00,-4.95,4.67,2.73,136.67,21.84,7.33,5.17,348.5,54042
2026-03-02 23:42:00,-4.59,4.91,2.60,133.07,21.15,7.20,4.98,349.3,66308
2026-03-02 23:43:00,-4.61,3.77,3.71,140.71,31.91,7.02,6.29,347.7,70069
2026-03-02 23:44:00,-3.62,0.18,5.36,177.23,55.89,6.47,7.96,345.5,57066
2026-03-02 23:45:00,-3.91,0.63,5.61,170.82,54.75,6.87,7.29,346.9,48579
2026-03-02 23:46:00,-4.71,2.58,4.10,151.29,37.36,6.76,5.73,348.5,57180
2026-03-02 23:47:00,-4.52,2.68,4.41,149.33,40.02,6.86,6.53,346.5,76753
2026-03-02 23:48:00,-4.79,4.00,3.03,140.16,25.92,6.94,6.42,347.9,50532
2026-03-02 23:49:00,-3.93,1.88,4.98,154.48,48.88,6.62,5.46,346.8,55118
2026-03-02 23:50:00,-3.69,0.22,6.04,176.58,58.52,7.09,5.95,349.3,50094
2026-03-02 23:51:00,-4.12,0.89,5.68,167.77,53.44,7.08,4.96,345.9,57663
2026-03-02 23:52:00,-4.72,1.28,5.63,164.86,49.03,7.46,5.79,343.0,56138
2026-03-02 23:53:00,-4.69,1.53,5.79,161.97,49.57,7.60,5.09,344.4,49387
2026-03-02 23:54:00,-4.43,1.74,5.52,158.51,49.22,7.29,5.89,343.8,59026
2026-03-02 23:55:00,-4.60,2.76,5.04,149.05,43.22,7.35,5.60,343.5,57407
2026-03-02 23:56:00,-4.56,2.66,5.31,149.73,45.18,7.49,5.12,346.5,45935
2026-03-02 23:57:00,-4.59,1.97,5.75,156.74,49.02,7.61,5.42,346.1,55425
2026-03-02 23:58:00,-4.73,1.50,5.67,162.35,48.81,7.54,6.20,344.1,58843
2026-03-02 23:59:00,-4.44,1.22,5.91,164.61,52.08,7.49,6.32,346.4,50570
2026-03-03 00:00:00,-4.14,1.79,6.00,156.56,53.06,7.50,6.13,349.5,43326
2026-03-03 00:01:00,-4.14,1.95,6.01,154.76,52.69,7.55,6.20,349.8,46165
2026-03-03 00:02:00,-3.57,2.53,6.05,144.64,54.14,7.46,6.51,349.5,52138
2026-03-03 00:03:00,-3.21,3.09,5.97,136.10,53.26,7.45,7.12,348.9,46132
2026-03-03 00:04:00,-3.56,2.97,5.92,140.18,51.92,7.52,6.91,348.9,46876
2026-03-03 00:05:00,-3.71,2.95,5.82,141.47,50.83,7.51,6.95,348.9,46829
2026-03-03 00:06:00,-3.87,3.10,5.77,141.37,49.33,7.61,7.20,348.9,46268
2026-03-03 00:07:00,-4.16,2.81,5.85,145.96,49.37,7.71,6.55,349.5,42333
2026-03-03 00:08:00,-4.41,0.73,6.57,170.57,55.78,7.95,5.65,351.3,41219
2026-03-03 00:09:00,-4.00,2.21,6.21,151.07,53.61,7.71,6.04,350.6,53415
2026-03-03 00:10:00,-3.70,1.91,6.41,152.69,56.99,7.64,6.80,349.1,49292
2026-03-03 00:11:00,-4.12,0.90,5.68,167.71,53.44,7.08,7.14,351.1,47170
2026-03-03 00:12:00,-4.01,4.87,3.91,129.46,31.77,7.42,6.15,352.0,57388
2026-03-03 00:13:00,-3.88,5.30,4.12,126.21,32.07,7.76,4.96,350.6,68765
2026-03-03 00:14:00,-3.89,4.46,4.89,131.06,39.60,7.68,5.01,351.0,64410
2026-03-03 00:15:00,-3.84,4.51,5.34,130.39,42.04,7.98,5.19,352.5,49634
2026-03-03 00:16:00,-3.07,2.52,6.51,140.66,58.61,7.63,5.81,353.4,47917
2026-03-03 00:17:00,-3.46,1.85,7.13,151.94,61.17,8.14,6.19,352.9,56169
2026-03-03 00:18:00,-3.56,3.52,6.38,135.31,51.91,8.11,5.56,351.4,57517
2026-03-03 00:19:00,-3.93,3.92,5.98,135.05,47.09,8.16,6.18,350.5,56983
2026-03-03 00:20:00,-4.55,3.75,5.90,140.50,45.07,8.34,6.27,349.9,50037
2026-03-03 00:21:00,-3.79,3.50,7.08,137.22,53.91,8.76,5.69,349.3,56279
2026-03-03 00:22:00,-4.47,3.46,6.73,142.25,49.95,8.79,4.86,352.1,52896
2026-03-03 00:23:00,-4.34,2.66,7.37,148.44,55.38,8.96,4.21,350.9,48082
2026-03-03 00:24:00,-5.07,2.34,7.24,155.17,52.34,9.14,4.76,351.6,55650
2026-03-03 00:25:00,-5.01,2.11,7.09,157.13,52.53,8.94,5.40,348.2,60360
2026-03-03 00:26:00,-5.38,1.34,7.08,166.02,51.92,8.99,5.73,348.9,53028
2026-03-03 00:27:00,-4.35,3.85,6.91,138.48,49.94,9.03,5.21,351.9,48709
2026-03-03 00:28:00,-3.82,3.70,7.17,135.95,53.43,8.92,5.03,353.4,53066
2026-03-03 00:29:00,-3.92,3.81,7.17,135.84,52.70,9.02,5.67,352.5,57136
2026-03-03 00:30:00,-4.28,4.03,7.09,136.69,50.31,9.21,4.99,352.1,53586
2026-03-03 00:31:00,-4.05,4.11,7.18,134.59,51.20,9.21,4.93,351.8,52878
2026-03-03 00:32:00,-3.83,4.26,7.29,132.01,51.82,9.27,5.31,352.7,53175
2026-03-03 00:33:00,-3.56,4.32,7.48,129.49,53.18,9.34,5.05,353.5,52563
2026-03-03 00:34:00,-3.41,4.17,7.52,129.24,54.37,9.25,5.21,353.1,57240
2026-03-03 00:35:00,-3.16,4.33,7.51,126.11,54.50,9.23,5.67,354.9,59733
2026-03-03 00:36:00,-3.33,4.66,7.46,125.59,52.48,9.40,6.39,353.5,57803
2026-03-03 00:37:00,-3.47,4.61,7.45,126.97,52.28,9.42,5.88,352.8,55254
2026-03-03 00:38:00,-3.35,4.77,7.40,125.13,51.76,9.42,5.87,352.8,54998
2026-03-03 00:39:00,-3.31,4.85,7.38,124.33,51.50,9.43,5.69,352.8,50139
2026-03-03 00:40:00,-3.61,4.81,7.34,126.91,50.69,9.49,5.37,353.1,55178
2026-03-03 00:41:00,-3.31,4.60,7.59,125.73,53.24,9.47,5.68,353.7,50995
2026-03-03 00:42:00,-3.28,4.85,7.42,124.09,51.75,9.45,4.86,356.9,45083
2026-03-03 00:43:00,-2.64,5.71,6.19,114.81,44.54,8.83,5.13,357.6,49749
2026-03-03 00:44:00,-3.24,4.70,7.52,124.54,52.79,9.44,5.49,354.9,55263
2026-03-03 00:45:00,-3.05,3.55,7.97,130.69,59.60,9.24,5.74,354.8,49033
2026-03-03 00:46:00,-2.64,3.54,8.17,126.74,61.59,9.29,6.23,356.4,47010
2026-03-03 00:47:00,-3.47,3.91,7.77,131.54,56.04,9.36,6.43,356.4,48775
2026-03-03 00:48:00,-3.83,4.71,7.01,129.09,49.11,9.27,6.75,354.3,50028
2026-03-03 00:49:00,-3.71,5.99,6.21,121.82,41.38,9.39,6.41,353.9,51522
2026-03-03 00:50:00,-4.06,6.43,5.17,122.31,34.20,9.19,4.98,355.4,55609
2026-03-03 00:51:00,-3.45,6.60,4.75,117.58,32.53,8.83,4.88,354.0,63403
2026-03-03 00:52:00,-2.38,7.33,4.05,107.97,27.72,8.71,5.03,353.5,60561
2026-03-03 00:53:00,-2.75,6.99,4.04,111.43,28.26,8.53,4.43,356.1,52088
2026-03-03 00:54:00,-2.69,6.88,4.25,111.37,29.91,8.52,4.17,355.6,53236
2026-03-03 00:55:00,-3.41,6.91,2.20,116.29,15.92,8.01,5.16,355.2,64006
2026-03-03 00:56:00,-4.37,7.69,0.19,119.63,1.22,8.84,2.81,355.0,84832
2026-03-03 00:57:00,-5.17,5.62,6.07,132.62,38.49,9.75,2.75,355.5,73442
2026-03-03 00:58:00,-4.91,5.50,6.34,131.72,40.71,9.73,4.48,354.9,55459
2026-03-03 00:59:00,-4.63,5.89,6.21,128.19,39.65,9.73,5.43,352.9,53558
2026-03-03 01:00:00,-4.70,5.80,6.23,129.01,39.82,9.72,4.83,354.1,49425
2026-03-03 01:01:00,-4.60,5.46,6.49,130.11,42.25,9.65,4.54,355.7,47290
2026-03-03 01:02:00,-4.62,5.99,6.13,127.66,39.01,9.74,4.29,354.4,55390
2026-03-03 01:03:00,-4.18,5.02,7.01,129.76,46.99,9.58,4.92,354.4,56697
2026-03-03 01:04:00,-4.42,5.90,6.04,126.87,39.32,9.53,5.56,355.7,48768
2026-03-03 01:05:00,-4.71,6.89,4.91,124.37,30.45,9.69,4.68,355.2,51610
2026-03-03 01:06:00,-4.57,6.84,5.12,123.74,31.92,9.69,3.72,353.3,62599
2026-03-03 01:07:00,-4.09,6.72,5.42,121.31,34.55,9.55,4.17,351.8,61544
2026-03-03 01:08:00,-3.98,7.22,4.92,118.86,30.80,9.60,4.15,354.7,60479
2026-03-03 01:09:00,-3.62,6.28,5.96,119.96,39.43,9.38,3.57,354.1,50740
2026-03-03 01:10:00,-3.78,6.15,6.33,121.62,41.27,9.60,4.24,,
2026-03-03 01:11:00,-3.60,6.39,6.13,119.35,39.90,9.56,4.24,352.6,66643
2026-03-03 01:12:00,-2.67,6.05,6.49,113.80,44.49,9.27,4.95,356.3,48161
2026-03-03 01:13:00,-0.81,5.91,6.96,97.80,49.40,9.16,5.76,358.6,56040
2026-03-03 01:14:00,-1.77,6.21,6.59,105.93,45.58,9.23,5.70,360.3,49975
2026-03-03 01:16:00,-2.87,6.65,5.80,113.33,38.66,9.28,4.95,356.7,48055
2026-03-03 01:17:00,-3.89,7.44,5.17,117.59,31.60,9.86,4.99,358.0,52609
2026-03-03 01:18:00,-3.70,7.76,4.61,115.46,28.21,9.76,4.91,356.8,56631
2026-03-03 01:19:00,-3.36,8.09,4.41,112.54,26.73,9.80,5.10,357.0,52702
2026-03-03 01:20:00,-3.26,8.20,3.81,111.69,23.34,9.61,5.05,357.7,51825
2026-03-03 01:21:00,-3.08,8.37,3.83,110.19,23.25,9.71,4.67,357.4,57087
2026-03-03 01:22:00,-3.16,8.74,3.42,109.85,20.23,9.90,4.29,359.1,53116
2026-03-03 01:23:00,-3.33,8.78,2.96,110.79,17.48,9.85,3.80,359.7,44319
2026-03-03 01:24:00,-3.39,8.93,2.52,110.76,14.79,9.88,3.53,360.0,46139
2026-03-03 01:25:00,-3.63,9.02,1.98,111.91,11.50,9.92,3.32,356.2,60342
2026-03-03 01:26:00,-4.12,8.77,1.34,115.17,7.85,9.78,3.03,357.8,63282
2026-03-03 01:27:00,-4.23,8.77,0.75,115.74,4.39,9.76,3.12,356.8,65066
2026-03-03 01:28:00,-3.61,8.33,0.03,113.42,0.21,9.08,2.69,352.5,68134
2026-03-03 01:29:00,-4.26,7.95,-0.50,118.22,-3.15,9.03,3.21,351.4,76619
2026-03-03 01:30:00,-4.33,7.92,-1.91,118.66,-11.93,9.23,2.64,350.6,85542
2026-03-03 01:31:00,-4.26,7.87,-0.76,118.42,-4.84,8.98,2.55,350.3,73813
2026-03-03 01:32:00,-3.75,8.10,-1.30,114.85,-8.28,9.02,2.62,351.7,72004
2026-03-03 01:33:00,-4.28,7.69,-1.78,119.11,-11.46,8.98,2.99,350.2,71642
2026-03-03 01:34:00,-4.84,7.45,-0.38,123.03,-2.44,8.89,3.07,351.9,75215
2026-03-03 01:35:00,-4.35,8.31,-0.46,117.65,-2.80,9.39,3.36,354.4,72868
2026-03-03 01:36:00,-3.97,8.61,-0.14,114.75,-0.84,9.48,3.53,354.4,67146
2026-03-03 01:37:00,-4.38,8.92,-0.03,116.17,-0.17,9.94,3.39,354.7,66768
2026-03-03 01:38:00,-4.37,9.03,-0.14,115.83,-0.77,10.04,3.37,355.9,65867
2026-03-03 01:39:00,-4.26,9.06,0.36,115.20,2.03,10.02,3.19,355.7,61624
2026-03-03 01:40:00,-4.06,8.39,2.04,115.84,12.34,9.54,3.08,357.6,60345
2026-03-03 01:41:00,-3.89,6.40,7.02,121.31,43.12,10.27,2.90,369.9,59728
2026-03-03 01:42:00,-4.22,6.57,7.07,122.74,42.16,10.53,5.51,361.1,53890
2026-03-03 01:44:00,-4.78,7.05,6.29,124.13,36.45,10.59,5.28,360.0,54385
2026-03-03 01:45:00,-4.85,7.25,6.02,123.77,34.62,10.59,5.22,357.1,57795
2026-03-03 01:46:00,-4.14,7.96,4.82,117.47,28.21,10.19,5.05,361.4,53081
2026-03-03 01:47:00,-4.02,7.93,4.80,116.91,28.37,10.10,5.60,360.1,63342
2026-03-03 01:48:00,-3.86,8.31,4.18,114.93,24.51,10.07,6.04,357.7,60067
2026-03-03 01:49:00,-4.10,8.44,4.00,115.89,23.07,10.20,5.36,358.3,57238
2026-03-03 01:50:00,-3.82,8.95,3.37,113.12,19.13,10.30,4.51,360.9,60019
2026-03-03 01:51:00,-4.46,8.44,4.06,117.84,23.03,10.37,4.32,359.5,63299
2026-03-03 01:52:00,-3.83,8.70,4.06,113.76,23.15,10.34,4.85,357.3,62955
2026-03-03 01:53:00,-4.38,8.31,4.13,117.77,23.74,10.26,4.95,359.0,57260
2026-03-03 01:54:00,-4.40,8.30,4.22,117.95,24.19,10.30,4.50,360.3,51667
2026-03-03 01:55:00,-4.44,7.01,5.79,122.37,34.88,10.12,5.28,358.8,54103
2026-03-03 01:56:00,-4.13,7.70,4.78,118.18,28.69,9.96,5.79,359.9,58444
2026-03-03 01:57:00,-4.30,8.12,4.02,117.91,23.61,10.03,4.36,365.6,65647
2026-03-03 01:58:00,-4.23,8.15,4.02,117.41,23.63,10.03,4.55,359.1,59437
2026-03-03 01:59:00,-4.47,9.02,2.49,116.34,13.92,10.37,5.20,355.3,69832
2026-03-03 02:00:00,-4.93,9.04,1.11,118.61,6.16,10.36,3.31,353.9,59211
2026-03-03 02:01:00,-4.70,8.84,1.44,117.99,8.20,10.12,2.61,353.0,57980
2026-03-03 02:02:00,-4.84,8.69,2.19,119.11,12.42,10.18,3.45,356.7,49150
2026-03-03 02:03:00,-4.02,8.96,1.34,114.17,7.77,9.91,4.72,354.5,68358
2026-03-03 02:04:00,-4.41,8.79,-0.64,116.64,-3.71,9.86,4.33,355.1,61576
2026-03-03 02:05:00,-3.69,8.62,-2.86,113.17,-16.98,9.80,2.72,363.6,83508
2026-03-03 02:06:00,-3.84,8.68,-2.46,113.89,-14.54,9.81,2.24,365.4,104579
2026-03-03 02:07:00,-4.09,8.93,-1.14,114.61,-6.62,9.89,2.38,360.8,89124
2026-03-03 02:08:00,-5.06,8.60,-0.04,120.45,-0.20,9.98,2.93,357.1,77468
2026-03-03 02:09:00,-4.15,8.97,0.60,114.85,3.50,9.90,3.33,356.1,73847
2026-03-03 02:10:00,-4.33,9.19,-0.51,115.23,-2.90,10.17,2.79,356.5,58974
2026-03-03 02:11:00,-4.04,9.36,-0.15,113.38,-0.82,10.19,2.78,355.6,69631
2026-03-03 02:12:00,-4.53,9.14,0.47,116.35,2.62,10.21,2.76,355.6,70014
2026-03-03 02:13:00,-5.17,8.98,-0.58,119.96,-3.20,10.38,1.79,357.2,76392
2026-03-03 02:14:00,-4.93,9.17,-0.41,118.25,-2.24,10.42,1.65,350.5,71269
2026-03-03 02:15:00,-5.07,9.08,-1.21,119.18,-6.65,10.48,1.62,357.9,73859
2026-03-03 02:16:00,-4.65,9.25,0.27,116.71,1.50,10.36,1.62,,
2026-03-03 02:17:00,-4.54,8.89,-2.24,117.05,-12.62,10.23,1.55,354.2,81613
2026-03-03 02:18:00,-4.81,8.95,-1.26,118.28,-7.05,10.24,1.40,351.3,113610
2026-03-03 02:19:00,-4.95,9.02,-1.00,118.78,-5.52,10.34,2.10,354.3,86973
2026-03-03 02:20:00,-5.26,8.90,-0.53,120.59,-2.92,10.36,2.18,354.1,75931
2026-03-03 02:21:00,-4.32,8.86,-0.63,116.01,-3.64,9.88,2.63,353.0,66047
2026-03-03 02:22:00,-2.44,6.50,-6.02,110.59,-40.95,9.19,2.05,363.8,76925
2026-03-03 02:23:00,-1.14,4.50,-8.19,104.22,-60.47,9.41,1.26,372.7,75816
2026-03-03 02:24:00,-1.48,4.86,-8.02,106.91,-57.62,9.49,1.14,374.8,62884
2026-03-03 02:25:00,-1.35,4.22,-8.42,107.70,-62.28,9.51,1.13,375.0,61179
2026-03-03 02:26:00,-1.82,4.09,-8.45,114.00,-62.11,9.56,1.05,374.7,61514
2026-03-03 02:27:00,-1.42,3.61,-8.51,111.43,-65.53,9.35,1.30,378.2,67306
2026-03-03 02:28:00,-1.97,3.69,-8.36,118.03,-63.41,9.34,1.61,380.0,78145
2026-03-03 02:29:00,-3.13,3.26,-8.42,133.84,-61.77,9.56,1.71,378.2,59629
2026-03-03 02:30:00,-3.28,4.01,-8.16,129.31,-57.59,9.67,1.61,377.2,56262
2026-03-03 02:31:00,-3.25,5.04,-7.63,122.80,-51.84,9.71,1.43,376.8,57562
2026-03-03 02:32:00,-1.59,3.29,-8.78,115.79,-67.42,9.51,1.83,373.7,67832
2026-03-03 02:33:00,-1.65,3.62,-8.47,114.48,-64.87,9.35,1.42,378.8,51876
2026-03-03 02:34:00,-3.10,5.00,-7.49,121.84,-51.85,9.53,1.50,374.0,59481
2026-03-03 02:35:00,-1.35,4.99,-6.20,105.13,-50.20,8.07,1.70,371.5,68311
2026-03-03 02:36:00,-3.75,6.03,-5.60,121.92,-38.27,9.05,1.76,368.9,82894
2026-03-03 02:37:00,-3.89,7.86,-3.27,116.31,-20.48,9.36,2.09,358.9,81381
2026-03-03 02:38:00,-3.80,8.13,-3.43,115.07,-20.91,9.61,2.21,356.4,98887
2026-03-03 02:39:00,-3.78,8.39,-3.18,114.28,-19.08,9.74,1.78,364.3,110856
2026-03-03 02:40:00,-4.02,8.78,-2.12,114.60,-12.35,9.89,1.45,370.4,106590
2026-03-03 02:41:00,-4.56,9.11,-0.81,116.61,-4.55,10.22,1.41,371.9,108080
2026-03-03 02:42:00,-5.05,8.88,0.85,119.60,4.74,10.25,1.50,366.8,103689
2026-03-03 02:43:00,-5.01,8.89,0.69,119.43,3.86,10.23,1.92,352.9,86659
2026-03-03 02:44:00,-4.07,8.87,-2.66,114.62,-15.23,10.11,1.74,358.1,92986
2026-03-03 02:45:00,-4.17,9.36,-1.16,114.00,-6.47,10.32,1.24,366.5,72667
2026-03-03 02:46:00,-4.69,9.37,-0.45,116.61,-2.44,10.49,1.32,358.1,77927
2026-03-03 02:47:00,-4.91,9.49,0.97,117.36,5.19,10.72,1.66,355.1,70937
2026-03-03 02:48:00,-4.54,9.65,1.25,115.19,6.68,10.74,2.26,359.3,68452
2026-03-03 02:49:00,-4.31,9.62,2.50,114.11,13.31,10.84,2.27,359.3,68410
2026-03-03 02:50:00,-4.15,9.65,2.68,113.29,14.31,10.84,2.41,361.2,62272
2026-03-03 02:51:00,-4.64,9.55,2.27,115.94,12.07,10.86,2.37,362.1,72224
2026-03-03 02:52:00,-4.26,9.70,2.02,113.68,10.79,10.79,2.40,363.4,83068
2026-03-03 02:53:00,-5.10,9.40,2.61,118.50,13.71,11.00,2.34,361.0,75579
2026-03-03 02:54:00,-5.06,9.34,2.73,118.46,14.43,10.97,2.34,360.4,69246
2026-03-03 02:55:00,-5.22,9.16,2.85,119.69,15.13,10.92,2.35,360.9,64269
2026-03-03 02:56:00,-5.27,9.06,2.77,120.19,14.82,10.84,2.29,360.5,61377
2026-03-03 02:57:00,-5.26,8.85,3.05,120.73,16.51,10.74,2.21,359.4,62698
2026-03-03 02:58:00,-5.22,8.80,3.41,120.67,18.45,10.79,2.05,359.9,62860
2026-03-03 02:59:00,-4.95,9.27,2.48,118.12,13.28,10.80,1.97,363.5,72661
2026-03-03 03:00:00,-5.17,9.01,3.12,119.85,16.69,10.85,2.41,361.6,94329
2026-03-03 03:01:00,-5.13,8.81,3.65,120.23,19.72,10.83,2.49,357.0,80284
2026-03-03 03:02:00,-4.93,8.68,4.04,119.60,22.00,10.77,2.60,362.7,72706
2026-03-03 03:03:00,-5.01,8.70,3.80,119.96,20.73,10.73,2.58,365.2,75743
2026-03-03 03:04:00,-5.17,8.23,3.89,122.16,21.79,10.47,2.32,365.5,83691
2026-03-03 03:05:00,-4.75,8.36,4.24,119.59,23.79,10.51,2.97,349.9,82728
2026-03-03 03:06:00,-3.29,6.82,6.98,115.77,42.69,10.30,3.98,371.4,103184
2026-03-03 03:07:00,-5.11,7.71,4.97,123.56,28.25,10.50,3.59,362.1,102613
2026-03-03 03:08:00,-4.97,6.80,6.18,126.14,36.28,10.45,3.03,360.8,76554
2026-03-03 03:09:00,-3.51,6.41,7.50,118.71,45.74,10.48,4.61,369.5,75323
2026-03-03 03:10:00,-3.40,7.29,6.82,114.96,40.28,10.54,5.29,374.2,81901
2026-03-03 03:11:00,-4.20,6.95,6.77,121.15,39.78,10.57,4.79,372.3,78834
2026-03-03 03:12:00,-5.14,7.30,5.74,125.14,32.77,10.61,4.39,369.6,81466
2026-03-03 03:13:00,-4.90,7.33,6.06,123.75,34.53,10.70,4.23,368.1,77535
2026-03-03 03:14:00,-4.61,7.28,6.30,122.32,36.17,10.67,4.29,366.2,67503
2026-03-03 03:15:00,-4.72,7.71,5.50,121.47,31.33,10.58,4.47,363.9,83898
2026-03-03 03:16:00,-4.65,8.57,4.52,118.52,24.89,10.75,4.06,362.0,69590
2026-03-03 03:17:00,-4.37,8.27,4.61,117.86,26.23,10.42,3.56,367.7,65516
2026-03-03 03:18:00,-4.59,8.38,3.90,118.72,22.21,10.33,3.57,366.3,68961
2026-03-03 03:19:00,-4.61,8.24,4.02,119.22,23.04,10.26,3.69,363.5,92430
2026-03-03 03:20:00,-4.62,8.32,3.91,119.05,22.35,10.29,4.12,363.6,92398
2026-03-03 03:21:00,-3.15,7.07,-0.66,113.98,-4.90,7.77,3.29,364.1,70254
2026-03-03 03:22:00,-0.60,3.93,-7.60,98.69,-62.40,8.57,3.22,364.1,68241
2026-03-03 03:23:00,-0.48,3.14,-8.53,98.66,-69.61,9.10,1.44,379.4,82340
2026-03-03 03:24:00,-0.28,4.80,-8.59,93.28,-60.76,9.84,1.58,383.7,119734
2026-03-03 03:25:00,-0.69,5.36,-8.22,97.31,-56.70,9.84,1.64,386.5,121553
2026-03-03 03:26:00,0.56,5.07,-8.22,83.73,-58.19,9.68,1.59,387.2,127364
2026-03-03 03:27:00,-0.62,5.43,-8.13,96.51,-56.11,9.80,1.60,384.6,136731
2026-03-03 03:28:00,-1.29,5.79,-7.81,102.56,-52.76,9.81,1.55,383.5,125897
2026-03-03 03:29:00,-1.03,5.95,-7.68,99.81,-51.80,9.77,1.46,384.8,117064
2026-03-03 03:30:00,-1.44,7.37,-5.60,101.06,-36.69,9.37,1.73,380.2,130910
2026-03-03 03:31:00,-1.04,7.67,-5.85,97.76,-37.11,9.70,2.02,375.1,138836
2026-03-03 03:32:00,-1.15,7.28,-6.32,98.98,-40.61,9.70,1.44,386.8,121971
2026-03-03 03:33:00,-1.14,6.94,-6.73,99.33,-43.75,9.74,1.38,388.6,126867
2026-03-03 03:34:00,-0.43,5.53,-7.61,94.49,-53.92,9.41,1.69,380.4,151653
2026-03-03 03:35:00,-0.79,5.67,-7.41,97.91,-52.32,9.36,1.57,384.3,133039
2026-03-03 03:36:00,-2.12,5.89,-6.94,109.78,-47.93,9.34,1.68,385.6,132096
2026-03-03 03:37:00,-1.35,6.69,-6.42,101.39,-43.26,9.36,1.25,394.9,111509
2026-03-03 03:38:00,-1.36,6.96,-6.05,101.07,-40.44,9.32,1.81,383.7,151114
2026-03-03 03:39:00,-1.44,6.97,-6.05,101.66,-40.37,9.33,1.68,384.8,125527
2026-03-03 03:40:00,-2.10,8.04,-4.78,104.64,-29.88,9.59,1.48,387.4,137724
2026-03-03 03:41:00,-2.61,8.37,-3.97,107.35,-24.37,9.63,1.68,377.4,148812
2026-03-03 03:42:00,-2.44,8.01,-4.92,106.97,-30.42,9.71,1.68,379.2,141400
2026-03-03 03:43:00,-3.23,8.14,-4.44,111.67,-26.89,9.82,1.55,383.4,140873
2026-03-03 03:44:00,-5.07,7.80,-2.89,123.03,-17.23,9.74,1.67,380.0,148915
2026-03-03 03:45:00,-4.19,7.94,-3.58,117.84,-21.72,9.66,1.78,377.6,155826
2026-03-03 03:46:00,-3.02,8.03,-4.36,110.60,-26.94,9.63,1.52,378.1,168167
2026-03-03 03:47:00,-3.08,8.25,-3.87,110.50,-23.73,9.62,1.17,374.8,161644
2026-03-03 03:48:00,-3.36,8.33,-3.64,111.96,-22.08,9.69,1.27,370.4,111144
2026-03-03 03:49:00,-3.62,8.02,-3.73,114.31,-22.97,9.56,1.65,380.9,159504
2026-03-03 03:50:00,-3.38,8.03,-3.56,112.82,-22.24,9.41,1.68,378.6,175067
2026-03-03 03:51:00,-3.37,8.13,-3.39,112.51,-21.07,9.43,1.51,383.9,137874
2026-03-03 03:52:00,-3.05,8.48,-2.85,109.78,-17.54,9.46,1.46,382.9,151673
2026-03-03 03:53:00,-3.73,8.05,-3.36,114.85,-20.71,9.49,1.23,377.2,173808
2026-03-03 03:54:00,-3.83,8.00,-3.31,115.57,-20.48,9.47,1.22,375.4,170212
2026-03-03 03:55:00,-4.74,7.40,-3.69,122.63,-22.79,9.53,1.22,375.2,169226
2026-03-03 03:56:00,-4.26,7.61,-3.55,119.22,-22.13,9.42,1.47,389.7,170431
2026-03-03 03:57:00,-4.00,7.93,-3.21,116.75,-19.88,9.45,1.48,386.3,160231
2026-03-03 03:58:00,-3.05,8.47,-2.86,109.79,-17.60,9.44,1.44,374.7,125935
2026-03-03 04:00:00,-2.73,8.24,-3.81,108.37,-23.72,9.48,1.34,376.7,164378
2026-03-03 04:01:00,-3.10,8.33,-3.09,110.44,-19.17,9.41,1.41,374.7,138380
2026-03-03 04:02:00,-4.30,8.66,-0.39,116.41,-2.31,9.68,1.69,371.7,92737
2026-03-03 04:03:00,-5.13,8.14,0.05,122.23,0.30,9.62,2.13,369.4,82663
2026-03-03 04:04:00,-4.86,8.44,-1.67,119.95,-9.71,9.88,2.32,361.7,80080
2026-03-03 04:05:00,-4.65,8.65,-1.55,118.25,-8.99,9.94,2.26,363.1,96326
2026-03-03 04:06:00,-4.60,8.12,-2.88,119.54,-17.14,9.77,2.14,375.1,124061
2026-03-03 04:07:00,-4.68,6.58,-4.69,125.40,-30.14,9.33,1.52,387.5,174178
2026-03-03 04:08:00,-4.79,8.45,-0.62,119.58,-3.66,9.73,1.60,384.8,194218
2026-03-03 04:09:00,-4.37,8.80,0.70,116.38,4.09,9.85,2.70,363.6,95655
2026-03-03 04:10:00,-3.27,8.81,2.46,110.39,14.65,9.72,3.63,367.0,115432
2026-03-03 04:11:00,-3.16,8.73,2.76,109.88,16.54,9.69,3.55,371.5,90213
2026-03-03 04:12:00,-3.23,8.75,2.58,110.27,15.47,9.68,3.78,371.4,113733
2026-03-03 04:13:00,-3.52,8.66,2.24,112.14,13.50,9.61,3.61,372.2,96770
2026-03-03 04:14:00,-3.55,8.67,1.91,112.28,11.54,9.56,3.23,373.5,83157
2026-03-03 04:15:00,-3.47,8.72,1.80,111.72,10.85,9.55,3.26,374.4,100925
2026-03-03 04:16:00,-3.74,8.79,1.29,113.04,7.67,9.64,3.30,372.1,94477
2026-03-03 04:17:00,-3.64,8.50,2.44,113.16,14.78,9.56,3.34,371.2,77139
2026-03-03 04:18:00,-4.43,8.33,-0.06,118.00,-0.35,9.43,3.21,374.2,90603
2026-03-03 04:19:00,-4.52,7.48,-1.58,121.13,-10.24,8.88,2.20,372.6,119071
2026-03-03 04:20:00,-4.95,7.95,-1.58,121.92,-9.58,9.49,2.02,372.7,204228
2026-03-03 04:21:00,-4.17,8.46,0.71,116.23,4.29,9.46,1.99,369.4,164953
2026-03-03 04:22:00,-4.38,8.26,-0.04,117.94,-0.25,9.35,2.71,361.0,90098
2026-03-03 04:23:00,-3.52,8.52,1.76,112.44,10.78,9.39,2.06,368.2,147327
2026-03-03 04:24:00,-3.79,8.55,1.17,113.93,7.16,9.43,2.98,367.6,87021
2026-03-03 04:25:00,-6.41,7.10,-0.34,132.10,-2.03,9.57,2.70,375.6,113949
2026-03-03 04:26:00,-6.20,7.34,0.03,130.18,0.19,9.61,1.98,381.7,144050
2026-03-03 04:27:00,-5.63,7.60,1.11,126.53,6.68,9.52,2.38,369.5,149301
2026-03-03 04:28:00,-4.79,7.69,2.97,121.90,18.16,9.54,2.52,365.8,149408
2026-03-03 04:29:00,-5.59,7.59,1.57,126.38,9.46,9.55,2.41,362.4,86405
2026-03-03 04:30:00,-5.74,7.69,0.52,126.73,3.11,9.61,2.14,364.3,84733
2026-03-03 04:31:00,-5.17,8.17,-0.49,122.35,-2.93,9.68,2.05,367.7,123413
2026-03-03 04:32:00,-5.04,7.90,-1.99,122.52,-11.99,9.58,1.92,375.9,158381
2026-03-03 04:33:00,-4.69,8.09,-1.33,120.08,-8.10,9.44,1.68,383.3,157208
2026-03-03 04:34:00,-3.75,7.96,-1.67,115.21,-10.76,8.96,1.99,380.3,154660
2026-03-03 04:35:00,-2.71,8.87,0.62,106.97,3.83,9.29,2.55,373.6,129853
2026-03-03 04:36:00,-3.05,8.58,2.52,109.56,15.48,9.45,2.70,371.4,89519
2026-03-03 04:37:00,-3.11,8.78,2.49,109.51,14.96,9.65,2.74,373.5,90485
2026-03-03 04:38:00,-3.71,8.52,2.63,113.55,15.78,9.66,2.82,367.1,95252
2026-03-03 04:39:00,-3.83,8.34,3.21,114.68,19.30,9.72,2.73,373.8,122058
2026-03-03 04:40:00,-3.73,8.13,3.72,114.65,22.57,9.68,2.99,371.5,92747
2026-03-03 04:41:00,-3.35,8.32,3.67,111.91,22.24,9.69,2.96,370.5,79251
2026-03-03 04:42:00,-2.50,9.08,3.48,105.37,20.26,10.04,3.22,371.4,109285
2026-03-03 04:43:00,-2.36,8.73,4.56,105.14,26.78,10.13,3.51,370.9,110608
2026-03-03 04:44:00,-2.99,7.78,5.39,111.05,32.92,9.93,3.80,369.7,86328
2026-03-03 04:45:00,-2.96,7.34,6.09,111.95,37.58,9.99,3.34,370.9,79522
2026-03-03 04:46:00,-3.56,7.31,6.10,115.95,36.90,10.16,3.36,370.8,101136
2026-03-03 04:47:00,-3.67,7.90,4.78,114.89,28.77,9.94,3.32,369.4,98863
2026-03-03 04:48:00,-2.93,9.37,1.11,107.36,6.46,9.87,2.73,371.0,80060
2026-03-03 04:49:00,-2.68,9.06,1.83,106.50,10.95,9.63,2.41,373.9,93755
2026-03-03 04:50:00,-2.84,9.02,2.28,107.48,13.57,9.72,2.67,371.4,111241
2026-03-03 04:51:00,-3.01,8.97,2.08,108.55,12.41,9.69,2.82,366.9,88338
2026-03-03 04:52:00,-2.65,8.79,2.95,106.76,17.79,9.64,2.59,370.2,87430
2026-03-03 04:53:00,-2.22,7.92,5.24,105.67,32.50,9.75,2.97,371.9,85501
2026-03-03 04:54:00,-3.01,6.97,6.29,113.33,39.65,9.86,3.63,370.6,94734
2026-03-03 04:55:00,-2.87,6.88,6.40,112.62,40.65,9.82,3.49,370.0,71646
2026-03-03 04:56:00,0.11,8.83,4.06,89.28,24.72,9.72,3.53,374.3,88976
2026-03-03 04:57:00,-0.28,8.13,5.12,91.97,32.20,9.61,4.02,377.5,102945
2026-03-03 04:58:00,-0.18,8.39,5.05,91.23,31.04,9.80,3.81,374.6,117783
2026-03-03 04:59:00,-0.79,7.48,6.02,96.00,38.71,9.63,3.65,378.8,103061
2026-03-03 05:00:00,-1.78,6.46,6.90,105.43,45.84,9.62,3.97,378.3,95901
2026-03-03 05:01:00,-1.51,6.25,7.12,103.53,47.91,9.60,4.10,377.6,94942
2026-03-03 05:02:00,-1.74,5.61,7.83,107.18,53.11,9.79,4.57,376.1,104723
2026-03-03 05:03:00,-1.31,5.19,8.10,104.17,56.53,9.71,4.96,375.5,102602
2026-03-03 05:04:00,-0.78,3.61,9.03,102.25,67.77,9.76,5.06,377.7,105599
2026-03-03 05:05:00,-1.51,5.15,7.18,106.33,53.24,8.96,3.95,374.8,97185
2026-03-03 05:06:00,-3.00,8.96,-0.02,108.54,-0.13,9.45,2.60,367.5,78266
2026-03-03 05:07:00,-3.67,8.84,-1.66,112.57,-9.82,9.71,2.26,373.2,87046
2026-03-03 05:08:00,-3.83,8.81,-0.68,113.47,-4.07,9.63,1.70,374.4,96835
2026-03-03 05:09:00,-3.81,8.63,0.76,113.81,4.61,9.46,2.08,375.3,147677
2026-03-03 05:10:00,-3.98,8.53,1.46,115.03,8.84,9.52,3.28,366.1,127234
2026-03-03 05:11:00,-5.42,7.81,0.39,124.78,2.36,9.51,2.39,372.9,116957
2026-03-03 05:12:00,-5.42,7.72,2.14,125.05,12.81,9.67,2.72,373.4,124374
2026-03-03 05:13:00,-4.95,8.16,1.01,121.23,6.03,9.59,2.88,367.8,156224
2026-03-03 05:14:00,-4.25,8.35,0.99,116.97,6.02,9.43,2.11,366.7,100351
2026-03-03 05:15:00,-3.95,7.41,4.26,118.06,26.90,9.41,2.87,369.8,113133
2026-03-03 05:16:00,-4.13,5.72,5.16,125.83,36.19,8.74,3.58,368.2,132872
2026-03-03 05:17:00,-4.97,6.50,4.16,127.40,26.96,9.18,3.42,372.6,121730
2026-03-03 05:18:00,-5.06,5.97,4.88,130.29,31.94,9.23,3.09,373.6,100410
2026-03-03 05:19:00,-4.51,5.68,5.69,128.46,38.10,9.22,3.45,369.2,85784
2026-03-03 05:20:00,-4.65,6.99,3.67,123.61,23.62,9.16,3.76,367.6,103321
2026-03-03 05:21:00,-5.10,7.20,2.78,125.29,17.49,9.25,3.48,372.1,135173
2026-03-03 05:22:00,-3.80,7.74,0.52,116.12,3.45,8.64,2.87,377.3,137555
2026-03-03 05:23:00,-2.82,8.25,0.40,108.86,2.66,8.72,2.20,379.2,127469
2026-03-03 05:24:00,-2.25,8.43,1.26,104.93,8.25,8.81,2.79,381.3,122100
2026-03-03 05:25:00,-2.36,8.52,2.28,105.46,14.46,9.13,3.39,380.6,120281
2026-03-03 05:26:00,-1.12,7.69,3.23,98.29,22.54,8.41,3.63,379.5,111243
2026-03-03 05:27:00,-3.17,6.26,3.94,116.81,29.32,8.05,3.30,374.1,86507
2026-03-03 05:28:00,-2.71,4.84,6.70,119.22,50.40,8.70,4.40,379.0,122827
2026-03-03 05:29:00,-2.30,4.23,7.18,118.55,56.19,8.65,4.15,378.5,132804
2026-03-03 05:30:00,-1.35,2.03,8.78,123.62,74.45,9.11,4.34,386.7,130568
2026-03-03 05:31:00,-1.27,1.37,9.21,132.91,78.52,9.39,4.63,384.9,123800
2026-03-03 05:32:00,-1.81,0.95,9.35,152.33,77.67,9.57,5.02,384.1,122136
2026-03-03 05:33:00,-2.00,0.64,9.39,162.31,77.38,9.62,5.04,381.2,117096
2026-03-03 05:34:00,-1.55,-0.35,9.47,192.69,80.46,9.61,4.98,379.7,114370
2026-03-03 05:35:00,-0.75,-0.70,9.38,223.33,83.76,9.44,4.95,383.7,123350
2026-03-03 05:36:00,-0.45,-2.30,9.18,258.90,75.66,9.47,4.95,384.3,125376
2026-03-03 05:37:00,0.19,-4.09,8.61,272.67,64.57,9.53,4.96,386.2,129177
2026-03-03 05:38:00,0.48,-4.35,8.25,276.24,62.04,9.34,4.86,388.6,127979
2026-03-03 05:39:00,-0.03,-3.78,7.87,269.55,64.32,8.73,4.58,389.4,131811
2026-03-03 05:40:00,-1.20,1.02,3.05,139.61,62.67,3.43,4.33,387.7,171562
2026-03-03 05:41:00,-3.18,6.76,-6.09,115.18,-39.21,9.64,3.73,388.0,193831
2026-03-03 05:42:00,-2.93,6.30,-7.12,114.96,-45.70,9.95,1.01,393.1,134137
2026-03-03 05:43:00,-2.69,6.64,-6.86,112.04,-43.74,9.92,0.69,375.9,102110
2026-03-03 05:44:00,-2.75,6.36,-7.20,113.35,-46.07,9.99,0.77,376.5,96274
2026-03-03 05:45:00,-2.99,5.36,-6.95,119.10,-48.54,9.27,1.40,392.9,155055
2026-03-03 05:46:00,-3.70,2.33,-7.79,147.85,-60.69,8.94,2.28,392.9,145762
2026-03-03 05:47:00,-4.06,2.86,-7.22,144.84,-55.52,8.76,2.95,384.4,178544
2026-03-03 05:48:00,-4.31,5.40,-6.21,128.61,-41.95,9.30,2.46,387.5,168401
2026-03-03 05:49:00,-5.44,5.40,-5.78,135.21,-37.02,9.59,2.24,383.8,165210
2026-03-03 05:50:00,-6.01,5.87,-5.01,135.67,-30.80,9.78,2.54,379.7,177407
2026-03-03 05:51:00,-5.93,6.18,-4.68,133.82,-28.62,9.76,2.74,381.0,178129
2026-03-03 05:52:00,-6.41,5.92,-4.23,137.27,-25.87,9.70,2.75,381.6,168733
2026-03-03 05:53:00,-6.62,6.75,-3.21,134.43,-18.74,9.98,2.42,376.3,141582
2026-03-03 05:54:00,-5.68,7.60,-3.03,126.77,-17.69,9.96,1.97,373.0,132292
2026-03-03 05:55:00,-5.61,7.57,-2.81,126.56,-16.60,9.83,2.15,376.0,168869
2026-03-03 05:56:00,-6.47,6.71,-1.39,133.97,-8.46,9.43,2.26,368.8,112221
2026-03-03 05:57:00,-7.30,6.00,-1.21,140.59,-7.32,9.53,3.31,373.4,159734
2026-03-03 05:58:00,-5.16,8.19,-1.20,122.22,-7.07,9.75,2.81,369.1,170603
2026-03-03 05:59:00,-5.65,8.19,0.42,124.61,2.40,9.96,2.83,370.1,149726
2026-03-03 06:00:00,-5.69,8.17,0.74,124.86,4.25,9.99,3.62,364.4,92781
2026-03-03 06:01:00,-5.53,8.07,1.50,124.44,8.73,9.90,3.41,373.2,87533
2026-03-03 06:02:00,-4.42,8.45,0.40,117.59,2.41,9.54,3.92,368.8,128647
2026-03-03 06:03:00,-2.97,8.85,-0.82,108.53,-5.01,9.37,3.03,378.8,143988
2026-03-03 06:04:00,-4.12,8.33,1.92,116.29,11.65,9.49,3.38,375.2,125509
2026-03-03 06:05:00,-3.09,7.87,3.77,111.44,24.02,9.26,3.93,377.4,129726
2026-03-03 06:06:00,-3.60,7.66,3.36,115.15,21.64,9.11,4.24,376.6,132254
2026-03-03 06:07:00,-3.26,6.73,4.76,115.83,32.48,8.87,4.36,374.2,129291
2026-03-03 06:08:00,-2.57,6.03,4.69,113.05,35.59,8.06,4.03,384.0,161425
2026-03-03 06:09:00,-1.93,4.69,6.06,112.35,50.04,7.90,4.24,384.9,155427
2026-03-03 06:10:00,-2.26,3.37,7.19,123.93,60.56,8.26,4.54,385.5,146141
2026-03-03 06:11:00,-2.63,4.81,6.09,118.67,47.98,8.20,4.27,384.2,145211
2026-03-03 06:12:00,-2.82,6.87,4.48,112.34,31.09,8.68,3.66,383.9,137973
2026-03-03 06:13:00,-3.23,7.60,2.73,113.05,18.31,8.70,3.28,378.0,133309
2026-03-03 06:14:00,-1.14,4.33,5.97,104.79,53.12,7.46,3.37,376.0,167869
2026-03-03 06:15:00,-1.19,3.36,7.31,109.55,63.99,8.14,5.12,394.0,148262
2026-03-03 06:16:00,-1.63,3.90,7.55,112.69,60.76,8.65,4.41,385.3,147083
2026-03-03 06:17:00,-1.36,3.69,7.48,110.30,62.28,8.45,4.40,387.8,147916
2026-03-03 06:18:00,-2.49,4.70,6.30,117.93,49.79,8.25,4.58,384.2,148571
2026-03-03 06:19:00,-5.33,6.09,0.07,131.16,0.52,8.09,3.44,381.6,151675
2026-03-03 06:20:00,-5.58,5.05,-3.02,137.89,-21.89,8.11,2.28,384.2,167523
2026-03-03 06:21:00,-4.00,5.24,0.09,127.31,0.77,6.59,2.06,381.9,194268
2026-03-03 06:22:00,-3.22,7.59,3.45,112.96,22.70,8.94,2.75,378.0,165904
2026-03-03 06:23:00,-3.35,7.57,3.01,113.89,20.00,8.81,3.15,376.8,134048
2026-03-03 06:24:00,-3.30,7.85,2.77,112.81,18.04,8.96,3.19,374.7,138826
2026-03-03 06:25:00,-3.15,8.38,1.74,110.59,11.02,9.12,3.06,373.6,149157
2026-03-03 06:26:00,-4.10,8.04,1.45,117.02,9.11,9.14,2.59,376.4,130721
2026-03-03 06:27:00,-3.57,7.60,0.27,115.18,1.82,8.40,2.34,378.4,101060
2026-03-03 06:28:00,-3.96,7.13,-2.67,119.04,-18.15,8.58,1.89,384.1,151618
2026-03-03 06:29:00,-3.65,7.14,-2.54,117.06,-17.60,8.41,1.53,374.7,210106
2026-03-03 06:30:00,-3.03,7.27,-2.72,112.60,-19.02,8.33,1.34,369.5,106690
2026-03-03 06:31:00,-4.89,7.17,-1.53,124.30,-9.98,8.81,0.95,375.5,99196
2026-03-03 06:32:00,-3.57,7.30,-2.04,116.08,-14.11,8.38,1.64,368.1,111298
2026-03-03 06:33:00,-2.59,6.21,-4.46,112.68,-33.52,8.07,1.29,386.0,174843
2026-03-03 06:34:00,-2.68,6.45,-3.98,112.52,-29.65,8.04,1.50,397.0,166704
2026-03-03 06:35:00,-2.74,6.77,-4.66,112.01,-32.57,8.66,1.52,393.2,149704
2026-03-03 06:36:00,-2.94,6.69,-4.20,113.72,-29.91,8.42,1.20,387.6,186218
2026-03-03 06:37:00,-2.75,5.68,-3.71,115.85,-30.42,7.32,1.31,384.3,180515
2026-03-03 06:38:00,-3.15,6.55,-2.76,115.70,-20.80,7.78,1.05,381.7,127812
2026-03-03 06:39:00,-4.91,6.44,1.09,127.30,7.67,8.17,1.50,376.0,97338
2026-03-03 06:40:00,-4.41,5.65,3.53,127.99,26.19,7.99,2.18,371.8,96227
2026-03-03 06:41:00,-3.91,6.43,-0.36,121.29,-2.71,7.53,1.51,370.8,106432
2026-03-03 06:42:00,-3.91,7.02,-2.64,119.13,-18.16,8.46,1.30,367.3,81735
2026-03-03 06:43:00,-3.79,6.94,-1.99,118.64,-14.15,8.15,1.16,365.2,71469
2026-03-03 06:44:00,-2.98,7.74,-1.72,111.03,-11.72,8.47,1.95,376.6,170687
2026-03-03 06:45:00,-3.49,7.44,-1.96,115.14,-13.43,8.45,1.19,358.7,46582
2026-03-03 06:46:00,-3.31,6.46,0.38,117.12,3.00,7.27,1.66,382.1,114110
2026-03-03 06:47:00,-1.25,1.21,7.84,135.78,77.50,8.03,3.40,382.0,112623
2026-03-03 06:48:00,-2.81,4.58,5.81,121.51,47.24,7.92,3.60,390.1,147302
2026-03-03 06:49:00,-3.61,6.66,1.42,118.43,10.61,7.71,4.81,400.1,215801
2026-03-03 06:50:00,-1.23,7.15,-1.82,99.77,-14.11,7.48,2.99,405.0,199492
2026-03-03 06:51:00,-1.46,4.70,4.70,107.28,43.67,6.80,3.93,403.1,167742
2026-03-03 06:52:00,-4.20,5.79,3.77,125.97,27.79,8.08,8.20,416.2,160102
2026-03-03 06:53:00,-3.39,6.73,3.41,116.72,24.32,8.27,6.03,404.5,192165
2026-03-03 06:54:00,-2.83,5.93,5.06,115.50,37.60,8.29,4.78,401.9,144561
2026-03-03 06:55:00,-3.21,7.66,1.64,112.76,11.16,8.46,3.89,392.1,120262
2026-03-03 06:56:00,-2.29,7.93,0.51,106.13,3.56,8.27,2.51,386.0,162845
2026-03-03 06:57:00,0.46,7.46,1.23,86.45,9.31,7.58,2.42,393.5,162491
2026-03-03 06:58:00,2.72,7.17,0.12,69.25,0.88,7.67,2.60,389.3,106264
2026-03-03 06:59:00,2.16,7.00,-2.33,72.87,-17.62,7.68,2.80,390.2,107903
2026-03-03 07:00:00,-0.23,6.67,-2.64,91.94,-21.63,7.17,1.80,405.5,213462
2026-03-03 07:01:00,-0.90,7.41,-2.50,96.93,-18.52,7.87,2.04,410.6,288378
2026-03-03 07:02:00,-2.66,7.44,-1.27,109.68,-9.14,8.00,1.87,398.3,176052
2026-03-03 07:03:00,-2.05,6.93,-3.30,106.48,-24.52,7.94,1.80,365.1,113985
2026-03-03 07:04:00,-1.31,6.45,-4.46,101.49,-34.10,7.95,0.86,381.0,114021
2026-03-03 07:05:00,-3.11,4.38,0.04,125.38,0.44,5.38,1.04,385.8,130581
2026-03-03 07:06:00,-3.39,3.80,4.29,131.74,40.09,6.66,2.47,380.6,132797
2026-03-03 07:07:00,-4.14,6.99,-0.27,120.66,-1.90,8.13,8.82,377.6,79496
2026-03-03 07:08:00,-4.49,6.17,-3.21,126.04,-22.81,8.28,4.46,395.0,199035
2026-03-03 07:09:00,-4.72,3.95,-4.77,140.07,-37.76,7.79,1.88,407.9,214079
2026-03-03 07:10:00,-1.00,3.23,1.47,107.14,23.50,3.69,1.49,395.5,138797
2026-03-03 07:11:00,-1.88,4.75,-1.87,111.56,-20.11,5.44,1.38,384.6,137748
2026-03-03 07:12:00,-2.42,4.59,-6.33,117.77,-50.64,8.18,1.87,395.2,190301
2026-03-03 07:13:00,-2.80,5.17,-5.89,118.45,-45.01,8.33,2.37,407.9,210985
2026-03-03 07:14:00,-2.85,4.91,-6.16,120.08,-47.33,8.38,3.10,398.0,83056
2026-03-03 07:15:00,-3.34,4.62,-6.04,125.81,-46.65,8.30,2.72,398.6,102322
2026-03-03 07:16:00,-3.53,4.51,-6.14,128.03,-46.98,8.40,1.57,400.8,164306
2026-03-03 07:17:00,-1.64,5.15,-6.14,107.71,-48.62,8.18,1.92,401.8,170650
2026-03-03 07:18:00,-1.40,5.16,-6.20,105.18,-49.22,8.19,4.11,396.5,81526
2026-03-03 07:19:00,-3.55,4.82,-6.12,126.41,-45.61,8.56,2.58,415.6,158179
2026-03-03 07:20:00,-4.05,4.33,-6.11,133.06,-45.88,8.52,1.55,402.8,154003
2026-03-03 07:21:00,-0.57,6.82,-4.65,94.75,-34.21,8.27,1.36,395.6,133785
2026-03-03 07:22:00,-0.30,7.75,-3.29,92.19,-23.00,8.43,1.59,397.3,95723
2026-03-03 07:23:00,0.89,7.58,-2.55,83.32,-18.51,8.04,3.10,405.6,113710
2026-03-03 07:24:00,2.23,7.56,-2.69,73.59,-18.87,8.33,2.85,415.8,196053
2026-03-03 07:25:00,2.07,7.46,-3.21,74.46,-22.55,8.38,1.96,398.5,135449
2026-03-03 07:26:00,2.07,6.86,-3.94,73.22,-28.82,8.17,2.58,402.6,126369
2026-03-03 07:27:00,0.76,7.68,-3.31,84.35,-23.23,8.39,2.13,403.5,151228
2026-03-03 07:28:00,1.09,7.98,-2.16,82.20,-15.03,8.34,1.81,403.4,156801
2026-03-03 07:29:00,0.93,8.17,-2.08,83.47,-14.18,8.48,2.38,403.6,132193
2026-03-03 07:30:00,1.42,7.82,-2.05,79.71,-14.47,8.20,1.82,398.3,128732
2026-03-03 07:31:00,2.07,7.68,-2.27,74.95,-15.94,8.27,1.77,422.5,220352
2026-03-03 07:32:00,2.67,7.01,-2.79,69.11,-20.40,8.00,1.69,410.3,141669
2026-03-03 07:33:00,1.50,7.55,-2.88,78.73,-20.51,8.21,1.55,399.2,118514
2026-03-03 07:34:00,1.38,7.39,-3.75,79.43,-26.49,8.40,1.49,407.2,198399
2026-03-03 07:35:00,0.92,6.57,-5.24,82.04,-38.30,8.45,1.28,418.7,213563
2026-03-03 07:36:00,0.80,5.56,-6.18,81.81,-47.70,8.35,0.91,394.0,153110
2026-03-03 07:37:00,-3.54,5.51,-4.09,122.75,-31.98,7.72,0.60,383.4,108399
2026-03-03 07:38:00,-2.69,7.18,-2.82,110.52,-20.21,8.17,1.19,388.3,216603
2026-03-03 07:39:00,-1.99,7.80,-2.84,104.28,-19.44,8.54,1.18,385.9,153224
2026-03-03 07:40:00,-1.54,6.96,-2.58,102.48,-19.89,7.58,0.68,367.0,77166
2026-03-03 07:41:00,-4.06,7.68,-0.41,117.84,-2.71,8.70,2.04,383.6,155963
2026-03-03 07:42:00,-2.98,8.21,-0.59,109.94,-3.87,8.76,2.47,384.2,149968
2026-03-03 07:43:00,-3.23,8.09,0.49,111.77,3.24,8.72,2.36,385.2,131242
2026-03-03 07:44:00,-4.35,7.16,1.61,121.29,10.88,8.53,2.62,383.2,132665
2026-03-03 07:45:00,-5.66,3.99,5.51,144.85,38.53,8.85,3.35,380.1,129863
2026-03-03 07:46:00,-5.48,2.22,6.76,157.94,48.79,8.98,4.37,397.1,166570
2026-03-03 07:47:00,-5.59,1.13,6.75,168.53,49.83,8.84,2.90,373.2,170045
2026-03-03 07:48:00,-5.49,2.61,6.92,154.59,48.70,9.21,2.92,370.8,160174
2026-03-03 07:49:00,-4.65,0.51,7.98,173.71,59.61,9.25,2.83,359.3,106275
2026-03-03 07:50:00,-5.19,4.15,6.58,141.38,44.73,9.36,1.60,353.4,37384
2026-03-03 07:51:00,-5.36,4.80,5.96,138.18,39.64,9.34,4.16,383.2,157124
2026-03-03 07:52:00,-5.40,4.37,6.18,141.04,41.63,9.30,4.08,373.4,136985
2026-03-03 07:53:00,-5.31,4.86,5.61,137.52,37.95,9.13,4.45,383.4,187247
2026-03-03 07:54:00,-5.52,5.01,5.25,137.78,35.14,9.12,3.85,378.8,148902
2026-03-03 07:55:00,-5.09,6.36,3.95,128.66,25.88,9.05,3.61,377.6,150139
2026-03-03 07:56:00,-5.13,6.13,4.32,129.92,28.39,9.08,3.58,375.1,169813
2026-03-03 07:57:00,-5.47,6.58,2.98,129.73,19.22,9.06,2.40,355.9,82981
2026-03-03 07:58:00,-6.02,5.84,3.66,135.84,23.60,9.15,2.69,359.9,77904
2026-03-03 07:59:00,-6.38,4.42,4.67,145.29,31.06,9.05,3.31,362.1,107236
2026-03-03 08:00:00,-5.70,6.37,3.07,131.84,19.77,9.08,3.27,362.7,102121
2026-03-03 08:01:00,-5.11,7.41,1.67,124.62,10.52,9.15,3.06,374.8,104842
2026-03-03 08:02:00,-4.12,6.99,1.47,120.49,10.24,8.24,2.80,379.7,106316
2026-03-03 08:03:00,-3.46,7.64,1.60,114.37,10.79,8.54,2.79,380.8,97354
2026-03-03 08:04:00,-1.35,8.36,-0.28,99.19,-1.90,8.47,2.31,385.0,127484
2026-03-03 08:05:00,-1.80,8.21,0.33,102.37,2.25,8.41,2.44,396.8,171934
2026-03-03 08:06:00,-3.16,6.96,2.40,114.39,17.46,8.01,2.61,399.8,182297
2026-03-03 08:07:00,-3.03,7.62,-2.24,111.67,-15.31,8.50,2.65,381.7,100760
2026-03-03 08:08:00,-2.98,6.56,-5.71,114.40,-38.41,9.20,1.21,372.9,161639
2026-03-03 08:09:00,-2.25,7.08,-5.35,107.59,-35.73,9.16,0.72,388.0,156944
2026-03-03 08:10:00,-1.99,7.21,-5.48,105.43,-36.21,9.27,0.48,364.6,56098
2026-03-03 08:11:00,-2.65,8.13,-3.48,108.03,-22.12,9.23,3.03,386.8,78793
2026-03-03 08:12:00,-2.51,7.29,-4.74,109.01,-31.58,9.06,1.88,398.2,125857
2026-03-03 08:13:00,-0.84,7.62,-4.15,96.32,-28.41,8.72,2.02,407.7,138899
2026-03-03 08:14:00,-0.10,7.47,-4.13,90.77,-28.97,8.54,2.62,406.5,114158
2026-03-03 08:15:00,-2.61,6.10,-6.51,113.12,-44.46,9.30,4.88,395.8,72147
2026-03-03 08:16:00,-3.26,3.56,-7.40,132.41,-56.89,8.84,4.67,397.1,138931
2026-03-03 08:17:00,-3.79,3.54,-7.22,136.98,-54.32,8.89,1.67,402.7,198085
2026-03-03 08:18:00,-4.67,3.21,-6.94,145.46,-50.79,8.96,1.24,393.3,119716
2026-03-03 08:19:00,-3.97,5.88,-5.79,124.03,-39.24,9.16,1.25,385.9,126954
2026-03-03 08:20:00,-3.96,5.49,-5.20,125.83,-37.54,8.54,1.35,386.1,136474
2026-03-03 08:21:00,-1.88,8.88,-1.57,101.97,-9.83,9.21,1.42,386.5,140208
2026-03-03 08:22:00,-0.65,8.83,-2.47,94.20,-15.61,9.19,1.96,389.3,163471
2026-03-03 08:23:00,-0.31,8.81,-2.90,92.03,-18.20,9.28,1.85,383.3,68239
2026-03-03 08:24:00,-0.52,8.97,-2.32,93.34,-14.49,9.28,1.62,397.8,119176
2026-03-03 08:25:00,-2.33,8.56,-2.74,105.23,-17.16,9.29,1.62,401.5,128569
2026-03-03 08:26:00,-2.36,8.89,-1.86,104.84,-11.46,9.39,1.24,371.1,75142
2026-03-03 08:27:00,-1.94,8.90,-2.62,102.29,-16.06,9.47,2.06,397.3,152642
2026-03-03 08:28:00,-1.62,8.73,-3.05,100.52,-18.97,9.39,1.51,390.6,126416
2026-03-03 08:29:00,-1.79,8.85,-2.84,101.42,-17.46,9.47,1.27,381.6,98780
2026-03-03 08:30:00,-0.57,7.94,-4.41,94.07,-28.98,9.10,1.21,380.9,94686
2026-03-03 08:31:00,-3.62,7.73,-3.86,115.13,-24.34,9.37,1.15,386.7,144392
2026-03-03 08:32:00,-2.83,7.77,-4.27,109.99,-27.32,9.31,1.13,396.1,166604
2026-03-03 08:33:00,-2.55,8.21,-3.79,107.28,-23.79,9.40,1.15,393.4,117634
2026-03-03 08:34:00,-3.58,7.16,-5.05,116.57,-32.24,9.47,1.26,387.8,105018
2026-03-03 08:35:00,-4.77,6.96,-4.61,124.45,-28.67,9.61,1.20,401.9,147336
2026-03-03 08:36:00,-3.80,6.98,-4.67,118.60,-30.42,9.22,1.36,398.8,161795
2026-03-03 08:37:00,-4.10,6.91,-4.53,120.70,-29.41,9.22,4.61,409.4,173534
2026-03-03 08:38:00,-3.21,7.04,-5.37,114.52,-34.75,9.42,22.96,373.2,25000
2026-03-03 08:39:00,-3.38,6.96,-5.26,115.88,-34.18,9.36,1.26,399.9,215343
2026-03-03 08:40:00,-2.89,6.68,-5.54,113.43,-37.28,9.15,0.86,386.8,107691
2026-03-03 08:41:00,-3.91,7.94,-2.12,116.24,-13.48,9.10,2.43,390.7,128369
2026-03-03 08:42:00,-4.12,7.94,-1.73,117.44,-10.94,9.11,1.94,381.8,134217
2026-03-03 08:43:00,-3.96,8.48,-1.46,115.02,-8.87,9.47,1.72,392.5,168734
2026-03-03 08:44:00,-3.84,8.54,-1.41,114.20,-8.58,9.46,1.68,382.9,124304
2026-03-03 08:45:00,-4.52,8.46,-1.15,118.13,-6.86,9.66,1.71,366.3,75883
2026-03-03 08:46:00,-3.89,8.09,-1.86,115.70,-11.70,9.17,1.56,358.4,45265
2026-03-03 08:47:00,-3.99,8.04,-2.26,116.36,-14.11,9.26,1.49,377.3,121650
2026-03-03 08:48:00,-4.99,7.69,0.07,122.98,0.43,9.17,1.91,383.1,158891
2026-03-03 08:49:00,-4.41,3.33,5.17,142.94,43.11,7.56,2.69,368.9,105540
2026-03-03 08:50:00,-0.89,-2.20,8.02,247.96,73.55,8.36,3.03,375.4,111697
2026-03-03 08:51:00,0.42,0.60,8.33,55.28,84.96,8.37,2.91,387.8,125433
2026-03-03 08:52:00,-1.09,1.38,8.54,128.19,78.39,8.72,3.87,404.2,142749
2026-03-03 08:53:00,-1.83,1.23,8.02,146.03,74.61,8.32,3.85,385.3,100517
2026-03-03 08:54:00,-2.23,3.67,7.51,121.29,60.22,8.65,3.89,385.9,105548
2026-03-03 08:55:00,-2.85,3.89,7.43,126.21,57.04,8.85,4.68,397.9,201133
2026-03-03 08:56:00,-2.73,2.95,7.69,132.79,62.41,8.68,4.13,384.8,122796
2026-03-03 08:57:00,-0.37,5.74,5.88,93.71,45.62,8.23,4.07,365.2,49218
2026-03-03 08:58:00,-1.17,5.70,5.65,101.63,44.19,8.11,1.68,355.3,28489
2026-03-03 08:59:00,-1.31,6.24,5.38,101.86,40.16,8.35,3.63,393.7,145917
2026-03-03 09:00:00,-2.30,6.53,4.16,109.41,31.00,8.08,3.85,392.6,152897
2026-03-03 09:01:00,-1.64,7.08,3.04,103.03,22.69,7.87,2.39,368.4,65104
2026-03-03 09:02:00,-1.98,7.41,2.49,104.93,18.01,8.06,3.38,385.3,135411
2026-03-03 09:03:00,-3.61,7.50,2.98,115.69,19.73,8.84,4.03,395.6,166483
2026-03-03 09:04:00,-3.98,7.71,2.19,117.30,14.18,8.95,3.32,383.5,125141
2026-03-03 09:05:00,-6.37,4.62,3.60,144.08,24.58,8.65,3.69,377.9,162237
2026-03-03 09:06:00,-6.63,5.23,3.41,141.72,22.02,9.11,4.06,375.1,193992
2026-03-03 09:07:00,-6.72,4.07,4.64,148.81,30.55,9.12,3.05,371.6,136270
2026-03-03 09:08:00,-6.40,3.88,5.23,148.77,34.96,9.13,3.84,366.5,89396
2026-03-03 09:09:00,-6.80,3.79,4.80,150.87,31.64,9.15,3.73,369.7,106383
2026-03-03 09:10:00,-6.76,4.28,4.23,147.65,27.83,9.05,3.77,379.1,168611
2026-03-03 09:11:00,-5.48,5.89,4.21,132.94,27.63,9.08,2.85,375.6,176264
2026-03-03 09:12:00,-4.76,6.26,4.28,127.22,28.55,8.95,2.93,374.0,155721
2026-03-03 09:13:00,-4.89,7.33,2.77,123.72,17.47,9.24,3.01,378.5,106386
2026-03-03 09:14:00,-5.52,7.40,1.88,126.72,11.48,9.42,3.07,382.8,112477
2026-03-03 09:15:00,-3.97,8.39,0.99,115.33,6.07,9.34,2.00,367.8,71261
2026-03-03 09:16:00,-4.04,8.19,1.66,116.27,10.33,9.28,2.53,374.0,107796
2026-03-03 09:17:00,-4.32,8.02,1.86,118.33,11.57,9.30,3.21,384.3,160316
2026-03-03 09:18:00,-3.94,8.33,0.56,115.33,3.46,9.23,2.99,384.4,149394
2026-03-03 09:19:00,-3.53,8.42,-0.32,112.76,-2.00,9.14,2.39,370.5,89576
2026-03-03 09:20:00,-3.46,8.51,0.09,112.12,0.57,9.18,2.14,363.2,72310
2026-03-03 09:21:00,-3.43,8.50,0.40,111.94,2.53,9.18,2.44,371.0,114051
2026-03-03 09:22:00,-3.08,8.61,-0.35,109.67,-2.19,9.15,2.68,379.0,133279
2026-03-03 09:23:00,-3.53,8.52,0.00,112.47,-0.01,9.22,2.37,384.3,114679
2026-03-03 09:24:00,-2.95,8.67,-0.42,108.81,-2.64,9.17,2.43,384.5,123290
2026-03-03 09:25:00,-2.74,8.80,-0.59,107.30,-3.65,9.23,2.17,387.3,127644
2026-03-03 09:26:00,-2.41,8.86,-0.49,105.21,-3.07,9.19,2.06,,
2026-03-03 09:27:00,-3.74,8.56,0.08,113.59,0.48,9.34,2.06,375.1,86063
2026-03-03 09:28:00,-2.56,8.18,-2.04,107.40,-13.37,8.81,2.13,375.2,94489
2026-03-03 09:29:00,-3.00,8.34,-0.51,109.79,-3.32,8.87,2.03,379.3,99682
2026-03-03 09:30:00,-3.67,7.96,1.25,114.78,8.12,8.85,2.43,372.7,86466
2026-03-03 09:31:00,-5.13,7.14,1.45,125.70,9.33,8.92,2.57,373.2,97361
2026-03-03 09:32:00,-3.82,7.88,1.27,115.87,8.26,8.85,2.96,380.4,124627
2026-03-03 09:33:00,-5.22,6.97,2.79,126.80,17.77,9.14,3.50,386.5,147081
2026-03-03 09:34:00,-4.36,7.71,0.10,119.51,0.68,8.86,2.76,371.4,103820
2026-03-03 09:35:00,-3.86,8.19,-1.87,115.26,-11.70,9.24,2.05,373.0,111940
2026-03-03 09:36:00,-4.55,8.34,-1.33,118.63,-7.96,9.60,1.85,376.9,123436
2026-03-03 09:37:00,-4.79,7.75,0.11,121.71,0.69,9.11,2.03,368.2,98124
2026-03-03 09:38:00,-5.53,7.08,0.95,127.97,6.01,9.03,2.54,369.7,115658
2026-03-03 09:39:00,-5.08,7.39,1.92,124.50,12.07,9.17,2.78,373.1,116233
2026-03-03 09:40:00,-6.30,6.64,2.24,133.50,13.75,9.42,3.85,393.2,135681
2026-03-03 09:41:00,-6.54,4.48,4.56,145.62,29.92,9.15,3.04,382.8,192375
2026-03-03 09:42:00,-6.65,2.79,5.76,157.20,38.59,9.23,3.35,367.9,72848
2026-03-03 09:43:00,-6.63,3.54,5.41,151.86,35.74,9.26,4.06,378.2,166618
2026-03-03 09:44:00,-6.90,3.90,4.83,150.51,31.35,9.29,3.20,367.8,83905
2026-03-03 09:45:00,-6.76,4.21,4.72,148.05,30.65,9.25,2.87,365.0,84297
2026-03-03 09:46:00,-7.04,3.90,4.42,151.02,28.81,9.18,2.74,358.2,82113
2026-03-03 09:47:00,-6.59,3.92,4.78,149.28,31.93,9.03,3.62,371.2,155856
2026-03-03 09:48:00,-7.02,5.24,2.75,143.28,17.41,9.18,2.86,376.5,162654
2026-03-03 09:49:00,-6.43,5.48,3.21,139.58,20.83,9.04,2.47,373.4,130031
2026-03-03 09:50:00,-6.38,5.87,2.68,137.39,17.18,9.07,2.64,368.0,92022
2026-03-03 09:51:00,-6.93,4.35,4.12,147.92,26.75,9.16,3.01,369.1,90044
2026-03-03 09:52:00,-6.66,4.62,4.81,145.25,30.68,9.42,2.99,370.0,95765
2026-03-03 09:53:00,-6.67,3.84,5.41,150.06,35.09,9.41,2.68,360.5,75028
2026-03-03 09:54:00,-6.13,3.69,5.83,148.98,39.20,9.23,3.11,356.3,74066
2026-03-03 09:55:00,-5.83,3.36,6.11,150.02,42.27,9.09,4.05,370.0,109869
2026-03-03 09:56:00,-5.28,2.02,7.45,159.03,52.79,9.35,3.40,374.2,99780
2026-03-03 09:57:00,-5.06,2.77,7.00,151.33,50.54,9.07,3.36,372.9,95316
2026-03-03 10:03:00,-5.96,1.90,6.49,162.33,46.04,9.01,4.02,377.8,105447
2026-03-03 10:04:00,-6.15,3.56,6.27,149.95,41.42,9.48,3.50,371.1,90914
2026-03-03 10:05:00,-5.95,1.72,7.08,163.85,48.79,9.41,3.75,368.6,94010
2026-03-03 10:06:00,-6.53,0.56,6.83,175.11,46.21,9.46,3.80,368.2,99082
2026-03-03 10:07:00,-6.50,2.87,5.83,156.20,39.39,9.19,3.34,364.1,85943
2026-03-03 10:08:00,-5.96,3.52,5.75,149.45,39.75,9.00,3.45,363.7,91619
2026-03-03 10:09:00,-5.52,3.55,6.36,147.26,44.09,9.14,3.95,370.6,111268
2026-03-03 10:10:00,-4.04,4.96,6.25,129.20,44.34,8.94,4.15,377.4,107977
2026-03-03 10:11:00,-4.28,4.93,6.38,130.97,44.37,9.13,4.38,381.4,109578
2026-03-03 10:12:00,-5.13,5.01,5.99,135.68,39.89,9.34,3.99,381.1,108579
2026-03-03 10:13:00,-5.08,2.93,6.99,150.07,50.01,9.12,4.57,375.7,107729
2026-03-03 10:14:00,-4.15,-0.34,8.27,184.69,63.28,9.26,5.63,376.4,113400
2026-03-03 10:15:00,-5.40,0.30,7.32,176.78,53.56,9.10,4.17,378.5,106919
2026-03-03 10:16:00,-5.84,1.96,6.88,161.40,48.18,9.24,4.39,373.2,102866
2026-03-03 10:17:00,-6.65,2.34,6.41,160.63,42.25,9.53,3.80,369.6,88278
2026-03-03 10:18:00,-5.50,3.89,6.20,144.71,42.61,9.15,3.88,371.5,99541
2026-03-03 10:19:00,-5.16,2.26,7.21,156.33,51.99,9.15,3.92,373.3,102790
2026-03-03 10:20:00,-5.43,1.99,7.13,159.88,50.99,9.18,4.21,373.1,115849
2026-03-03 10:21:00,-6.42,0.59,6.47,174.74,45.11,9.13,3.91,371.7,111766
2026-03-03 10:22:00,-5.91,0.11,6.80,178.97,49.00,9.01,4.26,374.3,110589
2026-03-03 10:23:00,-5.92,0.88,6.92,171.57,49.11,9.15,4.36,373.9,108945
2026-03-03 10:24:00,-5.66,0.66,6.83,173.37,50.15,8.90,4.10,370.8,94954
2026-03-03 10:25:00,-2.98,1.82,8.43,148.60,67.54,9.12,4.51,376.8,100433
2026-03-03 10:26:00,-3.66,1.55,8.33,157.03,64.49,9.22,4.78,385.9,121224
2026-03-03 10:27:00,-4.16,1.41,8.10,161.29,61.52,9.21,4.17,381.0,106659
2026-03-03 10:28:00,-3.62,1.82,8.17,153.31,63.61,9.13,4.33,379.5,113415
2026-03-03 10:29:00,-4.03,1.17,8.12,163.86,62.66,9.15,4.41,382.8,118599
2026-03-03 10:30:00,-5.06,0.44,7.29,175.09,55.10,8.88,4.42,380.5,113508
2026-03-03 10:33:00,-5.80,-0.08,6.95,180.81,50.16,9.05,4.11,378.1,109946
2026-03-03 10:34:00,-5.77,-0.04,6.87,180.40,49.93,8.97,4.02,372.3,100093
2026-03-03 10:35:00,-6.29,-0.84,6.36,187.64,45.05,8.98,4.29,374.3,112021
2026-03-03 10:36:00,-6.51,0.15,6.21,178.64,43.67,9.00,3.96,371.2,112185
2026-03-03 10:37:00,-6.97,-0.64,5.50,185.26,38.14,8.90,3.78,369.6,108415
2026-03-03 10:38:00,-6.62,-0.69,5.75,185.94,40.83,8.80,3.65,370.2,117447
2026-03-03 10:39:00,-4.97,2.46,6.27,153.65,48.52,8.37,3.84,371.9,127192
2026-03-03 10:40:00,-5.19,3.53,6.30,145.77,45.09,8.90,4.07,371.4,120675
2026-03-03 10:41:00,-5.53,3.30,6.48,149.17,45.20,9.13,3.74,369.5,101951
2026-03-03 10:42:00,-5.86,3.20,6.39,151.36,43.72,9.24,3.43,369.4,91043
2026-03-03 10:43:00,-6.03,3.11,6.28,152.72,42.78,9.25,3.77,368.5,95254
2026-03-03 10:44:00,-5.10,3.09,6.85,148.80,48.97,9.08,3.72,368.6,93835
2026-03-03 10:45:00,-4.85,3.17,7.07,146.81,50.68,9.14,3.66,371.8,87832
2026-03-03 10:46:00,-5.20,3.54,6.71,145.75,46.82,9.20,3.46,371.3,81345
2026-03-03 10:47:00,-5.05,2.61,7.05,152.66,51.09,9.05,3.58,368.8,105114
2026-03-03 10:48:00,-4.90,2.92,7.09,149.25,51.16,9.10,3.71,369.6,106714
2026-03-03 10:49:00,-4.96,2.97,6.98,149.12,50.34,9.06,3.86,371.4,100608
2026-03-03 10:50:00,-4.59,2.80,6.79,148.60,51.65,8.66,3.89,369.0,114822
2026-03-03 10:51:00,-4.53,2.96,6.88,146.85,51.83,8.75,3.76,369.5,105099
2026-03-03 10:52:00,-4.74,2.86,6.65,148.85,50.23,8.66,3.49,375.2,109022
2026-03-03 10:53:00,-5.29,3.25,7.00,148.39,48.44,9.36,3.56,375.6,95908
2026-03-03 10:54:00,-6.45,2.92,6.68,155.64,43.35,9.73,3.29,370.0,93135
2026-03-03 10:55:00,-6.65,2.91,6.61,156.34,42.32,9.82,3.10,366.3,100667
2026-03-03 10:56:00,-7.26,2.63,6.79,160.11,41.34,10.28,3.00,366.1,92498
2026-03-03 10:57:00,-7.25,2.99,6.49,157.58,39.59,10.18,2.75,364.9,75547
2026-03-03 10:58:00,-7.67,3.14,6.17,157.75,36.64,10.33,2.79,362.1,76270
2026-03-03 10:59:00,-7.03,3.06,6.41,156.48,39.88,9.99,3.06,361.3,86306
2026-03-03 11:00:00,-7.29,3.26,5.99,155.91,36.87,9.98,3.00,363.1,78333
2026-03-03 11:01:00,-7.39,3.64,5.80,153.76,35.12,10.08,2.82,363.8,77644
2026-03-03 11:02:00,-7.21,4.03,5.64,150.78,34.33,10.01,3.30,364.9,97238
2026-03-03 11:03:00,-7.24,4.30,4.75,149.32,29.41,9.67,3.34,365.9,78644
2026-03-03 11:06:00,-6.10,4.87,5.85,141.37,36.84,9.75,3.41,371.4,94240
2026-03-03 11:07:00,-6.05,5.47,5.07,137.91,31.85,9.61,3.39,369.1,88224
2026-03-03 11:08:00,-6.28,6.27,4.45,135.08,26.62,9.92,3.10,373.5,80751
2026-03-03 11:09:00,-6.55,5.71,4.89,138.91,29.37,9.97,3.30,373.6,67428
2026-03-03 11:10:00,-6.68,5.85,3.36,138.78,20.72,9.50,3.14,374.5,78206
2026-03-03 11:11:00,-5.92,6.29,4.66,133.27,28.33,9.82,3.12,375.4,82516
2026-03-03 11:12:00,-4.78,6.91,3.84,124.69,24.57,9.24,3.25,375.3,75233
2026-03-03 11:13:00,-3.12,8.10,2.93,111.09,18.66,9.16,3.24,380.1,86435
2026-03-03 11:14:00,-3.66,7.89,3.16,114.88,20.01,9.25,3.50,385.3,104590
2026-03-03 11:15:00,-3.68,7.58,3.38,115.90,21.89,9.08,3.78,380.7,100037
2026-03-03 11:16:00,-2.09,8.27,2.19,104.19,14.42,8.81,3.49,382.0,91859
2026-03-03 11:17:00,-1.11,8.98,2.40,97.02,14.86,9.36,2.66,399.6,112335
2026-03-03 11:18:00,-1.53,8.85,2.26,99.79,14.15,9.26,3.14,398.0,115205
2026-03-03 11:19:00,-1.57,9.12,1.51,99.76,9.27,9.38,3.45,390.5,105581
2026-03-03 11:20:00,-0.71,9.39,0.60,94.34,3.64,9.44,2.70,396.2,106011
2026-03-03 11:21:00,-0.72,9.46,0.12,94.35,0.75,9.49,2.45,398.7,99559
2026-03-03 11:22:00,-0.32,9.42,-0.01,91.92,-0.06,9.43,2.25,397.4,110514
2026-03-03 11:23:00,0.85,9.09,-1.51,84.65,-9.36,9.26,1.78,402.0,111268
2026-03-03 11:24:00,1.19,8.80,-1.50,82.28,-9.60,9.01,1.92,409.2,103007
2026-03-03 11:25:00,0.88,9.19,-0.76,84.55,-4.73,9.26,2.11,408.4,110541
2026-03-03 11:26:00,1.19,9.18,-0.30,82.59,-1.88,9.26,2.49,411.9,109635
2026-03-03 11:27:00,0.24,9.27,-0.62,88.53,-3.81,9.29,2.86,408.4,112945
2026-03-03 11:28:00,2.08,7.17,-5.16,73.81,-34.62,9.08,2.04,400.8,120048
2026-03-03 11:29:00,0.65,7.34,-5.09,84.93,-34.64,8.96,0.76,398.4,117273
2026-03-03 11:30:00,1.21,7.94,-4.10,81.32,-27.07,9.02,0.66,400.1,112681
2026-03-03 11:31:00,3.15,4.22,-6.39,53.30,-50.50,8.28,0.87,407.3,132662
2026-03-03 11:32:00,-2.27,7.18,3.15,107.55,22.71,8.16,1.25,400.7,182866
2026-03-03 11:33:00,-4.07,7.39,3.73,118.86,23.88,9.23,3.66,384.6,112865
2026-03-03 11:34:00,-4.16,8.04,3.28,117.33,19.91,9.63,3.94,379.7,123320
2026-03-03 11:35:00,-5.08,7.82,4.21,122.98,24.28,10.23,3.49,377.5,81115
2026-03-03 11:36:00,-5.75,7.14,5.40,128.84,30.47,10.64,3.95,386.4,100586
2026-03-03 11:39:00,-5.49,7.77,4.85,125.26,27.00,10.68,3.73,376.8,71474
2026-03-03 11:40:00,-5.86,6.94,5.57,130.16,31.51,10.65,3.72,380.3,96988
2026-03-03 11:41:00,-5.98,5.29,6.76,138.49,40.25,10.46,3.36,377.2,92824
2026-03-03 11:42:00,-6.90,4.57,7.01,146.49,40.28,10.84,3.19,372.3,72119
2026-03-03 11:43:00,-6.87,5.41,6.46,141.76,36.48,10.87,3.39,373.7,81382
2026-03-03 11:44:00,-7.61,4.34,6.20,150.29,35.28,10.73,3.63,374.7,101900
2026-03-03 11:45:00,-8.29,2.09,6.64,165.85,37.84,10.82,3.35,373.6,122154
2026-03-03 11:46:00,-6.70,5.32,6.51,141.58,37.26,10.75,2.97,373.4,121069
2026-03-03 11:47:00,-6.74,5.67,6.20,139.97,35.15,10.77,3.53,371.1,74008
2026-03-03 11:48:00,-5.53,7.12,5.40,127.82,30.95,10.51,3.87,379.7,108604
2026-03-03 11:49:00,-4.36,8.38,3.99,117.49,22.91,10.25,3.07,386.8,97613
2026-03-03 11:50:00,-4.37,8.51,4.33,117.22,24.34,10.50,2.49,389.2,86765
2026-03-03 11:51:00,-4.74,8.63,3.97,118.78,21.96,10.62,2.82,379.1,68366
2026-03-03 11:52:00,-3.57,9.31,2.76,111.00,15.47,10.35,3.59,387.0,102455
2026-03-03 11:53:00,-3.33,9.77,1.52,108.81,8.38,10.44,2.96,387.8,85133
2026-03-03 11:54:00,-1.72,9.44,3.09,100.31,17.84,10.08,2.34,391.9,95141
2026-03-03 11:55:00,-0.90,9.90,2.86,95.22,16.08,10.34,2.75,402.4,96834
2026-03-03 11:56:00,-1.12,10.09,1.46,96.35,8.19,10.25,2.89,411.9,103485
2026-03-03 11:57:00,-2.26,9.91,0.06,102.83,0.32,10.16,2.03,403.9,99541
2026-03-03 11:58:00,-2.87,9.59,0.25,106.69,1.43,10.01,1.57,397.6,114526
2026-03-03 11:59:00,-2.99,9.95,2.37,106.74,12.83,10.65,2.10,394.5,116026
2026-03-03 12:00:00,-2.08,9.84,2.08,101.96,11.66,10.27,2.61,393.1,100517
2026-03-03 12:01:00,-0.71,9.56,-1.63,94.25,-9.68,9.72,2.05,397.6,100607
2026-03-03 12:02:00,0.33,9.22,-4.83,87.97,-27.61,10.41,0.94,403.0,114064
2026-03-03 12:03:00,0.86,7.85,-5.44,83.77,-34.54,9.59,0.59,400.8,122195
2026-03-03 12:04:00,-3.00,8.02,1.58,110.50,10.46,8.71,1.00,391.7,111303
2026-03-03 12:05:00,-2.98,8.36,3.96,109.63,24.05,9.72,3.01,387.4,85641
2026-03-03 12:06:00,-2.47,8.31,3.71,106.53,23.16,9.43,3.45,396.0,115801
2026-03-03 12:07:00,-3.36,8.47,2.50,111.64,15.31,9.45,2.86,389.0,119954
2026-03-03 12:08:00,-4.84,7.32,3.56,123.49,22.06,9.47,2.73,391.7,127720
2026-03-03 12:09:00,-6.49,5.66,4.35,138.90,26.81,9.65,2.74,376.5,88163
2026-03-03 12:12:00,-6.34,5.05,4.92,141.49,31.27,9.49,2.64,375.5,77703
2026-03-03 12:13:00,-6.76,3.26,5.30,154.23,35.25,9.19,2.79,382.5,132879
2026-03-03 12:14:00,-4.58,0.64,2.62,172.06,29.52,5.32,3.24,390.8,179611
2026-03-03 12:15:00,-1.70,-6.97,-2.02,256.33,-15.74,7.46,3.74,407.5,154819
2026-03-03 12:16:00,-7.79,-2.35,2.15,196.78,14.83,8.42,4.09,405.5,149675
2026-03-03 12:17:00,-8.23,-1.62,2.66,191.13,17.60,8.80,4.20,386.9,192458
2026-03-03 12:18:00,-8.03,-0.81,3.44,185.74,23.09,8.77,4.14,386.5,205174
2026-03-03 12:19:00,-7.41,-1.77,2.51,193.40,18.20,8.02,4.36,389.6,199695
2026-03-03 12:20:00,-7.43,-4.58,0.57,211.64,3.75,8.75,4.80,395.2,169191
2026-03-03 12:21:00,-6.52,-5.22,-2.35,218.69,-15.69,8.67,4.35,393.3,153634
2026-03-03 12:22:00,-6.13,-4.86,-3.40,218.45,-23.48,8.53,4.22,404.1,130617
2026-03-03 12:23:00,-6.19,-5.84,1.21,223.34,8.09,8.59,4.54,400.8,148903
2026-03-03 12:24:00,-5.32,-6.88,0.41,232.28,2.72,8.70,4.36,399.9,138543
2026-03-03 12:25:00,-4.89,-7.06,0.36,235.33,2.38,8.59,3.74,411.0,123864
2026-03-03 12:26:00,-5.01,-6.86,-1.11,233.84,-7.42,8.57,3.93,408.2,126430
2026-03-03 12:27:00,-4.68,-7.30,0.29,237.34,1.94,8.68,4.28,410.4,129776
2026-03-03 12:28:00,-4.19,-7.50,-0.28,240.83,-1.88,8.59,4.40,409.5,140622
2026-03-03 12:29:00,-4.61,-7.27,0.42,237.64,2.80,8.61,4.35,411.8,121072
2026-03-03 12:30:00,-4.46,-7.52,0.56,239.31,3.66,8.76,4.49,410.9,124619
2026-03-03 12:31:00,-5.17,-7.05,1.37,233.77,8.89,8.85,4.56,407.8,136937
2026-03-03 12:32:00,-5.34,-6.63,0.28,231.14,1.89,8.52,4.29,406.5,142224
2026-03-03 12:33:00,-5.35,-6.32,1.52,229.78,10.43,8.42,4.14,407.0,169395
2026-03-03 12:34:00,-5.16,-6.09,1.88,229.71,13.27,8.20,4.19,407.5,187795
2026-03-03 12:35:00,-7.94,-2.44,2.83,197.09,18.78,8.78,3.96,402.2,168970
2026-03-03 12:36:00,-5.86,-2.73,2.80,204.96,23.45,7.04,4.29,390.5,216870
2026-03-03 12:37:00,-4.61,-3.71,-4.40,218.83,-36.65,7.37,4.78,404.8,203941
2026-03-03 12:38:00,-5.84,-5.18,-2.82,221.59,-19.84,8.30,3.38,401.8,135449
2026-03-03 12:39:00,-6.07,-6.49,-0.55,226.94,-3.52,8.90,4.54,399.9,144170
2026-03-03 12:40:00,-6.00,-5.86,-1.92,224.34,-12.89,8.61,4.51,405.3,134278
2026-03-03 12:41:00,-6.32,-6.14,0.25,224.15,1.65,8.81,4.18,400.5,154850
2026-03-03 12:42:00,-6.89,-5.66,-0.02,219.37,-0.16,8.92,4.32,395.4,152859
2026-03-03 12:45:00,-6.80,-6.07,-0.09,221.76,-0.57,9.12,4.44,394.1,148672
2026-03-03 12:46:00,-5.92,-4.92,-4.16,219.74,-28.40,8.76,4.24,396.0,139309
2026-03-03 12:47:00,-4.94,-5.84,-3.98,229.77,-27.49,8.62,4.44,403.7,131282
2026-03-03 12:48:00,-5.37,-5.83,-3.83,227.32,-25.75,8.80,4.79,407.1,141870
2026-03-03 12:49:00,-6.10,-5.33,-3.51,221.16,-23.43,8.83,4.29,398.6,137054
2026-03-03 12:50:00,-7.40,-4.94,-2.29,213.71,-14.46,9.19,3.43,391.9,124940
2026-03-03 12:51:00,-7.14,-5.99,-0.50,219.97,-3.08,9.33,3.57,396.2,162385
2026-03-03 12:52:00,-8.20,-4.50,0.44,208.76,2.70,9.36,3.87,395.5,157141
2026-03-03 12:53:00,-8.33,-4.12,1.96,206.34,11.91,9.49,3.92,387.4,178212
2026-03-03 12:54:00,-8.13,-3.13,3.59,201.02,22.37,9.42,4.30,385.5,173276
2026-03-03 12:55:00,-8.01,-3.16,4.05,201.54,25.21,9.52,4.08,383.2,171989
2026-03-03 12:56:00,-8.21,-2.94,4.13,199.68,25.34,9.65,3.97,383.2,167423
2026-03-03 12:57:00,-8.03,-2.70,4.28,198.58,26.80,9.49,4.19,382.1,157286
2026-03-03 12:58:00,-7.82,-3.01,4.32,201.02,27.27,9.43,4.28,383.1,147569
2026-03-03 12:59:00,-7.38,-4.10,3.05,209.04,19.89,8.97,4.29,383.3,146016
2026-03-03 13:00:00,-5.55,-4.59,-0.78,219.61,-6.20,7.24,4.16,407.8,125249
2026-03-03 13:01:00,-6.21,-3.48,5.15,209.28,35.87,8.78,4.07,398.1,150110
2026-03-03 13:02:00,-6.40,-4.14,4.39,212.88,29.96,8.80,4.24,392.7,166420
2026-03-03 13:03:00,-7.42,-3.52,3.14,205.39,20.90,8.80,4.22,391.0,173887
2026-03-03 13:04:00,-7.62,-3.15,-1.98,202.43,-13.47,8.48,3.52,391.6,200493
2026-03-03 13:05:00,-7.00,-2.77,-3.59,201.56,-25.49,8.34,3.01,395.1,223072
2026-03-03 13:06:00,-7.24,-1.57,-3.56,192.24,-25.68,8.22,3.28,397.7,207392
2026-03-03 13:07:00,-7.68,-2.00,-3.37,194.58,-23.01,8.62,3.26,401.4,193490
2026-03-03 13:08:00,-6.85,-1.01,-3.74,188.39,-28.39,7.87,2.79,403.9,219231
2026-03-03 13:09:00,-4.79,-0.33,-4.42,183.93,-42.63,6.52,2.57,399.6,233543
2026-03-03 13:10:00,-5.98,0.33,-3.72,176.85,-31.83,7.05,2.14,406.3,162186
2026-03-03 13:11:00,-6.21,0.17,-2.24,178.45,-19.85,6.60,2.49,407.2,207950
2026-03-03 13:12:00,-6.06,2.52,-0.97,157.43,-8.41,6.63,2.75,397.9,239716
2026-03-03 13:13:00,-8.24,3.25,-0.10,158.47,-0.64,8.86,2.69,403.4,206128
2026-03-03 13:14:00,-7.80,3.16,-1.32,157.95,-8.90,8.52,2.50,405.8,223007
2026-03-03 13:15:00,-7.96,2.27,-1.77,164.06,-12.07,8.47,2.80,401.6,229265
2026-03-03 13:18:00,-9.13,0.51,-1.95,176.77,-12.06,9.35,1.82,364.0,40981
2026-03-03 13:19:00,-8.60,-0.28,-1.07,181.83,-7.06,8.67,1.89,367.4,53641
2026-03-03 13:20:00,-9.16,-0.59,-0.65,183.69,-4.05,9.21,1.98,365.8,50181
2026-03-03 13:21:00,-8.91,-1.43,0.00,189.11,0.01,9.02,2.49,370.2,91882
2026-03-03 13:22:00,-8.38,-2.03,-0.05,193.59,-0.36,8.63,3.75,385.4,189193
2026-03-03 13:23:00,-8.02,-2.93,1.32,200.03,8.76,8.64,4.73,383.8,191837
2026-03-03 13:24:00,-7.71,-3.74,0.43,205.87,2.86,8.58,4.72,388.3,198615
2026-03-03 13:26:00,-8.48,-2.62,-1.93,197.16,-12.26,9.08,2.02,359.2,38386
2026-03-03 13:27:00,-8.67,-2.49,-1.01,196.02,-6.37,9.08,2.99,378.0,102698
2026-03-03 13:28:00,-8.60,-3.03,-1.15,199.42,-7.18,9.19,3.57,395.2,338734
2026-03-03 13:29:00,-9.06,-1.53,-0.63,189.62,-3.91,9.21,2.50,361.0,66005
2026-03-03 13:30:00,-8.58,-2.73,-0.66,197.68,-4.19,9.03,3.35,378.0,168495
2026-03-03 13:31:00,-8.15,-4.24,0.92,207.48,5.70,9.23,3.55,387.5,227578
2026-03-03 13:32:00,-7.29,-4.96,0.74,214.24,4.80,8.85,4.83,407.7,214039
2026-03-03 13:33:00,-7.86,-3.40,-1.53,203.38,-10.09,8.70,5.14,397.2,153046
2026-03-03 13:34:00,-7.87,-2.60,-2.81,198.30,-18.69,8.76,20.79,376.5,67128
2026-03-03 13:35:00,-7.02,-0.77,-5.01,186.28,-35.36,8.66,16.67,385.5,90192
2026-03-03 13:36:00,-6.93,-3.74,-3.04,208.36,-21.15,8.44,2.83,406.9,228234
2026-03-03 13:37:00,-6.27,-5.56,-2.19,221.53,-14.63,8.66,4.00,408.9,248145
2026-03-03 13:38:00,-5.60,-6.37,-1.95,228.70,-12.94,8.70,4.99,401.4,134663
2026-03-03 13:39:00,-4.34,-6.57,-3.12,236.53,-21.60,8.46,5.47,403.2,158139
2026-03-03 13:40:00,-4.59,-5.19,-1.92,228.48,-15.52,7.19,5.40,410.4,179691
2026-03-03 13:41:00,-6.14,5.14,-3.77,140.04,-25.19,8.85,3.42,419.9,158785
2026-03-03 13:42:00,-5.95,4.51,-6.28,142.85,-40.07,9.75,1.41,412.5,96221
2026-03-03 13:43:00,-6.66,3.44,-6.11,152.70,-39.21,9.67,1.66,437.7,190791
2026-03-03 13:44:00,-7.61,2.35,-5.72,162.86,-35.67,9.81,1.76,424.1,130405
2026-03-03 13:45:00,-8.66,0.31,-4.48,177.96,-27.33,9.75,2.10,398.4,145559
2026-03-03 13:46:00,-9.01,-0.50,-4.12,183.20,-24.55,9.92,2.95,376.7,95784
2026-03-03 13:47:00,-9.56,-0.14,-2.88,180.85,-16.76,9.99,3.09,393.6,210331
2026-03-03 13:48:00,-9.44,-0.14,-2.84,180.87,-16.72,9.86,3.11,396.1,224620
2026-03-03 13:49:00,-8.33,-1.19,-4.47,188.14,-27.96,9.53,2.94,380.4,136003
2026-03-03 13:50:00,-7.33,-1.10,-5.66,188.50,-37.38,9.32,2.84,372.7,92521
2026-03-03 13:51:00,-7.67,-1.31,-4.79,189.70,-31.65,9.14,1.69,352.9,28927
2026-03-03 13:52:00,-7.21,2.71,-5.07,159.40,-33.35,9.23,2.05,377.5,101000
2026-03-03 13:53:00,-8.62,1.82,-3.73,168.09,-22.97,9.57,2.38,405.6,189548
2026-03-03 13:54:00,-9.60,-0.37,-1.36,182.20,-8.07,9.70,2.14,384.8,138136
2026-03-03 13:55:00,-9.04,-2.19,-1.34,193.64,-8.21,9.40,2.98,359.2,55197
2026-03-03 13:56:00,-8.90,1.65,-3.73,169.49,-22.39,9.79,7.56,391.9,127890
2026-03-03 13:57:00,-8.55,3.79,-2.40,156.13,-14.42,9.66,13.68,368.8,52610
2026-03-03 13:58:00,-8.18,5.04,-2.06,148.37,-12.10,9.83,0.86,359.9,34640
2026-03-03 13:59:00,-5.91,5.78,-4.93,135.68,-30.82,9.63,1.53,404.2,200654
2026-03-03 14:00:00,-5.25,6.48,-4.78,129.04,-29.83,9.61,1.45,418.8,168032
2026-03-03 14:01:00,-4.17,6.53,-5.64,122.59,-36.03,9.58,1.25,417.3,128871
2026-03-03 14:02:00,-3.65,7.10,-5.71,117.22,-35.55,9.82,2.30,432.7,110884
2026-03-03 14:03:00,-4.16,6.82,-5.59,121.39,-34.96,9.75,2.39,433.5,106459
2026-03-03 14:04:00,-3.98,7.08,-5.36,119.33,-33.44,9.73,4.37,410.8,65152
2026-03-03 14:05:00,-2.70,7.63,-4.61,109.48,-29.65,9.31,2.45,410.8,142910
2026-03-03 14:06:00,-1.92,8.93,-3.60,102.12,-21.50,9.82,0.97,421.7,194604
2026-03-03 14:07:00,-2.72,9.03,-2.96,106.75,-17.44,9.88,2.54,417.6,134271
2026-03-03 14:08:00,-1.74,9.17,-2.81,100.75,-16.74,9.75,2.81,415.4,100059
2026-03-03 14:09:00,-1.17,9.63,-2.87,96.93,-16.46,10.12,1.24,422.7,132577
2026-03-03 14:10:00,-4.29,8.77,-2.31,116.05,-13.32,10.03,1.14,417.4,138361
2026-03-03 14:11:00,-2.60,9.35,-2.17,105.51,-12.63,9.94,1.31,401.2,114837
2026-03-03 14:12:00,-3.18,10.19,0.27,107.32,1.43,10.68,1.52,393.8,76636
2026-03-03 14:13:00,-2.85,10.21,-0.08,105.61,-0.42,10.60,2.34,418.6,178273
2026-03-03 14:14:00,-2.72,10.35,0.33,104.73,1.76,10.71,2.33,414.2,141737
2026-03-03 14:15:00,-2.21,10.49,0.48,101.90,2.58,10.73,1.90,400.3,76398
2026-03-03 14:16:00,-1.98,10.08,2.67,101.11,14.58,10.62,1.32,385.9,62398
2026-03-03 14:17:00,-1.74,9.75,4.08,100.14,22.40,10.71,2.37,412.8,109554
2026-03-03 14:18:00,-2.28,10.06,3.12,102.75,16.81,10.78,3.41,403.9,88632
2026-03-03 14:19:00,-2.07,10.40,2.12,101.26,11.30,10.81,2.78,389.4,45674
2026-03-03 14:20:00,-2.60,10.26,2.38,104.21,12.68,10.85,3.91,405.9,127260
2026-03-03 14:21:00,-2.56,10.39,0.71,103.84,3.81,10.73,4.05,408.6,121621
2026-03-03 14:22:00,0.51,9.62,-2.57,86.97,-14.93,9.97,2.13,412.6,101195
2026-03-03 14:23:00,1.80,9.21,-3.95,78.95,-22.85,10.18,0.92,417.5,102799
2026-03-03 14:24:00,2.54,8.92,-4.24,74.08,-24.55,10.20,0.78,389.0,33462
2026-03-03 14:25:00,2.84,8.96,-3.97,72.41,-22.92,10.20,0.81,400.2,68656
2026-03-03 14:26:00,1.62,9.94,-2.22,80.75,-12.43,10.31,1.84,426.6,116445
2026-03-03 14:27:00,0.11,10.18,-1.86,89.35,-10.38,10.35,3.26,436.2,92625
2026-03-03 14:28:00,-0.19,10.33,-2.16,91.07,-11.82,10.56,1.26,414.4,90714
2026-03-03 14:29:00,0.11,10.32,-2.15,89.38,-11.79,10.54,1.14,429.4,140604
2026-03-03 14:30:00,0.12,10.27,-2.26,89.33,-12.42,10.52,1.16,414.6,97901
2026-03-03 14:31:00,0.34,10.33,-2.01,88.12,-11.03,10.53,0.85,404.1,52313
2026-03-03 14:32:00,0.43,10.40,-1.61,87.66,-8.79,10.53,1.27,435.2,115439
2026-03-03 14:33:00,1.23,10.38,-1.35,83.24,-7.34,10.54,1.25,424.6,100149
2026-03-03 14:34:00,0.15,10.60,-1.22,89.22,-6.59,10.68,1.45,420.1,85955
2026-03-03 14:35:00,0.43,10.61,-0.66,87.69,-3.56,10.64,1.55,414.9,79802
2026-03-03 14:36:00,1.74,10.40,-0.35,80.52,-1.93,10.55,1.64,427.8,102321
2026-03-03 14:37:00,1.37,10.46,-0.29,82.56,-1.58,10.56,1.86,436.0,137681
2026-03-03 14:38:00,-1.30,9.88,-3.59,97.51,-19.78,10.60,5.03,419.3,89020
2026-03-03 14:39:00,-2.35,9.40,-4.65,104.02,-25.61,10.75,7.16,409.5,43719
2026-03-03 14:40:00,-3.07,9.20,-5.00,108.48,-27.29,10.91,4.13,413.7,81190
2026-03-03 14:41:00,-3.57,8.38,-5.91,113.09,-32.98,10.86,0.63,416.4,121608
2026-03-03 14:42:00,-3.01,9.09,-4.57,108.30,-25.52,10.61,1.62,414.3,93332
2026-03-03 14:43:00,-2.40,10.23,-2.47,103.18,-13.22,10.80,3.45,407.7,61278
2026-03-03 14:44:00,-2.82,10.16,-2.43,105.53,-12.98,10.82,3.24,417.1,99518
2026-03-03 14:45:00,-3.42,9.99,-2.23,108.93,-11.93,10.79,1.41,415.9,144655
2026-03-03 14:46:00,-2.84,9.11,-3.83,107.32,-21.89,10.28,4.55,393.2,31824
2026-03-03 14:47:00,-2.27,9.63,3.31,103.24,18.48,10.43,1.12,418.7,176485
2026-03-03 14:48:00,-2.33,9.12,4.79,104.35,26.98,10.57,6.19,423.0,197348
2026-03-03 14:49:00,-3.03,9.68,3.16,107.36,17.33,10.63,4.82,408.7,112731
2026-03-03 14:50:00,-3.24,9.68,3.75,108.52,20.16,10.87,2.54,384.7,59577
2026-03-03 14:51:00,-3.33,7.79,6.56,113.13,37.78,10.71,3.85,400.2,105755
2026-03-03 14:52:00,-3.39,8.34,6.02,112.12,33.76,10.83,6.63,413.1,72698
2026-03-03 14:53:00,-3.63,8.30,5.87,113.64,32.96,10.79,7.51,399.2,54421
2026-03-03 14:54:00,-4.00,3.68,8.76,137.39,58.20,10.31,8.21,402.5,72987
2026-03-03 14:55:00,-2.71,9.61,2.67,105.73,14.98,10.34,6.86,414.6,88278
2026-03-03 14:56:00,-2.42,10.49,-0.49,102.96,-2.58,10.78,5.11,417.6,90434
2026-03-03 14:59:00,0.88,10.36,-1.79,85.15,-9.80,10.55,2.36,435.9,176453
2026-03-03 15:00:00,-1.15,10.82,0.02,96.05,0.11,10.88,1.90,432.1,111006
2026-03-03 15:01:00,-2.62,10.65,-0.92,103.82,-4.78,11.01,2.07,399.7,75165
2026-03-03 15:02:00,-3.15,10.56,-0.65,106.61,-3.37,11.04,1.83,398.5,94875
2026-03-03 15:03:00,-3.55,10.45,-1.14,108.77,-5.89,11.09,2.01,410.7,146885
2026-03-03 15:04:00,-1.49,10.68,-1.02,97.94,-5.42,10.83,1.60,401.2,90879
2026-03-03 15:05:00,-0.18,10.80,-0.18,90.96,-0.98,10.81,0.65,394.2,51955
2026-03-03 15:06:00,-0.24,10.80,-0.32,91.27,-1.71,10.81,2.09,416.0,115989
2026-03-03 15:07:00,-1.15,10.79,-0.15,96.07,-0.80,10.85,2.53,427.0,151775
2026-03-03 15:08:00,-0.97,10.87,0.03,95.12,0.13,10.91,1.89,405.8,85805
2026-03-03 15:09:00,-1.00,10.84,0.89,95.25,4.66,10.93,1.84,405.1,99526
2026-03-03 15:10:00,-1.57,10.79,1.29,98.27,6.76,10.98,2.38,410.2,101792
2026-03-03 15:11:00,-2.25,10.75,1.40,101.83,7.24,11.07,2.92,409.6,98999
2026-03-03 15:12:00,-2.52,10.56,0.52,103.44,2.73,10.87,2.67,399.4,87189
2026-03-03 15:13:00,-4.54,9.56,-1.76,115.38,-9.45,10.73,2.19,403.1,90822
2026-03-03 15:14:00,-4.67,9.29,-2.95,116.67,-15.83,10.81,2.73,422.4,126400
2026-03-03 15:15:00,-3.91,9.72,-2.89,111.94,-15.42,10.87,3.31,414.2,96559
2026-03-03 15:16:00,-4.51,9.17,-3.77,116.20,-20.27,10.90,2.31,418.5,102801
2026-03-03 15:17:00,-5.63,8.53,-4.18,123.45,-22.26,11.04,1.25,407.2,91826
2026-03-03 15:18:00,-5.45,7.65,-5.33,125.48,-29.56,10.80,1.24,414.4,136883
2026-03-03 15:19:00,-6.02,7.90,-4.55,127.29,-24.62,10.92,1.31,427.0,144978
2026-03-03 15:20:00,-6.05,7.34,-5.24,129.50,-28.86,10.86,1.02,393.9,117075
2026-03-03 15:21:00,-6.36,8.55,-2.86,126.63,-15.05,11.03,1.28,411.2,163820
2026-03-03 15:22:00,-6.67,8.57,-2.37,127.88,-12.32,11.12,1.34,410.5,185816
2026-03-03 15:23:00,-6.08,8.77,-2.84,124.74,-14.88,11.04,1.44,408.8,169220
2026-03-03 15:24:00,-6.39,8.46,-2.66,127.06,-14.08,10.93,1.33,391.0,112002
2026-03-03 15:25:00,-5.97,8.55,-3.29,124.93,-17.51,10.93,1.38,408.8,151751
2026-03-03 15:26:00,-5.56,8.40,-4.26,123.49,-22.93,10.93,1.40,421.0,162717
2026-03-03 15:27:00,-5.70,8.20,-4.14,124.79,-22.50,10.81,1.28,411.3,125934
2026-03-03 15:28:00,-5.22,8.20,-3.09,122.48,-17.65,10.20,1.41,407.6,155271
2026-03-03 15:29:00,-3.76,4.15,6.54,132.19,49.45,8.61,1.67,413.3,215661
2026-03-03 15:32:00,-4.38,2.74,8.73,148.03,59.38,10.14,4.84,390.0,111858
2026-03-03 15:33:00,-4.84,3.70,8.26,142.58,53.58,10.26,4.61,401.9,173219
2026-03-03 15:34:00,-3.21,0.97,10.47,163.10,72.26,10.99,5.07,399.1,162406
2026-03-03 15:35:00,-1.95,0.69,10.77,160.53,79.10,10.96,2.60,384.8,61711
2026-03-03 15:36:00,-1.16,2.02,10.37,119.86,77.34,10.63,4.66,425.3,164025
2026-03-03 15:37:00,-1.67,3.10,9.69,118.28,70.02,10.31,4.60,418.1,115716
2026-03-03 15:38:00,-4.98,0.74,9.89,171.59,63.02,11.10,4.05,398.1,97639
2026-03-03 15:39:00,-5.07,-0.40,9.75,184.49,62.42,11.00,3.03,377.4,50961
2026-03-03 15:40:00,-4.09,1.52,9.87,159.66,66.16,10.79,3.96,392.1,108253
2026-03-03 15:41:00,-5.60,2.19,9.11,158.66,56.59,10.91,4.68,406.2,126890
2026-03-03 15:42:00,-5.75,2.66,9.00,155.21,54.84,11.01,4.67,394.9,98403
2026-03-03 15:43:00,-5.18,3.18,9.19,148.45,56.53,11.01,3.84,376.8,61163
2026-03-03 15:44:00,-5.41,4.08,8.49,142.92,51.42,10.87,4.66,386.1,101513
2026-03-03 15:45:00,-6.22,4.59,7.41,143.57,43.77,10.71,6.82,402.3,133852
2026-03-03 15:46:00,-3.64,3.27,9.36,138.00,62.40,10.56,6.39,398.2,85892
2026-03-03 15:47:00,-2.09,3.79,9.31,118.88,65.08,10.26,4.36,404.4,129444
2026-03-03 15:48:00,-3.48,3.48,9.41,135.02,62.40,10.62,4.72,409.9,152432
2026-03-03 15:49:00,-3.06,6.35,8.01,115.77,48.66,10.67,5.35,403.2,150879
2026-03-03 15:50:00,-3.63,6.68,7.77,118.53,45.61,10.88,5.56,401.6,123609
2026-03-03 15:51:00,-3.86,6.53,7.68,120.60,45.38,10.80,4.12,380.7,75302
2026-03-03 15:52:00,-2.80,7.56,7.07,110.34,41.28,10.72,6.82,402.4,134914
2026-03-03 15:53:00,-3.06,7.17,6.65,113.10,40.46,10.25,5.41,405.9,124290
2026-03-03 15:54:00,-4.51,6.94,5.26,123.01,32.44,9.80,5.08,383.2,62168
2026-03-03 15:55:00,-3.11,9.80,3.10,107.60,16.77,10.74,5.13,400.9,146216
2026-03-03 15:56:00,-2.85,10.18,1.65,105.63,8.87,10.70,4.85,408.4,137917
2026-03-03 15:57:00,-3.87,9.92,2.84,111.32,14.93,11.02,4.26,405.9,123368
2026-03-03 15:58:00,-6.92,6.51,3.68,136.75,21.17,10.19,3.98,384.3,86800
2026-03-03 16:02:00,0.68,9.42,3.24,85.86,18.91,9.98,2.60,421.8,136435
2026-03-03 16:03:00,0.01,7.09,6.49,89.90,42.47,9.61,4.10,416.5,88501
2026-03-03 16:04:00,-0.92,7.82,4.63,96.70,30.45,9.13,4.39,420.8,104465
2026-03-03 16:05:00,0.11,9.65,-1.59,89.35,-9.37,9.78,13.65,431.3,156355
2026-03-03 16:06:00,-2.28,9.60,2.43,103.38,13.85,10.16,70.24,368.6,20316
2026-03-03 16:07:00,-3.97,8.44,4.40,115.21,25.28,10.31,2.81,437.5,200893
2026-03-03 16:08:00,-3.44,9.75,3.33,109.45,17.84,10.86,4.59,410.9,173844
2026-03-03 16:09:00,-3.24,9.90,2.77,108.13,14.88,10.78,2.78,391.0,67896
2026-03-03 16:10:00,-3.13,10.03,1.54,107.34,8.34,10.62,3.11,403.8,103196
2026-03-03 16:11:00,-1.55,10.05,0.16,98.77,0.91,10.17,2.68,414.5,143143
2026-03-03 16:12:00,-0.62,10.19,-1.21,93.48,-6.79,10.28,1.93,413.6,134595
2026-03-03 16:13:00,-3.54,8.46,4.74,112.73,27.33,10.32,2.66,391.0,103946
2026-03-03 16:14:00,-2.93,9.26,3.76,107.53,21.18,10.42,3.23,395.4,111677
2026-03-03 16:15:00,-3.72,9.07,2.96,112.31,16.79,10.24,3.38,399.0,97048
2026-03-03 16:16:00,-3.80,8.72,-1.54,113.53,-9.18,9.63,3.39,392.6,71572
2026-03-03 16:17:00,-6.38,6.06,-4.44,136.48,-26.77,9.86,3.21,402.1,78041
2026-03-03 16:18:00,-6.11,5.81,-5.84,136.41,-34.69,10.26,2.63,420.6,110424
2026-03-03 16:19:00,-5.80,5.87,-5.84,134.67,-35.31,10.11,1.47,428.2,153055
2026-03-03 16:20:00,-6.82,4.29,-6.31,147.80,-38.07,10.23,1.39,415.3,116068
2026-03-03 16:21:00,-7.94,4.60,-4.91,149.92,-28.15,10.41,1.77,392.8,126447
2026-03-03 16:22:00,-6.76,4.77,-6.03,144.77,-36.06,10.24,1.84,389.1,146073
2026-03-03 16:23:00,-5.86,4.94,-6.71,139.83,-41.18,10.18,1.74,427.5,256259
2026-03-03 16:24:00,-4.23,5.17,-7.48,129.32,-48.25,10.03,1.39,424.1,151645
2026-03-03 16:25:00,-7.95,5.72,-2.46,144.26,-14.11,10.10,1.18,407.5,108516
2026-03-03 16:26:00,-3.76,4.43,-8.19,130.32,-54.64,10.04,2.72,425.2,112740
2026-03-03 16:27:00,-3.97,2.77,-8.85,145.12,-61.30,10.09,1.76,415.7,138223
2026-03-03 16:28:00,-5.79,5.69,-5.88,135.52,-35.90,10.02,1.58,411.3,152260
2026-03-03 16:29:00,-5.78,5.04,-6.52,138.91,-40.37,10.07,1.59,399.9,114034
2026-03-03 16:30:00,-4.98,4.32,-6.73,139.06,-45.58,9.42,1.60,419.7,168871
2026-03-03 16:31:00,-4.45,3.64,-7.86,140.74,-53.82,9.74,1.38,425.7,167927
2026-03-03 16:32:00,-3.74,3.81,-8.52,134.50,-57.94,10.05,1.05,404.5,91199
2026-03-03 16:33:00,-3.74,3.44,-8.59,137.38,-59.42,9.98,1.04,403.0,88789
2026-03-03 16:34:00,-3.65,2.85,-9.04,141.98,-62.86,10.16,1.44,420.1,135146
2026-03-03 16:35:00,-3.17,0.66,-9.55,168.23,-71.29,10.09,1.99,420.7,140034
2026-03-03 16:36:00,-3.16,0.03,-9.59,179.37,-71.77,10.10,1.72,389.5,62286
2026-03-03 16:37:00,-4.03,2.37,-8.75,149.52,-61.87,9.92,1.89,393.9,74927
2026-03-03 16:38:00,-3.43,-2.05,-8.84,210.86,-65.67,9.70,3.19,426.0,168502
2026-03-03 16:39:00,-3.61,2.61,-7.74,144.20,-60.08,8.93,3.36,413.0,128041
2026-03-03 16:40:00,-2.69,-0.51,-9.36,190.76,-73.67,9.75,3.30,417.7,91129
2026-03-03 16:41:00,-1.82,2.51,-9.48,125.94,-71.92,9.98,3.40,406.1,101853
2026-03-03 16:42:00,-0.06,5.82,-8.44,90.62,-55.42,10.25,2.51,433.4,122863
2026-03-03 16:43:00,-1.23,5.00,-8.82,103.81,-59.72,10.21,1.02,436.6,180333
2026-03-03 16:44:00,0.16,7.20,-7.12,88.73,-44.68,10.13,0.43,409.9,90014
2026-03-03 16:45:00,0.94,7.68,-6.50,83.02,-40.04,10.10,0.51,430.0,127816
2026-03-03 16:46:00,0.72,9.22,-4.65,85.54,-26.69,10.35,0.50,433.4,142533
2026-03-03 16:47:00,1.84,9.52,-3.49,79.05,-19.80,10.30,0.59,424.8,99208
2026-03-03 16:48:00,3.16,9.46,-1.48,71.53,-8.41,10.08,0.77,430.1,93171
2026-03-03 16:49:00,2.26,9.82,-0.50,77.04,-2.84,10.09,1.94,442.5,134109
2026-03-03 16:50:00,3.28,9.51,0.28,70.96,1.61,10.06,3.04,442.9,144525
2026-03-03 16:51:00,2.87,9.69,1.07,73.50,6.02,10.16,1.67,423.3,96672
2026-03-03 16:52:00,1.18,9.96,2.77,83.24,15.44,10.41,2.41,433.1,124730
2026-03-03 16:53:00,0.17,9.76,3.53,88.98,19.86,10.38,2.75,440.8,186508
2026-03-03 16:54:00,-1.03,9.61,3.28,96.12,18.72,10.21,4.00,432.2,198962
2026-03-03 16:55:00,-2.79,10.05,-0.92,105.53,-5.03,10.47,3.25,387.9,58291
2026-03-03 16:56:00,-2.19,10.39,1.32,101.88,7.10,10.70,2.06,414.5,173029
2026-03-03 16:57:00,-2.10,9.95,2.80,101.92,15.37,10.55,2.89,406.5,163496
2026-03-03 16:58:00,-0.08,7.91,6.86,90.57,40.96,10.47,2.52,408.7,120505
2026-03-03 16:59:00,-1.94,7.26,7.22,104.98,43.86,10.42,4.70,413.8,144456
2026-03-03 17:00:00,-2.93,6.72,7.45,113.59,45.47,10.45,6.68,416.3,159328
2026-03-03 17:01:00,-2.88,6.66,7.67,113.36,46.61,10.55,5.51,409.4,147363
2026-03-03 17:02:00,-3.47,7.03,7.07,116.28,42.07,10.56,4.24,392.9,100725
2026-03-03 17:03:00,-2.79,6.07,8.02,114.64,50.22,10.44,4.55,396.7,104292
2026-03-03 17:04:00,-2.89,7.55,6.55,110.98,39.01,10.40,5.35,408.9,136205
2026-03-03 17:05:00,-2.40,5.34,8.60,114.24,55.76,10.40,5.36,410.4,144716
2026-03-03 17:06:00,-1.88,6.49,7.82,106.16,49.16,10.34,4.88,402.4,118393
2026-03-03 17:07:00,-1.37,7.17,7.22,100.78,44.70,10.27,5.06,388.8,67016
2026-03-03 17:08:00,-1.80,6.64,7.88,105.14,48.88,10.46,5.41,412.3,138846
2026-03-03 17:09:00,-2.32,6.37,8.03,110.01,49.83,10.51,5.45,401.4,104562
2026-03-03 17:10:00,-2.72,6.02,8.07,114.32,50.69,10.44,5.87,402.9,105385
2026-03-03 17:11:00,-2.73,5.70,8.45,115.62,53.22,10.56,13.68,432.0,121023
2026-03-03 17:12:00,-2.84,6.01,8.27,115.34,51.22,10.61,5.03,406.5,136943
2026-03-03 17:13:00,-1.79,4.76,9.28,110.67,61.27,10.58,4.94,407.9,135494
2026-03-03 17:14:00,-2.48,5.77,8.45,113.25,53.36,10.52,4.60,387.1,65650
2026-03-03 17:15:00,-2.63,5.74,8.48,114.64,53.31,10.58,5.58,414.3,184904
2026-03-03 17:16:00,-2.90,6.25,7.97,114.89,49.17,10.54,5.74,418.0,176714
2026-03-03 17:17:00,-2.80,5.98,8.40,115.10,51.85,10.68,4.94,405.7,120979
2026-03-03 17:18:00,-2.29,5.34,8.05,113.20,54.16,9.92,8.38,412.6,84638
2026-03-03 17:19:00,-2.76,5.41,7.52,117.04,51.09,9.66,8.11,420.9,136854
2026-03-03 17:20:00,-2.51,4.86,8.44,117.30,57.07,10.05,4.64,418.0,187427
2026-03-03 17:21:00,-2.06,4.25,9.34,115.87,63.19,10.46,3.46,403.9,134995
2026-03-03 17:22:00,-1.39,3.37,9.85,112.41,69.67,10.50,2.90,391.1,81033
2026-03-03 17:23:00,-0.73,4.46,9.53,99.26,64.65,10.55,3.87,409.0,128678
2026-03-03 17:24:00,-0.84,5.38,8.94,98.85,58.63,10.47,6.11,429.0,179470
2026-03-03 17:25:00,-0.14,6.07,8.40,91.34,54.14,10.37,4.90,420.9,139178
2026-03-03 17:26:00,0.03,5.56,8.78,89.67,57.65,10.39,4.63,411.8,108754
2026-03-03 17:27:00,0.41,5.18,8.89,85.44,59.68,10.30,5.44,432.9,184806
2026-03-03 17:28:00,-1.76,6.01,8.40,106.29,53.27,10.48,6.35,437.6,208241
2026-03-03 17:29:00,-3.13,5.50,8.55,119.63,53.47,10.64,3.94,400.9,81863
2026-03-03 17:30:00,-3.70,5.96,7.80,121.87,48.05,10.49,5.05,410.6,159129
2026-03-03 17:31:00,-1.54,4.83,9.23,107.66,61.25,10.53,4.95,413.2,138011
2026-03-03 17:32:00,-2.14,5.27,8.83,112.10,57.23,10.50,5.25,420.5,159643
2026-03-03 17:33:00,-2.23,5.56,8.65,111.85,55.28,10.52,4.19,399.9,95823
2026-03-03 17:34:00,-3.22,5.53,8.40,120.23,52.70,10.56,4.31,405.5,136120
2026-03-03 17:35:00,-3.09,6.17,7.97,116.58,49.12,10.54,4.22,408.9,149681
2026-03-03 17:36:00,-4.34,5.85,7.78,126.59,46.86,10.66,3.67,395.4,108046
2026-03-03 17:37:00,-5.42,5.17,7.63,136.36,45.55,10.69,3.92,395.4,121743
2026-03-03 17:38:00,-5.44,5.16,7.70,136.50,45.76,10.75,3.97,399.2,126164
2026-03-03 17:39:00,-4.11,6.82,7.07,121.10,41.61,10.65,3.47,390.2,94361
2026-03-03 17:40:00,-4.82,6.21,7.21,127.80,42.51,10.66,3.64,392.2,98690
2026-03-03 17:41:00,-4.59,6.50,7.06,125.26,41.57,10.64,3.70,371.3,40303
2026-03-03 17:44:00,-4.32,7.24,6.62,120.84,38.14,10.71,3.44,395.3,114347
2026-03-03 17:45:00,-3.75,7.50,6.40,116.53,37.34,10.55,3.68,396.0,130282
2026-03-03 17:46:00,-3.43,8.44,5.38,112.11,30.55,10.58,3.74,405.5,141615
2026-03-03 17:47:00,-3.74,8.73,4.42,113.20,24.96,10.48,2.78,402.1,113113
2026-03-03 17:48:00,-3.33,8.43,4.93,111.57,28.53,10.31,1.71,386.6,66730
2026-03-03 17:49:00,-3.10,6.92,7.03,114.10,42.86,10.34,2.84,400.6,145099
2026-03-03 17:50:00,-3.20,6.70,7.21,115.54,44.15,10.35,3.67,408.3,165082
2026-03-03 17:51:00,-3.37,4.51,8.62,126.74,56.86,10.29,3.34,398.0,115745
2026-03-03 17:52:00,-5.93,4.75,7.12,141.28,43.15,10.42,3.91,388.2,72257
2026-03-03 17:53:00,-2.48,7.91,5.80,107.38,34.95,10.12,4.75,396.6,70632
2026-03-03 17:54:00,-2.37,7.44,6.61,107.64,40.23,10.23,4.16,411.5,116921
2026-03-03 17:55:00,-3.20,7.38,6.44,113.47,38.69,10.30,3.80,402.7,141464
2026-03-03 17:56:00,-2.52,7.75,6.35,108.02,37.94,10.33,3.90,397.6,133566
2026-03-03 17:57:00,-2.91,7.38,6.45,111.50,39.10,10.22,4.21,410.0,184643
2026-03-03 17:58:00,-3.65,6.09,7.39,120.95,46.14,10.25,4.64,414.7,188185
2026-03-03 17:59:00,-4.08,6.11,7.09,123.71,43.98,10.21,3.55,390.9,96276
2026-03-03 18:00:00,-3.93,6.62,6.65,120.70,40.80,10.18,3.58,378.5,60715
2026-03-03 18:01:00,-3.58,6.59,6.74,118.52,41.93,10.09,4.25,406.8,203963
2026-03-03 18:02:00,-3.18,6.72,6.68,115.29,41.95,10.00,4.27,411.9,213045
2026-03-03 18:03:00,-2.41,6.21,7.73,111.19,49.24,10.20,3.18,391.5,115830
2026-03-03 18:04:00,-2.16,5.94,7.64,109.97,50.37,9.91,3.57,401.8,121550
2026-03-03 18:05:00,-2.45,6.35,7.44,111.09,47.56,10.08,4.26,412.0,170340
2026-03-03 18:06:00,-2.01,6.13,7.52,108.19,49.38,9.91,4.04,409.9,152949
2026-03-03 18:07:00,-1.70,6.04,7.61,105.70,50.49,9.86,3.61,393.4,95027
2026-03-03 18:08:00,-1.68,6.11,7.63,105.41,50.28,9.92,3.78,395.0,103276
2026-03-03 18:09:00,-1.77,6.38,7.33,105.49,47.92,9.88,4.11,415.3,178419
2026-03-03 18:10:00,-1.25,6.52,7.04,100.86,46.68,9.67,3.75,410.2,174891
2026-03-03 18:11:00,-1.44,6.63,6.77,102.23,44.96,9.58,3.33,393.4,98039
2026-03-03 18:12:00,-1.87,6.67,6.69,105.65,44.00,9.63,4.39,406.7,182015
2026-03-03 18:13:00,-2.41,5.71,6.06,112.84,44.38,8.67,4.33,403.7,144276
2026-03-03 18:14:00,-2.45,4.68,5.48,117.60,46.08,7.61,3.25,411.4,156937
2026-03-03 18:17:00,-2.47,5.08,5.89,115.88,46.21,8.17,4.24,424.2,283602
2026-03-03 18:18:00,-2.85,5.65,5.32,116.72,40.06,8.27,3.02,402.8,146588
2026-03-03 18:19:00,-5.29,7.46,1.87,125.36,11.54,9.33,3.37,391.5,125945
2026-03-03 18:20:00,-4.32,7.90,3.57,118.70,21.65,9.69,2.35,374.6,54436
2026-03-03 18:21:00,-3.97,7.91,3.65,116.68,22.39,9.57,3.66,392.4,102166
2026-03-03 18:22:00,-3.73,8.20,3.10,114.45,18.99,9.53,3.63,387.3,75275
2026-03-03 18:23:00,-3.98,8.68,1.47,114.64,8.73,9.66,3.35,387.5,72154
2026-03-03 18:24:00,-5.30,7.03,3.03,126.99,19.00,9.31,4.29,400.0,131822
2026-03-03 18:25:00,-5.10,4.89,6.00,136.18,40.32,9.27,5.13,398.3,118796
2026-03-03 18:26:00,-4.29,4.92,6.42,131.08,44.50,9.16,4.91,394.5,82176
2026-03-03 18:27:00,-4.99,6.18,4.44,128.89,29.23,9.10,3.92,392.8,120975
2026-03-03 18:28:00,-5.64,6.96,2.73,129.02,16.93,9.36,4.18,391.3,123801
2026-03-03 18:29:00,-5.49,6.92,3.86,128.46,23.61,9.64,3.84,392.9,129427
2026-03-03 18:30:00,-4.84,7.94,2.70,121.36,16.19,9.69,3.15,380.4,68016
2026-03-03 18:31:00,-5.10,7.89,2.48,122.88,14.80,9.71,3.08,392.2,86053
2026-03-03 18:32:00,-6.74,7.11,0.97,133.46,5.65,9.84,4.30,406.5,179198
2026-03-03 18:33:00,-7.41,6.75,-0.48,137.66,-2.73,10.03,2.96,399.4,157783
2026-03-03 18:34:00,-7.69,6.20,-1.25,141.13,-7.20,9.96,2.21,379.1,95791
2026-03-03 18:35:00,-7.57,6.16,-1.56,140.86,-9.05,9.89,2.32,397.9,225533
2026-03-03 18:36:00,-6.23,7.44,-1.79,129.95,-10.44,9.87,2.12,405.5,240904
2026-03-03 18:37:00,-5.36,7.58,-2.42,125.26,-14.60,9.60,1.87,399.0,162698
2026-03-03 18:38:00,-5.51,7.21,-3.13,127.35,-19.02,9.60,2.62,410.6,146224
2026-03-03 18:39:00,-6.06,6.64,-3.47,132.42,-21.11,9.64,2.22,404.8,154830
2026-03-03 18:40:00,-3.49,5.11,-6.76,124.32,-47.54,9.16,1.10,394.0,139298
2026-03-03 18:41:00,-2.08,1.98,-6.90,136.38,-67.35,7.47,8.19,391.1,87303
2026-03-03 18:42:00,-1.02,-0.16,-8.42,188.85,-83.00,8.48,13.74,374.8,21173
2026-03-03 18:43:00,-0.64,-1.23,-9.03,242.58,-81.28,9.13,0.91,386.7,52345
2026-03-03 18:44:00,-0.88,-1.43,-9.63,238.22,-80.13,9.78,2.88,435.7,148414
2026-03-03 18:45:00,-0.60,-1.42,-9.34,247.24,-80.64,9.46,2.68,426.6,104082
2026-03-03 18:46:00,-0.12,-1.30,-9.31,264.89,-82.03,9.40,2.39,406.2,63769
2026-03-03 18:47:00,0.04,-1.26,-9.39,271.96,-82.36,9.48,2.76,436.7,146780
2026-03-03 18:48:00,0.45,-0.93,-9.53,295.69,-83.80,9.58,2.76,,
2026-03-03 18:49:00,0.43,-0.65,-9.64,303.35,-85.41,9.68,2.67,402.2,59043
2026-03-03 18:50:00,0.83,-0.93,-9.60,311.70,-82.63,9.68,2.05,441.1,136729
2026-03-03 18:51:00,0.68,-1.11,-9.58,301.72,-82.27,9.67,2.18,439.6,140198
2026-03-03 18:52:00,0.45,-1.38,-9.56,288.24,-81.35,9.67,2.18,427.8,108262
2026-03-03 18:53:00,0.28,-1.28,-9.50,282.38,-82.12,9.59,2.30,416.3,95212
2026-03-03 18:54:00,0.44,-1.39,-9.52,287.57,-81.26,9.63,2.48,427.6,105625
2026-03-03 18:55:00,0.42,-1.56,-9.52,285.00,-80.40,9.66,2.37,430.3,106248
2026-03-03 18:56:00,0.81,-2.13,-9.40,290.77,-76.36,9.67,1.88,414.3,73063
2026-03-03 18:57:00,0.87,-1.98,-9.30,293.86,-76.92,9.55,2.00,415.0,70910
2026-03-03 18:58:00,0.17,-1.31,-9.52,277.38,-82.09,9.61,2.69,433.9,128857
2026-03-03 18:59:00,0.03,-1.62,-9.61,270.91,-80.45,9.75,2.49,434.3,138049
2026-03-03 19:00:00,-0.39,-1.58,-9.42,256.19,-80.21,9.56,2.25,419.6,92096
2026-03-03 19:01:00,-1.85,0.53,-9.12,164.06,-78.12,9.32,1.81,404.6,60136
2026-03-03 19:02:00,-2.29,0.87,-9.20,159.06,-75.11,9.52,1.61,424.3,158013
2026-03-03 19:03:00,-1.64,0.03,-9.35,179.10,-80.07,9.49,1.56,414.2,112182
2026-03-03 19:04:00,-1.92,-0.03,-9.71,180.79,-78.82,9.90,1.83,414.3,92135
2026-03-03 19:05:00,-1.97,-0.75,-9.47,200.76,-77.43,9.70,1.79,411.1,82859
2026-03-03 19:06:00,-1.81,-1.07,-9.46,210.66,-77.47,9.69,2.67,428.5,140350
2026-03-03 19:07:00,-1.67,-1.00,-9.50,210.81,-78.43,9.69,2.49,423.2,121801
2026-03-03 19:08:00,-2.29,-0.21,-9.48,185.32,-76.38,9.76,1.29,398.6,52012
2026-03-03 19:09:00,-3.24,0.17,-9.40,176.99,-70.94,9.94,1.64,406.9,119434
2026-03-03 19:10:00,-2.16,0.54,-9.65,166.06,-77.00,9.90,1.78,415.7,121876
2026-03-03 19:11:00,-2.42,1.40,-9.44,149.98,-73.53,9.84,1.39,411.1,78845
2026-03-03 19:12:00,-3.18,2.34,-8.87,143.65,-66.01,9.71,1.40,402.8,69632
2026-03-03 19:13:00,-3.23,2.57,-8.76,141.56,-64.78,9.69,2.12,408.9,101093
2026-03-03 19:14:00,-2.35,2.33,-9.00,135.23,-69.78,9.59,2.31,420.1,135606
2026-03-03 19:15:00,-2.59,2.01,-9.06,142.19,-70.14,9.64,1.13,406.7,101636
2026-03-03 19:16:00,-1.81,2.22,-9.26,129.06,-72.80,9.69,1.50,412.8,103808
2026-03-03 19:17:00,0.08,3.05,-9.02,88.50,-71.32,9.52,2.64,424.9,88814
2026-03-03 19:18:00,-0.25,2.95,-9.12,94.93,-72.02,9.59,1.04,425.5,138986
2026-03-03 19:19:00,-0.19,2.87,-9.12,93.83,-72.52,9.56,0.66,421.7,94443
2026-03-03 19:20:00,1.68,3.93,-8.34,66.92,-62.86,9.37,0.60,401.8,64149
2026-03-03 19:21:00,1.11,3.24,-8.84,71.04,-68.79,9.48,0.60,401.5,63636
2026-03-03 19:22:00,0.73,3.46,-8.87,78.13,-68.24,9.55,0.89,438.8,185746
2026-03-03 19:23:00,1.53,3.33,-8.63,65.41,-66.99,9.38,0.74,410.7,85307
2026-03-03 19:24:00,1.79,4.80,-7.81,69.55,-56.78,9.34,0.36,388.7,29934
2026-03-03 19:25:00,2.26,5.03,-7.48,65.77,-53.57,9.29,0.25,417.5,135677
2026-03-03 19:26:00,0.51,4.80,-7.75,83.98,-58.10,9.12,0.29,430.0,154676
2026-03-03 19:27:00,-2.02,1.31,-9.43,147.12,-75.68,9.73,2.69,414.3,81983
2026-03-03 19:28:00,-1.33,1.34,-9.63,134.83,-78.91,9.81,3.74,412.9,65162
2026-03-03 19:29:00,-0.43,1.20,-9.46,109.82,-82.34,9.54,2.40,430.7,114838
2026-03-03 19:30:00,-1.36,1.81,-9.32,126.83,-76.34,9.60,2.12,427.2,116525
2026-03-03 19:31:00,-2.30,3.36,-8.61,124.39,-64.71,9.53,1.02,401.9,74222
2026-03-03 19:32:00,-2.06,4.47,-7.91,114.69,-58.12,9.32,0.57,415.1,168296
2026-03-03 19:33:00,-1.75,4.04,-8.18,113.40,-61.72,9.29,0.60,408.4,137109
2026-03-03 19:34:00,-0.81,2.39,-8.82,108.77,-74.04,9.17,0.79,413.4,122073
2026-03-03 19:35:00,-0.54,2.90,-8.60,100.64,-71.08,9.09,0.34,394.3,93880
2026-03-03 19:36:00,-1.17,2.51,-8.64,114.91,-72.21,9.07,1.11,415.9,91689
2026-03-03 19:37:00,0.06,6.44,-5.98,89.45,-42.86,8.79,2.11,436.1,106686
2026-03-03 19:38:00,0.39,6.02,-6.52,86.25,-47.19,8.88,0.94,406.6,87169
2026-03-03 19:39:00,0.10,3.85,-8.13,88.54,-64.66,8.99,0.78,409.4,161150
2026-03-03 19:40:00,-0.45,4.03,-8.00,96.34,-63.10,8.97,0.80,425.6,123511
2026-03-03 19:41:00,-0.70,4.54,-7.73,98.74,-59.30,8.99,0.51,418.4,104892
2026-03-03 19:42:00,-0.11,2.85,-8.61,92.31,-71.66,9.07,0.36,396.9,84252
2026-03-03 19:43:00,-0.44,4.36,-6.54,95.80,-56.18,7.87,0.69,406.2,136629
2026-03-03 19:44:00,-1.07,0.53,-6.99,153.72,-80.35,7.09,2.01,433.2,195866
2026-03-03 19:45:00,-0.99,-2.91,-8.12,251.28,-69.27,8.68,2.83,424.3,133827
2026-03-03 19:46:00,-1.14,-1.34,-8.44,229.52,-78.24,8.62,2.25,402.4,61391
2026-03-03 19:47:00,-1.25,-2.19,-8.37,240.29,-73.26,8.74,2.69,421.8,104799
2026-03-03 19:48:00,-0.46,-1.44,-8.31,252.42,-79.71,8.44,3.54,425.4,127763
2026-03-03 19:49:00,-0.42,-1.82,-8.67,256.85,-77.86,8.87,3.29,431.4,130846
2026-03-03 19:50:00,0.59,-1.86,-8.60,287.71,-77.18,8.82,1.95,399.3,62718
2026-03-03 19:51:00,2.84,-2.86,-7.64,314.80,-62.19,8.64,2.06,439.5,176086
2026-03-03 19:52:00,0.37,-1.36,-7.97,285.39,-79.99,8.09,2.85,438.3,172429
2026-03-03 19:53:00,-3.31,1.72,-7.17,152.56,-62.53,8.08,2.57,425.8,105275
2026-03-03 19:54:00,-3.64,1.25,-7.51,161.04,-62.86,8.44,2.54,424.6,99176
2026-03-03 19:55:00,-3.05,0.86,-8.05,164.33,-68.52,8.65,2.17,403.4,93956
2026-03-03 19:56:00,-2.79,0.48,-8.38,170.23,-71.36,8.85,1.90,413.1,132715
2026-03-03 19:57:00,-2.73,0.71,-8.33,165.46,-71.30,8.79,1.75,414.3,120813
2026-03-03 19:58:00,-2.93,1.28,-8.09,156.31,-68.45,8.70,1.68,424.5,172115
2026-03-03 19:59:00,-1.89,0.93,-7.45,153.70,-74.22,7.74,2.66,432.0,174982
2026-03-03 20:00:00,-1.35,0.34,-6.51,165.74,-77.89,6.66,3.19,430.2,131833
2026-03-03 20:01:00,-1.78,0.80,-3.21,155.81,-58.70,3.76,2.25,413.4,103365
2026-03-03 20:02:00,-2.35,1.43,-5.08,148.78,-61.58,5.78,1.78,405.5,136459
2026-03-03 20:03:00,-0.48,0.01,-8.01,178.89,-86.57,8.03,2.20,438.5,251896
2026-03-03 20:04:00,0.99,-2.05,-8.03,295.76,-74.14,8.35,2.01,421.7,98483
2026-03-03 20:05:00,0.43,-2.05,-8.02,281.71,-75.36,8.29,2.25,395.8,61144
2026-03-03 20:06:00,-0.31,-1.32,-7.82,256.77,-80.18,7.94,2.44,436.6,163151
2026-03-03 20:07:00,-3.87,1.39,-4.39,160.29,-46.89,6.01,2.05,427.0,194741
2026-03-03 20:08:00,-0.12,-1.59,-6.56,265.61,-76.31,6.75,3.36,399.6,193718
2026-03-03 20:09:00,2.18,-4.01,-6.58,298.56,-55.26,8.01,2.71,385.5,79376
2026-03-03 20:10:00,-2.31,6.44,0.94,109.72,7.79,6.91,0.68,367.7,27167
2026-03-03 20:11:00,-3.33,5.94,4.94,119.29,35.95,8.42,1.82,410.6,133224
2026-03-03 20:12:00,-3.87,3.60,6.97,137.09,52.85,8.75,3.42,409.1,135079
2026-03-03 20:13:00,-3.85,3.19,7.86,140.39,57.52,9.32,4.21,408.1,143287
2026-03-03 20:14:00,-3.53,4.04,7.53,131.14,54.54,9.24,4.52,412.5,145593
2026-03-03 20:15:00,-3.77,4.65,6.95,128.97,49.25,9.17,4.42,413.1,134314
2026-03-03 20:16:00,-2.93,5.27,6.08,119.12,45.24,8.57,3.38,399.4,96217
2026-03-03 20:17:00,-4.10,4.89,5.97,129.93,43.10,8.74,2.76,395.7,113296
2026-03-03 20:18:00,-3.86,4.64,6.75,129.75,48.21,9.06,3.49,414.1,194025
2026-03-03 20:19:00,-4.08,4.20,6.92,134.16,49.76,9.07,3.53,409.2,156713
2026-03-03 20:20:00,-3.41,5.17,5.74,123.36,42.81,8.44,3.51,404.9,130800
2026-03-03 20:21:00,-3.48,4.87,6.40,125.59,46.91,8.76,3.70,418.3,168847
2026-03-03 20:22:00,-3.18,5.96,5.82,118.07,40.78,8.91,4.41,415.5,160679
2026-03-03 20:23:00,-2.44,4.82,5.64,116.86,46.25,7.81,3.19,420.0,134683
2026-03-03 20:24:00,-1.95,1.88,6.43,136.02,67.13,6.98,2.44,389.7,78933
2026-03-03 20:25:00,-1.49,3.51,6.34,112.99,59.00,7.40,4.33,434.0,236874
2026-03-03 20:26:00,-1.36,4.65,5.62,106.34,49.21,7.43,4.20,429.2,188249
2026-03-03 20:27:00,-0.68,6.07,3.91,96.35,32.65,7.25,4.15,427.6,177119
2026-03-03 20:29:00,-1.12,7.36,0.62,98.66,4.75,7.47,2.62,440.1,216740
2026-03-03 20:30:00,-2.45,6.23,0.84,111.44,7.13,6.74,2.52,437.0,207963
2026-03-03 20:31:00,-2.85,4.88,-1.43,120.30,-14.24,5.83,1.84,411.2,153075
2026-03-03 20:32:00,-0.81,5.53,-5.65,98.28,-45.31,7.94,2.46,406.3,118741
2026-03-03 20:33:00,-0.42,4.85,-6.85,94.94,-54.63,8.40,2.86,427.0,171625
2026-03-03 20:34:00,0.45,3.55,-7.09,82.77,-63.22,7.94,1.09,420.1,214914
2026-03-03 20:35:00,-1.21,4.34,-7.74,105.62,-59.81,8.96,0.96,405.3,159266
2026-03-03 20:36:00,-1.12,3.67,-8.20,106.92,-64.93,9.05,0.95,405.2,147083
2026-03-03 20:37:00,-0.61,1.77,-8.82,108.92,-78.05,9.02,1.15,421.3,249512
2026-03-03 20:38:00,-0.49,0.39,-8.65,140.90,-85.86,8.67,3.04,437.1,137861
2026-03-03 20:39:00,0.91,-2.22,-7.74,292.38,-72.80,8.10,1.47,399.6,44796
2026-03-03 20:40:00,0.05,-1.18,-8.86,272.36,-82.40,8.94,3.36,442.1,140783
2026-03-03 20:41:00,0.31,1.52,-9.13,78.34,-80.39,9.26,6.04,453.9,125086
2026-03-03 20:42:00,-0.55,-0.82,-9.43,235.81,-84.03,9.48,3.82,445.1,129754
2026-03-03 20:43:00,-0.20,0.22,-9.74,132.08,-88.25,9.74,1.69,406.5,52648
2026-03-03 20:44:00,-0.05,1.08,-9.66,92.77,-83.59,9.72,1.55,435.6,130880
2026-03-03 20:45:00,-0.16,1.50,-9.54,95.93,-81.04,9.66,1.75,446.0,123372
2026-03-03 20:46:00,-0.30,1.43,-9.71,101.98,-81.47,9.82,1.31,425.3,70802
2026-03-03 20:47:00,-0.24,1.94,-9.66,97.11,-78.54,9.86,1.95,416.3,52922
2026-03-03 20:48:00,-0.45,2.79,-9.35,99.18,-73.21,9.77,1.89,426.0,96833
2026-03-03 20:49:00,0.60,2.35,-9.37,75.62,-75.49,9.67,0.66,428.4,134747
2026-03-03 20:50:00,0.14,2.15,-9.58,86.22,-77.34,9.82,0.54,415.9,105619
2026-03-03 20:51:00,0.33,1.14,-9.84,73.94,-83.12,9.91,0.59,413.4,102781
2026-03-03 20:52:00,0.30,0.14,-9.78,24.59,-88.05,9.79,1.23,433.7,144664
2026-03-03 20:53:00,0.21,-0.17,-9.75,321.22,-88.40,9.75,1.48,436.5,165279
2026-03-03 20:54:00,0.19,-0.82,-9.77,283.19,-85.05,9.80,1.52,425.3,86466
2026-03-03 20:55:00,0.61,0.18,-9.74,16.16,-86.27,9.76,1.45,407.4,39913
2026-03-03 20:56:00,1.04,1.99,-9.25,62.39,-76.35,9.52,1.91,446.7,101465
2026-03-03 20:57:00,0.71,1.51,-9.33,64.69,-79.86,9.48,2.15,452.6,115812
2026-03-03 20:58:00,1.12,2.20,-9.12,62.93,-74.84,9.45,0.94,412.8,55620
2026-03-03 20:59:00,0.93,1.19,-9.60,51.87,-81.07,9.71,0.56,429.0,190998
2026-03-03 21:00:00,0.98,1.11,-9.61,48.47,-81.23,9.73,0.52,435.4,231440
2026-03-03 21:01:00,0.87,0.63,-9.69,35.91,-83.71,9.75,4.73,411.9,55071
2026-03-03 21:02:00,0.52,0.50,-9.75,43.44,-85.78,9.78,2.75,438.1,112396
2026-03-03 21:03:00,0.75,0.60,-9.71,38.88,-84.35,9.76,1.46,451.3,151315
2026-03-03 21:04:00,0.66,0.37,-9.80,29.29,-85.60,9.83,1.48,439.1,124202
2026-03-03 21:05:00,0.91,0.55,-9.75,31.36,-83.79,9.81,1.22,422.4,72732
2026-03-03 21:06:00,1.61,1.24,-9.42,37.55,-77.84,9.64,1.80,417.9,51689
2026-03-03 21:07:00,1.73,0.69,-9.50,21.68,-78.89,9.68,3.41,440.0,83833
2026-03-03 21:08:00,1.66,-0.32,-9.49,349.06,-79.88,9.64,2.82,448.5,109001
2026-03-03 21:09:00,1.27,-1.44,-9.57,311.49,-78.63,9.76,1.94,439.1,131305
2026-03-03 21:10:00,0.97,-2.84,-9.32,288.94,-72.14,9.79,1.64,413.1,50157
2026-03-03 21:11:00,1.03,-2.54,-9.40,292.14,-73.77,9.79,3.34,452.2,156446
2026-03-03 21:12:00,1.46,-2.87,-9.13,297.01,-70.58,9.68,3.06,434.7,97075
2026-03-03 21:13:00,1.00,-3.52,-8.88,285.85,-67.59,9.60,2.12,415.8,50783
2026-03-03 21:14:00,1.13,-4.16,-8.57,285.12,-63.28,9.59,3.10,428.6,83869
2026-03-03 21:15:00,0.78,-4.34,-8.44,280.17,-62.43,9.52,3.70,439.6,103024
2026-03-03 21:16:00,0.63,-3.64,-8.77,279.77,-67.14,9.51,3.56,433.5,102987
2026-03-03 21:17:00,0.31,-3.27,-8.97,275.37,-69.89,9.55,3.14,419.4,72636
2026-03-03 21:18:00,0.41,-4.48,-8.16,275.25,-61.12,9.32,2.99,430.2,100698
2026-03-03 21:19:00,0.82,-3.15,-8.62,284.49,-69.31,9.22,3.36,443.9,133590
2026-03-03 21:20:00,0.40,-3.35,-8.67,276.82,-68.73,9.30,3.34,439.9,121245
2026-03-03 21:21:00,0.87,-1.46,-8.67,300.69,-78.90,8.84,6.44,420.0,78970
2026-03-03 21:22:00,1.07,-0.87,-8.88,320.87,-81.15,8.98,8.99,415.0,73640
2026-03-03 21:23:00,0.93,-2.42,-8.58,290.97,-73.23,8.96,2.48,450.3,150486
2026-03-03 21:24:00,0.83,-2.24,-7.25,290.31,-71.80,7.63,3.01,443.7,134444
2026-03-03 21:25:00,-2.59,5.49,-0.50,115.27,-4.69,6.09,2.68,402.2,71387
2026-03-03 21:26:00,-3.08,5.48,-0.55,119.35,-5.01,6.31,2.92,428.4,208447
2026-03-03 21:27:00,-2.48,5.81,-3.84,113.10,-31.27,7.39,3.60,436.7,151776
2026-03-03 21:28:00,-1.88,6.57,-1.89,105.93,-15.49,7.09,1.15,427.0,216126
2026-03-03 21:29:00,-3.21,5.90,-2.43,118.53,-19.91,7.14,3.48,429.8,141460
2026-03-03 21:30:00,-3.73,4.60,3.49,129.07,30.48,6.88,2.01,433.2,186780
2026-03-03 21:31:00,-3.70,4.25,5.76,131.01,45.66,8.06,2.42,422.9,187042
2026-03-03 21:32:00,-3.94,4.46,6.04,131.47,45.40,8.48,2.92,412.3,148865
2026-03-03 21:33:00,-4.66,4.64,5.70,135.09,40.94,8.70,3.04,409.3,134751
2026-03-03 21:34:00,-3.87,4.54,6.65,130.41,48.10,8.93,3.06,413.8,140339
2026-03-03 21:35:00,-4.69,5.51,5.12,130.40,35.31,8.86,3.54,419.9,184357
2026-03-03 21:36:00,-3.52,4.12,7.47,130.54,54.06,9.23,4.00,419.6,176573
2026-03-03 21:37:00,-3.25,4.07,7.98,128.62,56.89,9.53,4.12,418.7,144642
2026-03-03 21:38:00,-3.81,4.53,7.69,130.03,52.40,9.70,4.27,425.1,165529
2026-03-03 21:39:00,-4.55,4.82,7.10,133.33,46.99,9.71,3.96,411.7,101381
2026-03-03 21:40:00,-4.75,4.69,6.96,135.38,46.18,9.64,3.22,399.8,83390
2026-03-03 21:41:00,-4.30,4.28,7.55,135.11,51.23,9.68,3.91,417.8,164192
2026-03-03 21:42:00,-3.96,4.01,7.83,134.64,54.24,9.65,4.34,415.5,133041
2026-03-03 21:43:00,-3.95,3.91,7.87,135.30,54.75,9.63,3.47,402.9,89408
2026-03-03 21:44:00,-4.03,3.53,7.88,138.75,55.77,9.52,3.85,404.3,97767
2026-03-03 21:45:00,-3.41,3.73,8.02,132.48,57.79,9.48,4.22,418.3,155251
2026-03-03 21:46:00,-3.15,3.65,8.18,130.78,59.52,9.50,4.18,419.1,132683
2026-03-03 21:47:00,-3.29,3.57,8.01,132.69,58.77,9.37,3.39,402.8,76831
2026-03-03 21:48:00,-4.07,3.63,7.62,138.22,54.41,9.37,3.65,405.8,97799
2026-03-03 21:49:00,-4.53,3.65,7.53,141.12,52.28,9.51,4.23,413.7,131412
2026-03-03 21:50:00,-3.92,3.29,7.85,140.00,56.89,9.37,4.18,412.6,123868
2026-03-03 21:51:00,-4.20,3.27,7.73,142.07,55.45,9.39,4.06,394.6,71217
2026-03-03 21:52:00,-3.41,2.57,7.81,143.05,61.32,8.90,4.09,395.4,72026
2026-03-03 21:53:00,-3.56,3.83,7.15,132.89,53.84,8.85,4.25,416.9,131772
2026-03-03 21:54:00,-4.09,6.00,5.64,124.30,37.81,9.19,4.26,417.5,131256
2026-03-03 21:55:00,-4.30,6.24,5.26,124.54,34.76,9.23,3.31,408.5,94640
2026-03-03 21:56:00,-4.10,5.99,5.31,124.38,36.19,8.99,2.63,411.2,132094
2026-03-03 21:57:00,-5.24,5.85,2.33,131.83,16.53,8.19,2.94,417.7,152497
2026-03-03 21:58:00,-4.77,6.50,1.97,126.30,13.75,8.30,2.44,422.3,154443
2026-03-03 22:00:00,-5.01,5.74,-0.45,131.10,-3.42,7.63,1.09,405.7,113912
2026-03-03 22:57:00,-1.92,2.76,7.66,124.85,66.29,8.37,3.60,425.5,128779
2026-03-03 22:58:00,-2.22,3.59,7.28,121.71,59.93,8.41,3.53,426.2,129995
2026-03-03 22:59:00,-1.44,2.64,7.72,118.73,68.73,8.28,3.44,427.0,133063
2026-03-03 23:00:00,-1.32,2.02,7.48,123.22,72.12,7.86,3.71,426.1,143932
2026-03-03 23:01:00,-0.55,0.80,7.77,124.76,82.86,7.83,4.22,431.1,180552
2026-03-03 23:02:00,-2.33,1.71,6.42,143.71,65.73,7.04,4.07,431.2,138937
2026-03-03 23:03:00,-5.24,3.84,2.83,143.73,23.57,7.09,1.62,408.7,191714
2026-03-03 23:04:00,-3.83,4.29,3.38,131.78,30.46,6.67,2.08,414.9,176446
2026-03-03 23:05:00,-1.53,4.42,4.80,109.08,45.76,6.71,2.83,432.6,169120
2026-03-03 23:06:00,-3.29,3.86,3.84,130.46,37.12,6.37,2.00,417.4,129135
2026-03-03 23:07:00,-2.38,3.98,-5.34,120.82,-49.02,7.07,0.74,420.3,178839
2026-03-03 23:08:00,-1.14,3.64,-5.91,107.38,-57.16,7.04,0.60,429.1,167128
2026-03-03 23:09:00,-2.28,4.99,-3.43,114.55,-31.97,6.47,0.58,434.6,144889
2026-03-03 23:10:00,-2.54,4.74,-3.66,118.22,-34.28,6.51,0.60,437.3,184758
2026-03-03 23:11:00,-3.20,4.31,-2.42,126.62,-24.24,5.88,0.40,397.7,116672
2026-03-03 23:12:00,-4.10,3.57,-2.54,138.98,-25.02,6.00,0.18,359.9,22232
2026-03-03 23:13:00,-4.84,3.61,-3.21,143.28,-28.05,6.84,1.12,433.6,195177
2026-03-03 23:14:00,-4.66,2.69,-4.79,149.97,-41.67,7.20,1.00,432.7,195115
2026-03-03 23:15:00,-4.62,1.48,-5.73,162.23,-49.75,7.51,0.99,427.5,186436
2026-03-03 23:16:00,-4.12,1.52,-5.46,159.69,-51.20,7.01,1.63,419.9,162350
2026-03-03 23:17:00,-3.93,2.09,-5.79,152.05,-52.42,7.30,1.22,426.2,164389
2026-03-03 23:18:00,-3.37,1.20,-6.18,160.39,-59.95,7.14,0.97,419.0,128447
2026-03-03 23:19:00,-3.64,-0.43,-6.17,186.70,-59.32,7.17,1.87,423.6,150039
2026-03-03 23:20:00,-3.75,-0.44,-6.43,186.63,-59.59,7.46,1.90,424.1,158212
2026-03-03 23:21:00,-2.92,-0.49,-6.33,189.46,-64.95,6.99,2.35,434.5,153069
2026-03-03 23:22:00,-2.84,0.06,-6.91,178.86,-67.65,7.47,1.82,434.5,126921
2026-03-03 23:23:00,-3.45,-0.24,-6.82,183.91,-63.13,7.65,1.62,430.1,139749
2026-03-03 23:24:00,-3.25,0.66,-6.33,168.44,-62.33,7.14,1.19,432.4,168857
2026-03-03 23:25:00,-2.83,0.20,-6.48,175.92,-66.31,7.07,1.30,433.3,164479
2026-03-03 23:26:00,-1.35,-1.55,-6.33,229.02,-72.01,6.66,1.79,435.5,140299
2026-03-03 23:27:00,-0.47,-1.40,-5.66,251.56,-75.35,5.85,2.15,445.7,158236
2026-03-03 23:28:00,-3.87,3.61,2.51,137.01,25.40,5.86,2.41,437.4,172833
2026-03-03 23:29:00,-3.59,3.99,4.51,132.03,40.08,7.01,2.55,417.8,158632
2026-03-03 23:30:00,-4.40,3.61,5.20,140.63,42.41,7.71,2.53,417.3,155826
2026-03-03 23:31:00,-4.42,3.34,5.01,142.87,42.12,7.47,2.59,415.3,144056
2026-03-03 23:32:00,-4.11,3.70,5.35,138.05,44.03,7.69,2.32,415.2,145934
2026-03-03 23:33:00,-4.16,2.78,5.78,146.27,49.11,7.64,2.63,417.7,137072
2026-03-03 23:34:00,-3.85,1.78,6.50,155.22,56.86,7.76,2.75,414.2,152784
2026-03-03 23:35:00,-4.26,2.30,6.64,151.62,53.89,8.21,3.51,414.2,121826
2026-03-03 23:36:00,-4.71,2.20,6.57,155.00,51.64,8.38,3.09,414.3,120549
2026-03-03 23:37:00,-4.82,1.87,6.63,158.77,52.04,8.41,3.00,407.8,125213
2026-03-03 23:38:00,-2.73,-0.38,7.91,188.01,70.76,8.38,3.45,411.8,120898
2026-03-03 23:39:00,-2.29,-1.14,8.11,206.46,72.49,8.51,3.31,420.7,116963
2026-03-03 23:40:00,-1.76,-1.77,7.95,225.25,72.56,8.34,3.58,426.8,116963
2026-03-03 23:41:00,-1.25,-0.66,8.26,207.84,80.26,8.38,3.59,429.9,118215
2026-03-03 23:42:00,-0.95,0.05,8.36,177.29,83.50,8.41,3.84,430.9,125357
2026-03-03 23:43:00,-1.24,0.25,8.25,168.36,81.30,8.35,3.42,431.8,109750
2026-03-03 23:44:00,-2.35,-0.48,7.99,191.59,73.25,8.34,3.08,428.8,99467
2026-03-03 23:45:00,-3.33,-1.14,7.33,198.91,64.36,8.13,3.41,424.4,110174
2026-03-03 23:46:00,-3.00,-0.27,7.74,185.16,68.75,8.31,3.97,424.7,121080
2026-03-03 23:47:00,-3.46,1.44,7.49,157.39,63.38,8.38,3.75,422.8,120579
2026-03-03 23:48:00,-1.03,0.81,7.92,141.96,80.61,8.03,3.31,421.2,119290
2026-03-03 23:49:00,-0.49,0.15,8.14,162.86,86.41,8.15,4.25,439.0,121130
2026-03-03 23:50:00,0.22,0.31,8.07,55.25,87.31,8.08,4.10,437.7,127385
2026-03-03 23:51:00,-0.33,-0.19,7.95,210.00,87.24,7.96,4.31,445.7,120528
2026-03-03 23:52:00,-1.87,1.47,7.90,141.88,73.26,8.25,3.93,432.8,120748
2026-03-03 23:53:00,-4.55,4.13,5.53,137.75,41.96,8.26,2.77,416.0,124265
2026-03-03 23:54:00,-4.57,5.61,3.75,129.14,27.38,8.15,2.21,412.0,127271
2026-03-03 23:55:00,-4.47,5.79,3.84,127.67,27.71,8.27,1.75,412.1,119604
2026-03-03 23:56:00,-1.75,3.27,7.24,118.12,62.92,8.13,2.85,426.2,120128
2026-03-03 23:57:00,-2.71,3.85,6.77,125.20,55.19,8.24,3.16,424.0,121711
2026-03-03 23:58:00,-2.78,3.87,6.65,125.69,54.36,8.18,3.02,420.6,120946
2026-03-03 23:59:00,-2.73,3.44,6.81,128.43,57.23,8.10,3.41,425.5,124437
2026-03-04 00:00:00,-2.38,1.76,6.67,143.58,66.06,7.29,2.97,427.3,158362
2026-03-04 00:01:00,-3.01,1.05,7.32,160.77,66.50,7.98,2.73,421.9,169376
2026-03-04 00:02:00,-3.35,4.86,2.33,124.53,21.49,6.35,2.92,421.1,141512
2026-03-04 00:03:00,-3.58,2.66,5.42,143.37,50.58,7.02,1.51,427.2,156507
2026-03-04 00:04:00,-2.58,0.73,7.52,164.29,70.38,7.99,4.11,424.3,117764
2026-03-04 00:05:00,-3.41,1.68,7.08,153.80,61.81,8.04,3.69,419.0,128525
2026-03-04 00:06:00,-0.02,-1.27,6.97,269.16,79.68,7.08,2.83,415.1,117787
2026-03-04 00:07:00,-0.42,-0.93,7.71,245.70,82.43,7.78,3.51,449.2,116184
2026-03-04 00:08:00,-0.70,-0.08,7.74,186.93,84.83,7.78,3.90,436.9,135734
2026-03-04 00:09:00,0.72,-0.71,7.23,315.59,82.06,7.30,4.37,449.9,155533
2026-03-04 00:10:00,-2.76,0.40,7.11,171.84,68.58,7.64,3.74,440.3,126061
2026-03-04 00:11:00,-4.56,0.99,6.73,167.80,55.29,8.19,3.30,415.4,121774
2026-03-04 00:12:00,-5.09,0.92,6.28,169.72,50.54,8.13,3.05,402.1,131809
2026-03-04 00:13:00,-3.88,1.57,6.73,158.02,58.13,7.92,2.92,408.6,128124
2026-03-04 00:14:00,-2.73,2.51,6.88,137.43,61.64,7.81,3.10,417.0,153860
2026-03-04 00:15:00,-2.27,1.78,7.28,141.94,68.38,7.83,3.36,420.7,165495
2026-03-04 00:16:00,-3.18,2.92,6.99,137.37,58.31,8.22,3.28,418.8,145357
2026-03-04 00:17:00,-3.60,2.56,6.76,144.58,56.84,8.07,3.19,416.7,134230
2026-03-04 00:18:00,-3.31,2.13,6.97,147.31,60.56,8.01,3.40,419.0,138194
2026-03-04 00:19:00,-2.13,3.77,6.02,119.51,54.27,7.42,2.78,425.4,130916
2026-03-04 00:20:00,-2.30,4.58,5.75,116.63,48.30,7.71,2.81,425.8,134677
2026-03-04 00:21:00,-2.64,3.33,6.32,128.44,56.05,7.62,2.98,427.3,150071
2026-03-04 00:22:00,-2.77,4.73,4.92,120.37,41.87,7.36,2.98,424.7,140082
2026-03-04 00:23:00,-1.89,4.45,-2.31,112.99,-25.53,5.35,1.99,425.5,145683
2026-03-04 00:24:00,-2.01,4.91,-5.12,112.25,-44.00,7.37,0.36,437.2,247190
2026-03-04 00:25:00,-2.24,5.22,-4.12,113.22,-35.92,7.02,0.57,444.3,126989
2026-03-04 00:26:00,-2.79,7.02,0.64,111.68,4.84,7.59,0.41,425.1,129954
2026-03-04 00:27:00,-2.10,5.76,1.85,110.00,16.82,6.40,0.85,430.7,185010
2026-03-04 00:28:00,2.06,6.63,1.87,72.72,15.04,7.19,1.78,450.0,153660
2026-03-04 00:29:00,0.82,7.12,-1.23,83.46,-9.76,7.27,1.04,450.7,166472
2026-03-04 00:30:00,0.54,6.92,-2.73,85.57,-21.52,7.46,0.62,446.2,163234
2026-03-04 00:31:00,-0.41,6.29,-2.02,93.69,-17.79,6.62,0.40,411.7,82431
2026-03-04 00:32:00,-5.82,4.20,3.08,144.16,23.21,7.80,0.91,390.6,58769
2026-03-04 00:33:00,-5.36,3.92,4.15,143.84,32.03,7.83,2.04,406.9,123427
2026-03-04 00:34:00,-5.27,4.30,3.75,140.76,28.86,7.77,1.72,396.0,107556
2026-03-04 00:35:00,-5.32,3.60,4.14,145.90,32.80,7.65,1.03,372.2,54535
2026-03-04 00:36:00,-5.08,1.87,5.73,159.81,46.63,7.89,2.70,409.8,171204
2026-03-04 00:37:00,-5.82,2.26,5.37,158.78,40.66,8.23,3.09,410.2,126447
2026-03-04 00:38:00,-5.75,3.20,4.61,150.93,35.02,8.03,2.32,397.7,84602
2026-03-04 00:39:00,-5.36,2.11,5.75,158.49,44.95,8.14,3.31,410.0,139112
2026-03-04 00:40:00,-5.46,2.59,5.44,154.61,41.99,8.13,2.90,407.6,147788
2026-03-04 00:41:00,-5.15,3.71,4.28,144.19,34.02,7.66,2.90,411.9,140577
2026-03-04 00:42:00,-4.00,5.14,-2.67,127.89,-22.26,7.04,0.92,440.0,149207
2026-03-04 00:43:00,-6.47,3.30,-2.81,152.98,-21.17,7.78,0.83,433.8,168024
2026-03-04 00:44:00,-6.99,3.95,-1.19,150.51,-8.44,8.12,0.81,446.4,145009
2026-03-04 00:45:00,-0.14,5.91,1.23,91.34,11.79,6.04,1.41,456.7,171014
2026-03-04 00:46:00,-0.96,6.59,2.61,98.30,21.41,7.15,1.25,445.3,125304
2026-03-04 00:47:00,-3.52,6.25,2.84,119.41,21.62,7.72,1.36,431.9,100020
2026-03-04 00:48:00,-3.75,5.18,4.22,125.93,33.41,7.66,1.98,426.7,127148
2026-03-04 00:49:00,-3.36,6.04,2.26,119.07,18.14,7.27,1.80,425.6,179166
2026-03-04 00:50:00,-1.75,6.53,-3.20,105.01,-25.34,7.48,0.88,437.7,221543
2026-03-04 00:51:00,-2.21,6.91,-2.27,107.71,-17.38,7.60,0.25,460.8,161825
2026-03-04 00:52:00,-3.08,6.94,-0.35,113.97,-2.64,7.60,0.90,428.6,199738
2026-03-04 00:53:00,-2.43,7.30,-0.48,108.38,-3.58,7.71,0.82,429.4,195253
2026-03-04 00:54:00,-2.64,6.93,-2.23,110.86,-16.70,7.74,0.28,436.6,161899
2026-03-04 00:55:00,-1.99,6.66,-2.88,106.62,-22.50,7.53,0.37,460.9,173325
2026-03-04 00:56:00,-1.72,6.97,-2.33,103.87,-17.99,7.55,0.08,403.2,28860
2026-03-04 00:57:00,-1.49,6.87,-2.76,102.27,-21.41,7.55,0.52,440.3,104003
2026-03-04 00:58:00,-1.38,6.31,-1.66,102.31,-14.37,6.67,0.25,450.6,147529
2026-03-04 00:59:00,-3.17,1.54,5.19,154.12,55.81,6.27,1.31,429.5,120711
2026-03-04 01:00:00,-2.25,-2.33,6.65,226.05,64.04,7.40,2.62,430.6,123640
2026-03-04 01:01:00,-2.33,-2.11,6.61,222.14,64.59,7.32,3.13,432.3,129094
2026-03-04 01:02:00,-2.11,-2.83,6.63,233.34,61.96,7.51,3.18,432.8,124840
2026-03-04 01:03:00,-4.57,-0.83,5.79,190.26,51.28,7.43,2.54,424.4,121981
2026-03-04 01:04:00,-5.72,0.69,5.77,173.10,45.02,8.16,2.42,412.7,116131
2026-03-04 01:05:00,-6.56,1.16,4.71,170.01,35.26,8.16,2.88,405.1,116603
2026-03-04 01:06:00,-7.05,0.87,4.19,172.99,30.52,8.24,2.72,396.3,112023
2026-03-04 01:07:00,-7.24,1.38,3.56,169.20,25.80,8.18,2.67,392.2,85018
2026-03-04 01:08:00,-7.33,1.81,3.14,166.16,22.60,8.18,2.11,397.0,127814
2026-03-04 01:09:00,-7.32,1.59,3.24,167.76,23.40,8.16,2.19,396.7,164593
2026-03-04 01:10:00,-6.72,-0.58,4.48,184.95,33.64,8.10,2.62,396.0,117944
2026-03-04 01:11:00,-5.90,-1.70,4.81,196.09,38.08,7.80,2.73,405.2,101147
2026-03-04 01:12:00,-5.83,-1.60,4.95,195.38,39.30,7.82,3.17,406.9,114595
2026-03-04 01:13:00,-6.27,-1.07,3.99,189.69,32.11,7.50,3.13,407.2,117079
2026-03-04 01:14:00,-6.79,-0.35,3.61,182.93,27.96,7.70,2.78,399.7,114045
2026-03-04 01:15:00,-6.26,0.00,3.91,180.01,31.96,7.38,2.42,402.4,117384
2026-03-04 01:16:00,-6.38,-0.49,4.17,184.42,33.07,7.64,2.58,402.5,125543
2026-03-04 01:17:00,-7.29,-2.24,3.26,197.04,23.12,8.30,2.92,399.7,107709
2026-03-04 01:18:00,-6.94,-1.50,3.32,192.22,25.09,7.84,2.82,400.5,85458
2026-03-04 01:19:00,-7.02,-1.78,3.42,194.26,25.26,8.01,2.72,400.3,82398
2026-03-04 01:20:00,-6.55,-1.49,4.00,192.84,30.73,7.82,2.84,400.5,98321
2026-03-04 01:21:00,-6.59,-1.22,4.06,190.50,31.24,7.83,2.96,403.2,114181
2026-03-04 01:22:00,-6.14,-1.18,4.22,190.90,34.05,7.54,3.03,405.2,118278
2026-03-04 01:23:00,-5.83,-1.75,4.02,196.73,33.47,7.30,3.05,407.4,121155
2026-03-04 01:24:00,-5.87,-1.46,5.28,193.94,41.13,8.03,3.13,404.4,124084
2026-03-04 01:25:00,-5.84,-1.51,5.29,194.47,41.27,8.02,3.28,405.9,112193
2026-03-04 01:26:00,-5.67,-1.62,5.49,195.96,42.98,8.06,3.26,405.9,112599
2026-03-04 01:27:00,-5.20,-1.68,5.81,197.86,46.77,7.98,2.85,405.9,120313
2026-03-04 01:28:00,-4.85,-1.49,6.01,197.08,49.86,7.86,3.19,409.5,115413
2026-03-04 01:29:00,-5.50,-1.41,5.49,194.33,44.03,7.90,3.20,407.9,111138
2026-03-04 01:30:00,-4.27,0.11,6.25,178.48,55.66,7.57,3.36,409.9,124724
2026-03-04 01:31:00,-3.41,0.33,6.88,174.53,63.52,7.69,3.22,412.2,129575
2026-03-04 01:32:00,-2.49,1.35,6.63,151.44,66.88,7.21,3.82,432.0,121785
2026-03-04 01:33:00,-3.93,-0.13,6.45,181.87,58.62,7.56,3.42,424.0,123313
2026-03-04 01:34:00,-4.17,-1.08,6.26,194.53,55.48,7.60,3.13,417.0,127652
2026-03-04 01:35:00,-4.74,-1.05,5.74,192.53,49.82,7.52,3.25,412.8,137607
2026-03-04 01:36:00,-4.30,0.84,6.00,168.90,53.85,7.43,3.09,410.9,134330
2026-03-04 01:37:00,-3.88,2.16,6.12,150.95,54.01,7.56,2.88,414.5,125226
2026-03-04 01:38:00,-3.91,1.39,6.37,160.40,56.94,7.61,3.04,415.6,131461
2026-03-04 01:39:00,-3.85,-0.49,6.42,187.18,58.81,7.50,3.13,418.9,127200
2026-03-04 01:40:00,-3.20,0.44,6.88,172.22,64.84,7.60,3.18,420.7,125692
2026-03-04 01:41:00,-4.58,-0.50,6.23,186.24,53.48,7.75,3.29,420.4,128718
2026-03-04 01:42:00,-4.14,-1.54,5.97,200.47,53.52,7.43,2.79,412.9,125134
2026-03-04 01:43:00,-3.26,1.81,6.71,150.92,60.91,7.68,3.44,420.3,143119
2026-03-04 01:44:00,-3.65,1.32,6.70,160.12,59.91,7.74,2.99,417.3,137906
2026-03-04 01:45:00,-3.55,1.39,6.45,158.66,59.40,7.49,3.24,418.9,132717
2026-03-04 01:46:00,-3.74,0.50,6.63,172.40,60.37,7.63,3.12,419.0,132119
2026-03-04 01:47:00,-3.58,1.61,6.46,155.84,58.71,7.55,3.27,416.4,136994
2026-03-04 01:48:00,-4.14,2.70,1.21,146.94,13.75,5.09,2.96,415.0,132952
2026-03-04 01:49:00,-3.67,2.81,-0.79,142.60,-9.73,4.69,2.13,431.2,108209
2026-03-04 01:50:00,-5.97,3.01,3.01,153.26,24.24,7.33,1.61,423.4,162560
2026-03-04 01:51:00,-6.11,1.90,4.00,162.77,32.03,7.55,2.26,407.1,177942
2026-03-04 01:52:00,-7.26,2.21,1.45,163.10,10.81,7.72,2.38,402.3,177343
2026-03-04 01:53:00,-7.48,1.77,1.48,166.70,10.93,7.82,1.78,400.7,201748
2026-03-04 01:54:00,-4.75,2.18,3.68,155.32,35.13,6.39,2.38,408.3,172013
2026-03-04 01:55:00,-2.59,2.18,6.65,139.87,63.03,7.47,3.24,426.5,136923
2026-03-04 01:56:00,-4.44,1.66,6.17,159.55,52.47,7.78,3.14,423.5,107376
2026-03-04 01:57:00,-3.89,1.77,6.33,155.54,55.95,7.63,3.12,415.3,125643
2026-03-04 01:58:00,-3.72,2.68,6.15,144.18,53.30,7.67,2.83,,
2026-03-04 01:59:00,-4.01,1.67,6.17,157.38,54.86,7.54,2.83,414.4,112480
2026-03-04 02:00:00,-5.26,1.65,5.28,162.53,43.78,7.63,3.27,419.1,119167
2026-03-04 02:01:00,-4.44,1.21,5.93,164.72,52.20,7.51,2.82,410.2,123696
2026-03-04 02:02:00,-3.74,0.51,6.52,172.28,59.96,7.53,3.09,413.8,137314
2026-03-04 02:03:00,-4.28,1.99,5.86,155.10,51.11,7.52,3.08,414.7,124409
2026-03-04 02:04:00,-3.39,3.93,4.52,130.79,41.09,6.89,3.11,416.0,122022
2026-03-04 02:05:00,-0.93,7.14,0.84,97.44,6.65,7.25,1.81,426.4,129387
2026-03-04 02:06:00,-1.20,7.15,1.08,99.52,8.50,7.33,1.10,433.6,125578
2026-03-04 02:07:00,-0.99,7.19,0.94,97.87,7.40,7.32,1.16,435.6,130336
2026-03-04 02:08:00,-0.64,7.21,0.73,95.04,5.76,7.28,1.15,438.0,137915
2026-03-04 02:09:00,-1.14,7.22,0.31,99.00,2.47,7.32,0.81,435.2,149681
2026-03-04 02:10:00,-1.09,7.21,-0.02,98.59,-0.16,7.29,0.44,425.4,159177
2026-03-04 02:11:00,-1.02,7.30,0.50,97.97,3.91,7.39,0.57,424.7,131151
2026-03-04 02:12:00,-1.35,7.21,0.70,100.60,5.43,7.37,0.86,433.6,126891
2026-03-04 02:13:00,-2.26,7.06,0.39,107.73,3.01,7.42,1.11,430.2,110481
2026-03-04 02:14:00,-2.35,7.09,0.44,108.36,3.38,7.48,0.92,422.2,129186
2026-03-04 02:15:00,-2.81,6.94,0.22,112.05,1.65,7.49,1.00,427.4,134272
2026-03-04 02:16:00,-2.89,6.98,-0.20,112.50,-1.52,7.55,0.82,422.0,142931
2026-03-04 02:17:00,-2.52,7.08,-0.01,109.56,-0.07,7.52,0.83,424.2,109351
2026-03-04 02:18:00,-1.79,6.91,-0.14,104.54,-1.16,7.14,0.53,422.6,168750
2026-03-04 02:19:00,-2.60,5.77,1.86,114.27,16.42,6.60,0.79,423.1,171920
2026-03-04 02:20:00,-3.63,4.59,4.08,128.35,34.87,7.13,2.58,423.2,146875
2026-03-04 02:21:00,-3.31,3.34,5.34,134.73,48.61,7.11,3.06,423.0,148272
2026-03-04 02:22:00,-4.41,3.07,4.91,145.20,42.45,7.28,2.85,419.6,146945
2026-03-04 02:23:00,-4.51,3.02,4.85,146.20,41.83,7.28,2.85,420.1,138908
2026-03-04 02:24:00,-6.18,2.77,3.22,155.83,25.40,7.50,2.50,408.7,107315
2026-03-04 02:25:00,-5.24,1.70,4.97,162.05,42.07,7.42,2.35,397.3,96514
2026-03-04 02:26:00,-3.83,2.90,5.66,142.86,49.64,7.42,2.98,409.0,133065
2026-03-04 02:27:00,-4.75,3.96,4.56,140.19,36.41,7.68,2.97,413.3,127858
2026-03-04 02:28:00,-4.23,4.31,4.69,134.44,37.87,7.65,2.74,412.3,127248
2026-03-04 02:29:00,-4.27,2.35,5.73,151.20,49.62,7.52,2.97,415.6,121342
2026-03-04 02:30:00,-3.77,1.07,6.51,164.09,58.92,7.60,2.88,415.8,124184
2026-03-04 02:32:00,-5.02,0.96,5.73,169.15,48.24,7.68,3.16,407.5,136776
2026-03-04 02:33:00,-5.15,0.38,5.69,175.73,47.79,7.68,2.92,406.9,124363
2026-03-04 02:34:00,-4.41,-0.38,6.21,184.90,54.56,7.63,3.38,409.8,137825
2026-03-04 02:35:00,-3.43,-0.88,6.35,194.38,60.82,7.27,3.29,415.5,143282
2026-03-04 02:36:00,-3.66,-1.70,6.45,204.87,57.94,7.61,3.17,417.6,139015
2026-03-04 02:37:00,-3.69,-1.47,6.65,201.70,59.16,7.75,3.34,419.0,128605
2026-03-04 02:38:00,-3.54,-1.86,6.63,207.68,58.93,7.74,3.30,419.8,119794
2026-03-04 02:39:00,0.10,5.04,2.03,88.90,21.98,5.43,2.89,432.4,125891
2026-03-04 02:40:00,0.90,6.33,-0.23,81.94,-2.03,6.39,2.02,448.5,144713
2026-03-04 02:41:00,1.18,6.39,-0.82,79.55,-7.16,6.54,1.27,449.7,143369
2026-03-04 02:42:00,1.00,6.32,-2.36,81.04,-20.23,6.81,1.03,440.3,127913
2026-03-04 02:43:00,0.66,5.00,0.50,82.53,5.64,5.07,1.23,436.4,141585
2026-03-04 02:44:00,-0.92,1.16,6.90,128.48,77.93,7.06,3.01,441.3,136338
2026-03-04 02:45:00,-2.50,2.75,6.57,132.26,60.51,7.55,3.39,439.0,128623
2026-03-04 02:46:00,-1.87,0.68,7.04,160.12,74.25,7.31,3.65,427.8,131522
2026-03-04 02:47:00,-0.95,3.48,5.55,105.25,56.97,6.62,4.16,434.2,153154
2026-03-04 02:48:00,-0.87,5.75,3.75,98.62,32.78,6.92,2.44,439.6,142499
2026-03-04 02:49:00,0.33,6.24,3.15,86.96,26.76,7.00,2.87,443.2,136634
2026-03-04 02:50:00,0.19,6.58,2.51,88.34,20.90,7.05,2.38,443.8,125095
2026-03-04 02:51:00,-0.10,6.88,1.51,90.85,12.35,7.04,2.13,440.2,124769
2026-03-04 02:52:00,0.04,7.00,0.78,89.71,6.36,7.04,1.81,442.5,121103
2026-03-04 02:53:00,0.24,7.02,0.68,88.04,5.52,7.05,1.49,443.3,113128
2026-03-04 02:54:00,0.97,6.90,0.07,81.96,0.59,6.97,1.48,443.2,136926
2026-03-04 02:55:00,1.41,6.75,-0.47,78.20,-3.89,6.91,1.45,446.8,138726
2026-03-04 02:56:00,1.27,6.72,-1.24,79.31,-10.28,6.95,1.06,444.7,140816
2026-03-04 02:57:00,1.06,6.61,-1.86,80.88,-15.54,6.94,0.68,439.1,150162
2026-03-04 02:58:00,-0.68,7.09,-0.31,95.49,-2.45,7.13,0.80,438.1,132432
2026-03-04 02:59:00,-4.32,5.47,2.47,128.31,19.51,7.40,1.27,426.7,131887
2026-03-04 03:00:00,-2.63,6.90,0.50,110.86,3.90,7.40,1.66,411.8,109169
2026-03-04 03:01:00,-2.98,6.58,0.86,114.40,6.77,7.27,1.39,422.7,123968
2026-03-04 03:02:00,-3.91,6.31,0.81,121.80,6.22,7.47,1.54,415.2,120531
2026-03-04 03:03:00,-2.95,6.85,0.67,113.27,5.15,7.49,1.45,416.5,139335
2026-03-04 03:04:00,-3.25,6.68,0.45,115.92,3.50,7.44,1.45,,
2026-03-04 03:05:00,-3.87,6.48,0.02,120.82,0.18,7.55,1.23,417.5,117132
2026-03-04 03:06:00,-3.51,6.49,0.72,118.45,5.61,7.41,1.50,425.2,161497
2026-03-04 03:07:00,-3.81,6.28,1.40,121.27,10.75,7.48,1.58,420.1,163205
2026-03-04 03:08:00,-2.32,6.51,1.43,109.63,11.68,7.06,2.03,417.8,131516
2026-03-04 03:09:00,-0.93,7.15,0.47,97.38,3.72,7.23,1.66,428.8,118904
2026-03-04 03:10:00,-0.54,6.98,-1.74,94.43,-13.94,7.21,0.88,438.0,129342
2026-03-04 03:11:00,-0.79,6.57,-2.59,96.90,-21.42,7.10,0.87,424.3,148997
2026-03-04 03:12:00,-0.37,6.60,-2.34,93.18,-19.46,7.02,0.81,416.5,140310
2026-03-04 03:13:00,1.79,6.46,0.16,74.49,1.39,6.71,0.78,433.9,120923
2026-03-04 03:14:00,0.61,6.51,-1.48,84.61,-12.74,6.71,1.22,444.8,139012
2026-03-04 03:15:00,-1.36,5.08,-4.24,104.96,-38.88,6.75,0.61,439.3,165887
2026-03-04 03:16:00,-2.85,3.98,-5.08,125.61,-46.06,7.05,0.56,439.5,170726
2026-03-04 03:17:00,-3.99,3.20,-5.16,141.30,-45.27,7.26,0.58,428.9,141140
2026-03-04 03:18:00,-4.20,3.28,-5.09,142.04,-43.68,7.37,0.94,431.0,224845
2026-03-04 03:19:00,-4.93,3.27,-4.59,146.46,-37.78,7.49,0.81,429.1,205933
2026-03-04 03:20:00,-5.72,3.71,-3.42,147.03,-26.65,7.63,1.44,424.7,195017
2026-03-04 03:21:00,-4.35,5.09,-3.08,130.56,-24.73,7.37,1.48,418.9,209094
2026-03-04 03:22:00,-3.31,6.04,-2.82,118.68,-22.26,7.44,0.71,418.3,169191
2026-03-04 03:23:00,-3.40,6.15,-2.13,118.99,-16.87,7.34,0.60,431.1,187442
2026-03-04 03:24:00,-5.16,5.58,-0.39,132.75,-2.94,7.61,1.29,423.8,190676
2026-03-04 03:25:00,-4.88,5.70,-0.05,130.53,-0.36,7.50,0.90,385.3,79826
2026-03-04 03:26:00,-3.98,6.04,-0.78,123.42,-6.19,7.28,0.96,389.2,76875
2026-03-04 03:27:00,-3.38,6.28,-0.66,118.29,-5.27,7.16,1.28,409.1,122020
2026-03-04 03:28:00,-5.12,4.55,1.40,138.39,11.51,6.99,2.08,411.7,144794
2026-03-04 03:29:00,-0.36,4.80,-4.78,94.32,-44.85,6.78,1.97,419.1,177524
2026-03-04 03:30:00,-0.62,4.55,-5.35,97.75,-49.36,7.05,0.32,433.5,190634
2026-03-04 03:31:00,-0.94,5.07,-4.42,100.53,-40.63,6.79,0.42,436.7,164309
2026-03-04 03:32:00,-1.16,5.95,-3.44,101.01,-29.54,6.97,0.47,443.3,124917
2026-03-04 03:33:00,-1.27,5.34,-4.15,103.43,-37.08,6.88,0.61,436.7,173024
2026-03-04 03:34:00,-1.43,4.10,-5.23,109.20,-50.32,6.80,0.86,437.4,146206
2026-03-04 03:35:00,0.23,5.73,-3.65,87.66,-32.50,6.80,0.74,446.0,110206
2026-03-04 03:36:00,1.64,5.36,-3.66,73.02,-33.11,6.70,0.72,434.5,141944
2026-03-04 03:37:00,1.14,5.83,-3.17,78.90,-28.12,6.73,0.72,434.3,142482
2026-03-04 03:38:00,0.82,6.25,-2.60,82.51,-22.44,6.82,0.80,441.2,101564
2026-03-04 03:39:00,0.46,6.31,-2.56,85.80,-22.04,6.83,0.68,439.0,108519
2026-03-04 03:40:00,-0.95,5.96,-3.36,99.06,-29.09,6.90,0.62,434.5,136626
2026-03-04 03:41:00,-1.58,6.12,-3.13,104.51,-26.36,7.05,0.65,431.6,150016
2026-03-04 03:42:00,-1.28,6.03,-3.32,102.01,-28.35,7.00,0.77,433.7,143697
2026-03-04 03:43:00,-1.33,5.60,-3.75,103.41,-33.11,6.87,0.76,429.2,133851
2026-03-04 03:44:00,-2.16,5.68,-3.44,110.86,-29.54,6.98,0.68,429.4,172303
2026-03-04 03:45:00,-2.66,5.79,-3.51,114.66,-28.83,7.28,0.59,432.7,196867
2026-03-04 03:46:00,-2.23,5.36,-4.36,112.58,-36.93,7.26,0.44,428.2,154358
2026-03-04 03:47:00,-1.02,5.41,-4.50,100.70,-39.26,7.12,0.44,432.8,165651
2026-03-04 03:48:00,-2.06,4.76,-5.02,113.42,-44.11,7.22,0.40,428.9,187242
2026-03-04 03:49:00,-2.17,5.48,-4.43,111.65,-36.95,7.38,0.52,425.4,163959
2026-03-04 03:50:00,-2.29,5.61,-4.40,112.17,-35.95,7.49,0.49,429.0,132566
2026-03-04 03:51:00,-2.33,5.83,-4.06,111.78,-32.90,7.47,0.58,422.8,151420
2026-03-04 03:52:00,-2.30,5.78,-4.06,111.71,-33.12,7.43,0.48,422.0,178077
2026-03-04 03:53:00,-2.27,6.41,-2.90,109.50,-23.07,7.39,0.61,422.1,169545
2026-03-04 03:54:00,-2.52,6.47,-2.44,111.26,-19.36,7.36,0.75,425.7,132965
2026-03-04 03:55:00,-2.31,6.78,-1.51,108.81,-11.87,7.32,0.99,427.8,163983
2026-03-04 03:56:00,-1.75,6.68,-1.94,104.69,-15.72,7.18,0.94,427.3,165866
2026-03-04 03:57:00,-1.79,6.67,-1.94,104.98,-15.71,7.18,0.93,425.6,147267
2026-03-04 03:58:00,-1.42,6.65,-2.49,102.09,-20.13,7.24,0.77,425.1,132645
2026-03-04 04:00:00,-1.47,6.81,-2.40,102.21,-19.02,7.37,0.82,421.9,178094
2026-03-04 04:01:00,-1.52,7.14,-0.28,102.02,-2.23,7.31,1.17,425.4,163051
2026-03-04 04:02:00,-0.42,7.03,-0.16,93.40,-1.27,7.04,1.75,432.9,135504
2026-03-04 04:03:00,-0.06,6.85,-0.48,90.54,-3.99,6.87,1.62,436.2,128823
2026-03-04 04:04:00,0.76,6.58,-0.61,83.38,-5.29,6.65,1.27,437.0,134332
2026-03-04 04:05:00,0.98,6.53,2.12,81.44,17.78,6.93,2.14,451.2,148087
2026-03-04 04:06:00,0.50,6.67,2.03,85.68,16.91,6.99,2.40,443.2,122512
2026-03-04 04:07:00,-0.74,6.94,1.21,96.05,9.86,7.09,1.95,435.2,140008
2026-03-04 04:08:00,-1.01,6.75,0.89,98.54,7.41,6.88,1.61,432.0,142197
2026-03-04 04:09:00,0.76,3.39,5.18,77.33,56.17,6.24,3.26,442.7,145229
2026-03-04 04:10:00,-1.39,3.30,5.67,112.93,57.70,6.70,3.42,443.7,145502
2026-03-04 04:11:00,-1.02,3.67,6.71,105.53,60.38,7.72,3.74,429.7,106110
2026-03-04 04:12:00,-1.19,3.08,7.00,111.11,64.70,7.74,3.70,426.8,109502
2026-03-04 04:13:00,-1.71,2.20,7.28,127.81,69.08,7.80,3.76,426.1,113041
2026-03-04 04:14:00,-2.45,1.28,7.42,152.31,69.59,7.92,3.78,421.0,110549
2026-03-04 04:15:00,-2.68,0.17,7.44,176.35,70.12,7.91,3.59,414.3,111313
2026-03-04 04:16:00,-1.89,0.84,7.22,155.93,74.04,7.51,3.50,413.9,126881
2026-03-04 04:17:00,-0.20,2.14,7.29,95.35,73.54,7.60,3.73,424.5,131057
2026-03-04 04:18:00,0.06,1.30,7.49,87.48,80.12,7.61,3.86,438.0,112724
2026-03-04 04:19:00,-0.38,0.64,7.68,120.59,84.49,7.72,3.73,439.3,115543
2026-03-04 04:20:00,-1.42,-0.04,7.58,181.79,79.40,7.72,4.06,435.0,129848
2026-03-04 04:21:00,-0.72,1.09,7.69,123.39,80.40,7.80,3.46,426.1,133215
2026-03-04 04:22:00,-0.66,1.60,7.53,112.33,77.04,7.72,3.40,434.9,109901
2026-03-04 04:23:00,0.15,0.85,7.51,79.76,83.41,7.56,4.05,437.2,123131
2026-03-04 04:24:00,0.21,1.65,7.33,82.74,77.23,7.52,4.25,442.7,126447
2026-03-04 04:25:00,-0.16,2.24,7.28,94.01,72.86,7.62,3.36,434.5,116275
2026-03-04 04:26:00,-0.85,2.01,7.21,112.81,73.16,7.54,3.25,432.4,100281
2026-03-04 04:27:00,-0.15,2.86,7.05,92.92,67.87,7.61,3.81,429.7,111868
2026-03-04 04:28:00,0.56,4.09,6.50,82.25,57.57,7.70,3.57,436.7,109044
2026-03-04 04:29:00,0.27,3.94,6.49,86.08,58.71,7.60,3.80,436.1,111392
2026-03-04 04:30:00,-0.47,2.89,6.35,99.21,65.21,6.99,3.65,430.3,124323
2026-03-04 04:31:00,0.18,1.51,7.01,83.19,77.73,7.17,3.32,433.7,126384
2026-03-04 04:32:00,-0.28,3.86,6.05,94.17,57.39,7.19,3.33,435.8,126764
2026-03-04 04:33:00,-0.31,4.54,5.91,93.87,52.37,7.46,3.31,432.2,127491
2026-03-04 04:34:00,0.10,4.99,5.35,88.85,46.98,7.32,3.26,434.8,118859
2026-03-04 04:35:00,0.47,4.85,5.32,84.47,47.52,7.21,3.49,436.6,117101
2026-03-04 04:36:00,-0.11,4.30,4.90,91.45,48.77,6.52,3.33,434.5,112164
2026-03-04 04:37:00,-0.94,3.01,5.13,107.43,58.46,6.02,3.49,435.3,130185
2026-03-04 04:38:00,-0.56,4.02,4.66,97.90,48.92,6.18,2.94,438.2,128233
2026-03-04 04:39:00,0.11,5.16,2.52,88.77,26.01,5.74,2.99,439.0,161412
2026-03-04 04:40:00,0.24,5.34,2.56,87.48,25.57,5.93,1.92,439.6,143992
2026-03-04 04:41:00,-0.22,5.62,1.64,92.19,16.30,5.86,2.12,434.1,145376
2026-03-04 04:42:00,0.23,5.97,-1.22,87.76,-11.52,6.10,1.52,436.6,143400
2026-03-04 04:43:00,0.28,6.08,-1.65,87.36,-15.20,6.30,1.41,437.1,143025
2026-03-04 04:44:00,0.12,5.68,-1.15,88.78,-11.41,5.80,0.64,433.2,167187
2026-03-04 04:45:00,-0.47,3.54,3.71,97.64,46.08,5.15,1.93,436.0,139737
2026-03-04 04:46:00,-0.97,2.06,3.65,115.09,58.02,4.30,2.97,438.0,140160
2026-03-04 04:47:00,-1.11,3.76,0.31,106.45,4.49,3.94,2.43,437.7,154793
2026-03-04 04:48:00,-3.11,-2.74,3.94,221.38,43.57,5.72,2.12,432.2,147407
2026-03-04 04:49:00,-2.19,-2.17,5.04,224.81,58.53,5.91,2.67,426.8,139666
2026-03-04 04:50:00,-2.11,-1.16,5.70,208.86,67.07,6.19,2.76,428.2,142266
2026-03-04 04:51:00,-2.10,-0.73,6.14,199.19,70.14,6.53,2.78,428.5,128372
2026-03-04 04:52:00,-2.13,0.76,6.23,160.45,70.08,6.63,2.81,427.7,126078
2026-03-04 04:53:00,-2.13,1.31,6.12,148.43,67.81,6.61,3.35,430.4,117717
2026-03-04 04:54:00,-2.56,1.63,5.99,147.43,63.12,6.72,2.88,427.3,124653
2026-03-04 04:55:00,-2.80,1.22,5.81,156.44,62.32,6.56,3.17,423.8,112919
2026-03-04 04:56:00,-3.15,1.08,5.75,161.08,59.96,6.64,2.82,419.9,114555
2026-03-04 04:57:00,-3.39,0.58,5.70,170.30,58.89,6.66,2.96,415.1,153261
2026-03-04 04:58:00,-2.99,1.19,5.67,158.38,60.43,6.52,2.83,420.0,135465
2026-03-04 04:59:00,-2.96,1.77,5.69,149.15,58.82,6.66,2.89,425.5,122623
2026-03-04 05:00:00,-2.80,1.59,5.79,150.47,60.93,6.62,3.28,428.9,138429
2026-03-04 05:01:00,-3.89,0.29,5.79,175.71,56.04,6.98,3.33,422.1,141628
2026-03-04 05:02:00,-3.39,0.74,5.94,167.74,59.75,6.88,3.24,421.8,130702
2026-03-04 05:03:00,-3.59,1.08,5.77,163.21,56.97,6.88,3.06,423.9,124568
2026-03-04 05:04:00,-3.54,1.04,5.84,163.60,57.68,6.91,2.94,421.0,125855
2026-03-04 05:05:00,-3.99,1.47,5.51,159.70,52.33,6.96,2.99,419.0,128751
2026-03-04 05:06:00,-4.27,2.05,5.19,154.38,47.62,7.02,2.98,418.6,128602
2026-03-04 05:07:00,-3.65,1.73,5.52,154.66,53.78,6.84,2.90,416.9,124342
2026-03-04 05:08:00,-3.19,2.04,5.73,147.39,56.54,6.86,3.12,424.0,127973
2026-03-04 05:09:00,-2.88,1.95,5.52,145.89,57.83,6.52,2.92,426.5,126725
2026-03-04 05:10:00,-3.71,1.70,5.04,155.39,51.03,6.48,1.78,421.4,108258
2026-03-04 05:11:00,-2.42,-0.37,6.03,188.72,67.94,6.51,2.98,430.2,139723
2026-03-04 05:12:00,-2.97,-1.90,5.69,212.54,58.20,6.69,3.37,428.1,137877
2026-03-04 05:13:00,-2.67,-1.73,5.70,213.01,60.80,6.53,3.15,427.2,150447
2026-03-04 05:14:00,-2.79,-2.75,5.20,224.52,53.01,6.51,3.50,432.6,140850
2026-03-04 05:15:00,-3.80,-2.23,5.05,210.40,48.93,6.70,3.45,422.6,138736
2026-03-04 05:16:00,-3.33,-0.71,6.04,192.10,60.62,6.94,3.42,419.5,138676
2026-03-04 05:17:00,-3.00,0.11,6.19,177.82,64.13,6.88,3.03,424.0,122517
2026-03-04 05:18:00,-2.89,-0.57,6.28,191.14,64.84,6.93,2.93,424.8,124049
2026-03-04 05:19:00,-2.86,-1.14,6.37,201.69,64.18,7.07,3.08,425.3,125310
2026-03-04 05:20:00,-2.97,-0.93,6.44,197.38,64.23,7.15,3.19,424.4,123085
2026-03-04 05:21:00,-2.87,-0.70,6.42,193.67,65.26,7.06,3.08,423.5,119156
2026-03-04 05:22:00,-2.92,-0.93,6.38,197.62,64.36,7.07,3.04,422.1,117281
2026-03-04 05:23:00,-2.66,0.04,6.55,179.18,67.90,7.07,2.99,420.8,115297
2026-03-04 05:24:00,-2.92,0.46,6.47,170.97,65.47,7.12,3.13,424.1,112668
2026-03-04 05:25:00,-3.69,1.67,5.82,155.64,55.13,7.09,3.22,416.8,119938
2026-03-04 05:26:00,-2.71,1.26,6.40,155.01,64.98,7.07,3.33,417.7,114160
2026-03-04 05:27:00,-2.37,1.85,6.24,142.03,64.27,6.93,3.40,424.5,116638
2026-03-04 05:28:00,-2.44,1.66,6.50,145.76,65.57,7.13,3.33,424.0,112008
2026-03-04 05:29:00,-3.02,2.23,6.09,143.54,58.36,7.16,3.26,421.4,106061
2026-03-04 05:30:00,-2.77,2.03,6.21,143.72,61.06,7.09,3.35,418.8,121775
2026-03-04 05:31:00,-2.29,1.44,6.58,147.86,67.65,7.12,3.31,423.8,114218
2026-03-04 05:32:00,-3.31,2.06,5.93,148.20,56.67,7.10,3.20,420.3,109781
2026-03-04 05:33:00,-2.67,1.92,6.31,144.23,62.45,7.12,3.17,420.2,110161
2026-03-04 05:34:00,-2.38,3.06,5.80,127.88,56.21,6.97,3.15,423.2,111760
2026-03-04 05:35:00,-3.57,2.62,5.63,143.68,51.83,7.17,3.12,418.6,113712
2026-03-04 05:36:00,-3.72,1.87,5.87,153.31,54.62,7.20,3.32,414.4,110303
2026-03-04 05:37:00,-3.79,1.06,6.15,164.30,57.40,7.30,3.58,416.7,105853
2026-03-04 05:38:00,-3.38,2.74,5.48,140.97,51.55,7.00,3.44,416.7,108400
2026-03-04 05:39:00,-3.60,4.76,4.09,127.09,34.43,7.23,3.10,414.7,113351
2026-03-04 05:40:00,-3.59,4.77,3.83,126.94,32.67,7.09,3.03,414.3,123536
2026-03-04 05:41:00,-4.34,2.29,4.62,152.21,43.29,6.74,3.05,414.1,126720
2026-03-04 05:42:00,-3.65,2.92,4.66,141.35,44.95,6.59,3.40,415.9,132288
2026-03-04 05:43:00,-3.68,2.95,4.39,141.26,42.93,6.44,3.25,414.8,140709
2026-03-04 05:44:00,-3.27,3.32,4.11,134.59,41.44,6.21,3.34,414.3,134162
2026-03-04 05:45:00,-3.51,2.79,4.11,141.49,42.54,6.08,3.04,419.5,131473
2026-03-04 05:46:00,-3.35,2.55,4.73,142.79,48.32,6.33,3.64,419.1,142571
2026-03-04 05:47:00,-4.03,2.81,3.76,145.13,37.42,6.19,3.27,416.9,149373
2026-03-04 05:48:00,-2.29,5.63,-1.22,112.15,-11.33,6.20,2.36,415.7,132263
2026-03-04 05:49:00,-0.94,5.99,-3.42,98.91,-29.43,6.96,2.05,415.4,124973
2026-03-04 05:50:00,-0.78,5.03,-4.62,98.84,-42.21,6.87,0.26,425.9,134536
2026-03-04 05:51:00,-0.44,4.28,-5.24,95.91,-50.59,6.78,0.27,424.3,171440
2026-03-04 05:52:00,-0.01,4.49,-5.12,90.11,-48.75,6.81,0.38,420.7,161210
2026-03-04 05:53:00,0.08,4.70,-4.94,89.04,-46.41,6.82,0.41,421.1,135812
2026-03-04 05:54:00,0.51,4.01,-5.26,82.77,-52.48,6.64,0.29,422.9,155875
2026-03-04 05:55:00,0.81,3.89,-4.75,78.29,-50.10,6.20,0.39,416.2,102303
2026-03-04 05:56:00,1.58,1.88,-2.63,50.01,-47.02,3.60,0.72,418.6,127194
2026-03-04 05:57:00,-3.58,1.59,3.30,156.04,40.14,5.12,1.90,431.9,173749
2026-03-04 05:58:00,-4.20,3.17,3.21,142.93,31.39,6.16,2.96,419.8,175678
2026-03-04 05:59:00,-4.02,5.09,1.10,128.31,9.67,6.58,3.04,411.3,157681
2026-03-04 06:00:00,-4.69,4.00,2.09,139.48,18.70,6.51,2.61,421.4,147210
2026-03-04 06:01:00,-5.05,3.21,2.11,147.57,19.38,6.35,3.37,410.9,168775
2026-03-04 06:02:00,-5.68,3.05,1.49,151.77,13.03,6.61,3.26,404.9,165152
2026-03-04 06:03:00,-5.44,3.64,0.81,146.21,7.09,6.60,3.20,407.6,158503
2026-03-04 06:04:00,-4.01,4.32,-1.00,132.86,-9.65,5.98,2.82,411.0,167492
2026-03-04 06:05:00,-1.85,4.39,-3.56,112.82,-36.80,5.95,2.07,424.0,156340
2026-03-04 06:06:00,-2.05,3.99,-3.80,117.16,-40.29,5.88,1.72,430.3,145664
2026-03-04 06:07:00,-2.37,5.89,-1.57,111.93,-13.89,6.54,1.58,427.3,131461
2026-03-04 06:08:00,-3.32,5.61,0.12,120.63,1.04,6.52,1.97,419.7,125501
2026-03-04 06:09:00,-2.17,5.91,-1.83,110.19,-16.21,6.56,2.12,417.8,121034
2026-03-04 06:10:00,-2.67,6.08,-1.72,113.70,-14.51,6.86,1.29,421.8,102937
2026-03-04 06:11:00,-2.96,6.11,-1.73,115.87,-14.27,7.00,1.23,415.4,103433
2026-03-04 06:12:00,-2.68,6.23,-1.50,113.33,-12.52,6.94,1.42,412.5,106271
2026-03-04 06:13:00,-3.09,6.19,-1.08,116.49,-8.84,7.00,1.68,411.7,124504
2026-03-04 06:14:00,-3.19,5.29,-0.66,121.12,-6.12,6.21,2.02,409.6,148812
2026-03-04 06:15:00,-4.47,2.42,2.36,151.59,24.94,5.60,1.22,413.5,131317
2026-03-04 06:16:00,-4.52,4.49,-0.32,135.24,-2.91,6.38,0.66,372.2,19912
2026-03-04 06:17:00,-4.98,3.65,1.92,143.74,17.25,6.47,1.35,421.3,182688
2026-03-04 06:18:00,-3.64,4.22,1.23,130.75,12.47,5.71,2.21,416.2,143512
2026-03-04 06:19:00,-3.38,4.79,0.85,125.23,8.25,5.92,2.16,421.1,129257
2026-03-04 06:20:00,-3.32,3.68,2.99,132.08,31.06,5.79,2.23,420.1,141291
2026-03-04 06:21:00,-2.69,2.98,2.06,132.14,27.13,4.51,3.05,419.0,121979
2026-03-04 06:22:00,-1.83,4.14,-3.59,113.82,-38.40,5.78,3.47,418.9,108742
2026-03-04 06:23:00,-3.03,5.00,-2.05,121.26,-19.33,6.20,1.29,441.4,127348
2026-03-04 06:24:00,-1.22,5.41,-2.34,102.69,-22.87,6.02,1.16,435.1,160667
2026-03-04 06:25:00,-0.52,4.98,-3.51,96.01,-35.02,6.12,0.80,427.0,184219
2026-03-04 06:26:00,-1.35,5.00,-3.67,105.09,-35.35,6.34,0.44,428.5,141336
2026-03-04 06:27:00,-1.68,5.48,-2.92,107.06,-26.97,6.44,0.43,434.0,113723
2026-03-04 06:28:00,-1.75,5.34,-3.13,108.11,-29.15,6.44,0.62,433.6,137911
2026-03-04 06:29:00,-2.07,4.88,-3.45,113.01,-33.08,6.32,0.55,423.1,168250
2026-03-04 06:30:00,-1.92,5.29,-3.22,109.94,-29.76,6.48,0.52,410.6,118918
2026-03-04 06:31:00,-2.27,5.12,-3.34,113.92,-30.82,6.52,2.19,435.2,103946
2026-03-04 06:32:00,-1.95,4.89,-3.69,111.79,-35.06,6.43,1.19,440.5,120251
2026-03-04 06:33:00,-2.55,3.95,-2.11,122.88,-24.15,5.15,1.15,452.5,159855
2026-03-04 06:34:00,-4.62,2.85,3.24,148.36,30.79,6.32,2.45,425.5,195833
2026-03-04 06:35:00,-3.99,2.60,2.98,146.91,32.05,5.62,2.24,402.1,109831
2026-03-04 06:36:00,-3.49,1.59,3.45,155.47,41.91,5.16,2.96,412.8,140813
2026-03-04 06:37:00,-3.69,0.21,4.60,176.71,51.21,5.90,2.86,420.0,145342
2026-03-04 06:38:00,-3.67,0.51,4.30,172.01,49.26,5.68,2.59,418.1,131003
2026-03-04 06:39:00,-3.28,0.37,3.79,173.54,48.93,5.03,2.72,419.8,156876
2026-03-04 06:40:00,-3.86,0.74,4.48,169.19,48.77,5.96,3.12,428.9,218272
2026-03-04 06:41:00,-4.88,0.53,4.67,173.77,43.58,6.78,3.51,433.2,227921
2026-03-04 06:42:00,-5.21,0.28,4.38,176.88,39.99,6.81,3.22,421.4,149007
2026-03-04 06:43:00,-5.09,0.12,4.62,178.62,42.19,6.88,2.47,408.7,97983
2026-03-04 06:44:00,-3.17,1.96,4.34,148.31,49.33,5.72,3.12,418.3,126911
2026-03-04 06:45:00,-5.46,1.00,2.51,169.57,24.38,6.09,3.54,426.4,146810
2026-03-04 06:46:00,-5.78,1.58,1.48,164.72,13.87,6.18,4.22,418.5,177918
2026-03-04 06:47:00,-5.88,2.07,0.83,160.59,7.57,6.29,2.09,385.7,70039
2026-03-04 06:48:00,-5.43,2.61,0.97,154.33,9.11,6.10,2.57,407.1,164063
2026-03-04 06:49:00,-4.39,3.41,2.00,142.13,19.81,5.91,2.76,415.6,199183
2026-03-04 06:50:00,-3.06,4.18,2.50,126.19,25.74,5.75,1.85,409.6,120539
2026-03-04 06:51:00,-2.82,4.82,2.30,120.27,22.34,6.04,2.61,418.4,138065
2026-03-04 06:52:00,-3.31,4.96,1.17,123.72,11.15,6.08,2.30,419.3,144517
2026-03-04 06:53:00,-3.04,4.80,2.03,122.32,19.63,6.03,2.29,423.1,169451
2026-03-04 06:54:00,-2.74,5.38,1.40,116.95,13.08,6.20,2.61,405.6,106810
2026-03-04 06:55:00,-3.66,4.59,2.40,128.61,22.24,6.34,2.75,391.3,52114
2026-03-04 06:56:00,-4.60,3.85,1.77,140.08,16.49,6.25,0.39,362.0,10270
2026-03-04 06:57:00,-4.78,3.42,2.67,144.39,24.40,6.46,0.49,365.3,11138
2026-03-04 06:58:00,-5.29,2.81,2.75,152.03,24.66,6.60,1.37,382.1,51601
2026-03-04 06:59:00,-4.13,0.74,4.32,169.84,45.85,6.02,3.03,411.2,131316
2026-03-04 07:00:00,-2.88,-0.97,5.46,198.66,60.84,6.25,3.43,425.8,119476
2026-03-04 07:01:00,-3.61,-0.28,5.43,184.39,56.29,6.53,3.40,426.5,122457
2026-03-04 07:02:00,-3.04,-1.08,5.52,199.49,59.67,6.40,2.49,408.1,84114
2026-03-04 07:03:00,-3.04,-0.40,5.43,187.54,60.58,6.24,3.49,432.7,155649
2026-03-04 07:04:00,-4.19,1.27,3.76,163.19,40.67,5.77,2.85,416.1,140582
2026-03-04 07:05:00,-4.02,1.22,3.45,163.10,39.38,5.43,3.11,415.1,158029
2026-03-04 07:06:00,-2.58,4.65,-0.22,119.00,-2.42,5.32,3.31,402.0,83819
2026-03-04 07:07:00,-0.99,3.91,-3.18,104.18,-38.22,5.14,3.93,432.3,112274
2026-03-04 07:08:00,0.41,3.65,-3.24,83.51,-41.47,4.90,1.57,429.8,122373
2026-03-04 07:09:00,0.84,4.93,-2.26,80.27,-24.35,5.49,2.03,421.8,89050
2026-03-04 07:10:00,1.89,4.73,-0.68,68.20,-7.63,5.14,1.81,437.3,131545
2026-03-04 07:11:00,0.27,5.53,-1.05,87.20,-10.77,5.64,1.51,461.0,185374
2026-03-04 07:12:00,-0.79,5.36,2.42,98.38,24.09,5.93,1.99,452.7,178495
2026-03-04 07:13:00,-0.51,5.78,0.97,95.00,9.48,5.89,2.03,422.6,115118
2026-03-04 07:14:00,-0.21,4.41,-4.08,92.76,-42.76,6.01,3.07,422.5,59857
2026-03-04 07:15:00,0.19,3.65,-4.59,87.02,-51.42,5.87,4.29,440.5,106609
2026-03-04 07:16:00,1.19,2.99,-4.80,68.26,-56.17,5.77,0.54,422.3,160492
2026-03-04 07:17:00,1.11,3.19,-4.74,70.75,-54.52,5.82,0.46,415.8,139241
2026-03-04 07:18:00,-0.69,4.52,-2.46,98.61,-28.22,5.19,0.15,385.0,29237
2026-03-04 07:19:00,-0.84,4.34,-3.37,100.89,-37.29,5.56,0.98,415.0,208595
2026-03-04 07:20:00,-0.73,4.58,-3.24,99.01,-34.91,5.66,1.30,435.8,146260
2026-03-04 07:21:00,-0.73,4.19,-4.20,99.84,-44.65,5.98,3.11,411.1,58532
2026-03-04 07:22:00,-0.21,2.81,-5.91,94.30,-64.53,6.54,1.08,442.6,230659
2026-03-04 07:23:00,-0.44,1.43,-6.33,107.03,-76.68,6.51,0.45,448.4,183857
2026-03-04 07:24:00,-0.02,0.96,-6.60,91.45,-81.71,6.67,0.87,440.6,136375
2026-03-04 07:25:00,-1.57,1.79,3.23,131.20,53.64,4.01,2.06,428.4,95901
2026-03-04 07:26:00,-2.88,3.30,4.87,131.11,48.05,6.54,3.57,426.9,114577
2026-03-04 07:27:00,-3.03,4.31,3.92,125.06,36.67,6.57,4.02,431.7,142691
2026-03-04 07:28:00,-3.04,4.69,3.33,122.93,30.81,6.50,3.79,433.8,145613
2026-03-04 07:29:00,-2.79,4.68,3.14,120.77,29.94,6.28,2.67,392.4,45570
2026-03-04 07:30:00,-2.81,4.55,3.28,121.71,31.56,6.27,2.99,408.8,101563
2026-03-04 07:31:00,-4.10,4.44,1.76,132.70,16.25,6.29,3.39,437.5,196893
2026-03-04 07:32:00,-4.34,3.93,2.36,137.83,21.97,6.31,2.51,413.0,110505
2026-03-04 07:33:00,-4.59,3.71,2.45,141.02,22.53,6.39,2.34,398.7,84584
2026-03-04 07:34:00,-4.35,3.13,3.43,144.28,32.60,6.36,3.34,429.7,218736
2026-03-04 07:35:00,-1.30,5.46,1.72,103.43,17.05,5.87,3.31,416.2,156027
2026-03-04 07:36:00,-1.89,5.08,2.42,110.43,24.03,5.93,2.31,434.1,131091
2026-03-04 07:37:00,-2.23,5.11,1.97,113.61,19.44,5.92,2.84,439.9,253320
2026-03-04 07:38:00,-2.55,4.17,3.57,121.42,36.13,6.05,2.62,429.8,200423
2026-03-04 07:39:00,-2.60,4.69,2.85,118.96,27.95,6.07,2.65,420.1,115489
2026-03-04 07:40:00,-3.00,5.23,1.13,119.83,10.59,6.13,2.11,421.2,126494
2026-03-04 07:41:00,-2.95,5.25,-0.28,119.33,-2.66,6.03,2.11,429.7,198651
2026-03-04 07:42:00,-4.13,4.61,-0.70,131.83,-6.47,6.23,2.08,431.6,201508
2026-03-04 07:43:00,-2.67,4.31,-3.40,121.74,-33.81,6.11,2.40,415.4,106205
2026-03-04 07:44:00,-2.33,3.99,-0.87,120.29,-10.73,4.70,2.13,421.4,76667
2026-03-04 07:45:00,-1.56,2.51,5.29,121.94,60.80,6.05,2.31,446.8,138352
2026-03-04 07:46:00,-2.31,3.75,4.06,121.57,42.68,5.99,4.14,445.4,164760
2026-03-04 07:47:00,-2.57,4.89,2.51,117.77,24.41,6.07,4.22,433.6,166012
2026-03-04 07:48:00,-3.37,4.70,2.62,125.61,24.35,6.35,2.98,423.6,147356
2026-03-04 07:49:00,-2.61,4.74,2.60,118.82,25.67,6.00,3.30,434.4,209409
2026-03-04 07:50:00,-1.62,5.11,-1.50,107.56,-15.66,5.57,2.92,428.2,147555
2026-03-04 07:51:00,-1.12,4.89,3.89,102.88,37.81,6.35,1.88,411.6,65247
2026-03-04 07:52:00,-1.57,5.34,2.88,106.43,27.39,6.27,3.07,426.7,111005
2026-03-04 07:53:00,-1.85,5.94,1.75,107.31,15.68,6.47,3.04,441.7,118541
2026-03-04 07:54:00,-2.17,6.04,1.17,109.74,10.31,6.52,3.06,436.6,149240
2026-03-04 07:55:00,-2.09,6.17,0.56,108.69,4.91,6.54,2.20,405.8,70398
2026-03-04 07:56:00,-1.65,6.28,0.49,104.71,4.33,6.52,2.10,420.5,93630
2026-03-04 07:57:00,-1.78,6.32,-0.07,105.76,-0.59,6.57,2.24,437.2,130713
2026-03-04 07:58:00,-1.83,6.32,-0.70,106.12,-6.04,6.61,2.02,431.6,120043
2026-03-04 07:59:00,-1.78,6.15,-1.50,106.12,-13.22,6.57,1.71,427.1,100061
2026-03-04 08:00:00,-1.92,5.08,-3.22,110.68,-30.67,6.31,1.05,428.7,126998
2026-03-04 08:01:00,-1.45,4.74,-3.92,106.98,-38.30,6.32,0.38,428.1,165830
2026-03-04 08:02:00,-1.20,3.28,-4.96,110.17,-54.84,6.06,0.31,411.3,102973
2026-03-04 08:03:00,-0.85,3.20,-5.10,104.81,-57.07,6.08,0.31,416.5,121529
2026-03-04 08:04:00,-0.92,3.00,-5.14,107.03,-58.62,6.03,0.30,435.9,190699
2026-03-04 08:05:00,-0.80,2.87,-5.17,105.65,-60.07,5.97,0.31,448.2,233667
2026-03-04 08:06:00,-0.92,2.84,-5.21,107.98,-60.23,6.00,0.33,418.9,103027
2026-03-04 08:07:00,-1.07,2.99,-5.18,109.70,-58.54,6.08,0.33,420.9,93376
2026-03-04 08:08:00,-0.82,2.98,-5.19,105.34,-59.20,6.04,0.49,427.0,114178
2026-03-04 08:09:00,-0.25,2.66,-5.31,95.37,-63.29,5.94,0.34,441.1,115095
2026-03-04 08:10:00,-0.79,2.96,-5.14,104.87,-59.21,5.99,0.27,415.4,90828
2026-03-04 08:11:00,-0.91,2.75,-5.29,108.35,-61.34,6.03,0.26,419.9,162908
2026-03-04 08:12:00,-1.08,2.15,-5.13,116.73,-64.87,5.67,0.79,433.8,121792
2026-03-04 08:13:00,-1.01,2.29,-5.58,113.87,-65.80,6.11,1.49,442.4,92681
2026-03-04 08:14:00,-1.53,2.74,-5.47,119.18,-60.19,6.31,0.89,422.9,74543
2026-03-04 08:15:00,-1.16,2.72,-5.42,113.05,-61.41,6.18,0.28,429.8,124297
2026-03-04 08:16:00,-0.83,3.40,-4.98,103.78,-54.90,6.09,0.34,436.1,144528
2026-03-04 08:17:00,-0.48,3.59,-4.64,97.59,-52.05,5.88,1.03,422.9,89854
2026-03-04 08:18:00,-0.42,1.95,-5.62,102.23,-70.46,5.96,1.76,434.1,84104
2026-03-04 08:19:00,-0.75,2.36,-5.36,107.73,-65.18,5.90,1.00,436.5,106204
2026-03-04 08:20:00,-1.13,2.56,-5.33,113.83,-62.26,6.03,0.58,424.9,108010
2026-03-04 08:21:00,-1.06,1.79,-5.72,120.59,-70.07,6.09,1.29,435.6,96712
2026-03-04 08:22:00,-1.21,2.66,-5.11,114.41,-60.22,5.89,2.99,409.6,49688
2026-03-04 08:23:00,-0.80,4.62,-2.71,99.84,-30.06,5.41,0.49,438.0,207782
2026-03-04 08:24:00,-0.88,5.89,0.90,98.48,8.62,6.03,3.00,439.1,109161
2026-03-04 08:25:00,-1.82,6.01,0.00,106.83,0.02,6.27,2.48,425.6,61181
2026-03-04 08:26:00,-1.65,5.92,-0.75,105.60,-6.91,6.19,1.99,427.3,101742
2026-03-04 08:27:00,-1.25,5.73,-1.75,102.31,-16.65,6.12,1.85,437.3,135445
2026-03-04 08:28:00,-1.45,4.99,-2.97,106.20,-29.79,5.98,1.32,435.5,124545
2026-03-04 08:29:00,-1.31,4.88,-3.27,105.07,-32.91,6.02,2.26,419.3,65496
2026-03-04 08:30:00,-1.92,5.32,-2.31,109.85,-22.19,6.11,2.48,432.5,92718
2026-03-04 08:31:00,-1.15,5.32,-2.01,102.24,-20.29,5.80,1.65,447.0,120872
2026-03-04 08:32:00,-0.14,5.55,-1.48,91.40,-14.90,5.75,1.30,443.7,107902
2026-03-04 08:33:00,-1.25,4.61,-3.38,105.16,-35.32,5.85,1.48,435.3,94807
2026-03-04 08:34:00,-1.11,4.91,-2.96,102.77,-30.41,5.84,1.49,427.3,78535
2026-03-04 08:35:00,-0.17,5.22,-2.28,91.85,-23.57,5.70,1.11,456.6,175902
2026-03-04 08:36:00,-1.25,5.19,-2.40,103.57,-24.18,5.85,1.15,450.1,157958
2026-03-04 08:37:00,-0.20,5.41,-1.90,92.11,-19.37,5.74,1.34,424.7,84876
2026-03-04 08:38:00,0.70,5.51,-1.03,82.77,-10.52,5.65,1.45,451.6,137496
2026-03-04 08:39:00,1.00,5.60,-0.21,79.84,-2.11,5.70,1.16,451.6,151716
2026-03-04 08:40:00,1.06,5.59,0.38,79.25,3.81,5.70,1.93,444.9,101975
2026-03-04 08:41:00,1.19,5.60,0.82,78.01,8.11,5.78,1.93,431.7,85133
2026-03-04 08:42:00,1.87,5.22,1.01,70.27,10.29,5.64,2.41,456.5,118078
2026-03-04 08:43:00,1.80,5.27,1.24,71.16,12.54,5.70,2.42,458.2,105405
2026-03-04 08:44:00,1.43,5.44,1.26,75.23,12.66,5.76,2.50,451.0,100308
2026-03-04 08:45:00,1.77,5.13,1.59,70.98,16.30,5.66,2.44,459.2,112612
2026-03-04 08:46:00,1.12,5.22,1.69,77.92,17.58,5.60,2.66,457.4,105955
2026-03-04 08:47:00,1.82,4.52,2.29,68.05,25.16,5.38,2.83,454.5,101892
2026-03-04 08:48:00,-0.61,5.01,-0.93,96.91,-10.48,5.13,1.91,445.9,114612
2026-03-04 08:49:00,-1.83,5.04,-2.51,109.98,-25.08,5.92,1.15,435.1,124352
2026-03-04 08:50:00,-1.72,4.92,-2.71,109.33,-27.48,5.87,1.84,442.6,121748
2026-03-04 08:51:00,-1.51,5.30,-1.95,105.92,-19.46,5.85,1.82,440.4,105505
2026-03-04 08:52:00,-0.52,5.47,-0.49,95.40,-5.12,5.52,1.11,417.7,83121
2026-03-04 08:53:00,0.00,5.16,1.02,90.00,11.14,5.26,2.58,444.4,112946
2026-03-04 08:54:00,-1.41,4.63,-2.86,106.92,-30.58,5.62,2.60,453.7,149425
2026-03-04 08:55:00,-2.12,4.59,-3.24,114.75,-32.63,6.00,2.05,448.2,96876
2026-03-04 08:56:00,-1.96,4.47,-3.58,113.70,-36.23,6.05,0.43,429.0,128508
2026-03-04 08:57:00,-2.40,3.76,-3.77,122.51,-40.23,5.84,1.60,448.6,144696
2026-03-04 08:58:00,-2.39,2.17,-4.82,137.83,-56.20,5.81,1.41,447.7,157117
2026-03-04 08:59:00,-2.73,1.79,-4.94,146.72,-56.55,5.92,1.11,428.1,86380
2026-03-04 09:00:00,-1.84,3.10,-3.04,120.73,-40.15,4.72,1.61,426.1,131102
2026-03-04 09:01:00,-1.86,2.57,-3.67,125.92,-49.11,4.86,1.76,439.3,164222
2026-03-04 09:02:00,-4.08,2.19,-1.66,151.73,-19.72,4.92,2.24,442.2,241119
2026-03-04 09:03:00,-3.49,3.63,-2.62,133.90,-27.44,5.68,2.10,421.2,167572
2026-03-04 09:04:00,-3.28,3.40,-2.48,134.00,-27.69,5.33,1.68,413.6,98067
2026-03-04 09:05:00,-2.87,2.36,-4.39,140.61,-49.76,5.76,1.66,434.2,156358
2026-03-04 09:06:00,-3.38,2.72,-3.39,141.19,-37.98,5.51,1.56,444.3,173833
2026-03-04 09:07:00,-3.23,3.96,-2.41,129.21,-25.24,5.65,1.69,436.0,212778
2026-03-04 09:08:00,-1.64,3.58,-2.30,114.59,-30.26,4.56,1.29,431.7,116633
2026-03-04 09:09:00,-3.71,1.82,-3.82,153.87,-42.75,5.63,1.30,433.7,128619
2026-03-04 09:10:00,-4.10,2.23,-3.83,151.51,-39.39,6.04,1.32,447.3,213778
2026-03-04 09:11:00,0.15,0.43,4.65,70.04,84.44,4.67,1.21,422.1,107536
2026-03-04 09:12:00,0.98,-0.09,5.80,354.91,80.43,5.89,4.03,448.2,92167
2026-03-04 09:13:00,0.51,0.07,5.77,8.01,84.86,5.79,4.41,459.3,121327
2026-03-04 09:14:00,0.33,1.07,5.76,72.97,78.99,5.87,4.05,449.5,112798
2026-03-04 09:15:00,0.54,1.21,5.50,66.10,76.50,5.66,3.93,423.7,64238
2026-03-04 09:16:00,0.27,1.11,5.82,76.51,78.94,5.93,4.14,435.4,86394
2026-03-04 09:17:00,1.78,0.84,5.38,25.27,69.90,5.73,4.30,452.3,108985
2026-03-04 09:18:00,1.69,0.61,5.37,19.99,71.48,5.66,4.08,447.6,90173
2026-03-04 09:19:00,1.08,2.37,5.22,65.54,63.53,5.83,4.03,442.1,78580
2026-03-04 09:20:00,-0.98,2.20,5.56,114.09,66.62,6.06,4.04,437.0,87815
2026-03-04 09:21:00,-1.39,2.12,5.48,123.26,65.13,6.04,5.24,435.5,77217
2026-03-04 09:22:00,-1.93,2.12,5.42,132.33,62.13,6.13,6.27,431.3,49586
2026-03-04 09:23:00,-2.36,2.08,5.32,138.66,59.39,6.18,3.72,406.9,63811
2026-03-04 09:24:00,-3.42,1.29,3.44,159.43,43.28,5.02,3.17,425.2,123142
2026-03-04 09:25:00,-5.08,-1.35,-3.13,194.84,-30.78,6.11,1.87,419.0,141067
2026-03-04 09:26:00,-5.17,-1.59,-3.02,197.09,-29.20,6.19,2.10,417.4,149105
2026-03-04 09:27:00,-4.64,-1.74,-3.44,200.52,-34.79,6.04,1.77,406.1,107508
2026-03-04 09:28:00,-5.09,-1.11,-3.25,192.33,-31.90,6.14,1.64,417.2,138478
2026-03-04 09:29:00,-4.99,-1.67,-3.16,198.46,-31.02,6.14,1.96,416.3,129779
2026-03-04 09:30:00,-4.89,-1.89,-3.05,201.11,-30.21,6.06,1.44,397.7,75853
2026-03-04 09:31:00,-4.54,-2.06,-3.32,204.44,-33.63,5.99,1.83,422.2,144335
2026-03-04 09:32:00,-4.36,-2.20,-3.46,206.77,-35.32,5.98,1.77,417.8,114708
2026-03-04 09:33:00,-4.59,-2.26,-3.08,206.24,-31.06,5.97,1.92,416.8,116946
2026-03-04 09:34:00,-4.06,-2.72,-3.17,213.85,-32.91,5.83,1.52,402.9,74503
2026-03-04 09:35:00,-3.33,-3.31,-3.16,224.79,-33.98,5.66,1.92,415.8,103341
2026-03-04 09:36:00,-3.83,-3.24,-2.36,220.17,-25.16,5.54,2.51,428.6,141392
2026-03-04 09:37:00,-4.58,-2.75,-2.15,210.96,-21.88,5.76,2.06,409.7,91600
2026-03-04 09:38:00,-5.77,0.22,-0.93,177.83,-9.12,5.84,1.96,403.9,97302
2026-03-04 09:39:00,-5.55,0.00,-1.19,180.05,-12.09,5.68,2.60,412.3,174500
2026-03-04 09:40:00,-5.01,0.57,-0.63,173.52,-7.08,5.08,2.14,405.0,173545
2026-03-04 09:41:00,-4.76,2.56,0.58,151.71,6.09,5.44,1.54,399.9,114927
2026-03-04 09:42:00,-4.09,2.81,2.18,145.50,23.71,5.42,1.50,398.8,110221
2026-03-04 09:43:00,-2.38,4.36,2.20,118.65,23.86,5.43,0.86,378.3,20809
2026-03-04 09:44:00,-2.85,4.15,2.43,124.54,25.82,5.59,2.57,420.2,126578
2026-03-04 09:45:00,-2.82,3.87,2.65,126.05,28.97,5.47,2.46,411.1,103574
2026-03-04 09:46:00,-3.12,3.96,2.33,128.25,24.81,5.55,2.85,421.1,131035
2026-03-04 09:47:00,-3.56,3.73,2.06,133.67,21.80,5.56,3.28,425.7,161468
2026-03-04 09:48:00,-3.23,4.02,2.33,128.81,24.32,5.66,3.02,421.1,126225
2026-03-04 09:49:00,-4.93,0.83,1.30,170.45,14.59,5.17,2.36,401.1,71265
2026-03-04 09:50:00,-6.07,-0.77,1.19,187.27,11.04,6.24,2.98,403.6,121803
2026-03-04 09:51:00,-6.10,0.06,1.49,179.44,13.73,6.28,3.50,409.6,151525
2026-03-04 09:52:00,-6.11,-0.12,1.74,181.14,15.92,6.35,3.29,405.0,123340
2026-03-04 09:53:00,-6.08,0.26,1.99,177.54,18.14,6.41,3.18,404.1,115538
2026-03-04 09:54:00,-5.26,2.17,2.01,157.55,19.48,6.03,3.17,406.7,119804
2026-03-04 09:55:00,-5.40,2.15,1.82,158.30,17.41,6.09,3.26,409.1,130159
2026-03-04 09:56:00,-5.49,1.96,2.05,160.30,19.40,6.18,3.39,413.4,153155
2026-03-04 09:57:00,-5.42,1.21,2.72,167.36,26.07,6.18,3.00,404.1,130582
2026-03-04 09:58:00,-5.30,1.03,3.15,169.03,30.24,6.25,3.49,416.1,182741
2026-03-04 09:59:00,-4.69,1.32,3.80,164.25,37.91,6.18,5.65,418.7,82568
2026-03-04 10:00:00,-4.70,1.20,3.78,165.64,37.93,6.15,3.19,413.3,112861
2026-03-04 10:01:00,-4.68,1.39,3.91,163.43,38.68,6.26,2.87,405.8,87211
2026-03-04 10:02:00,-4.93,2.36,2.74,154.46,26.59,6.11,4.46,417.0,138987
2026-03-04 10:03:00,-4.78,2.35,2.77,153.81,27.46,6.01,3.01,406.4,102133
2026-03-04 10:04:00,-4.04,1.31,4.05,162.08,43.66,5.87,2.78,395.6,65949
2026-03-04 10:05:00,-4.18,0.84,4.26,168.67,44.93,6.03,5.69,413.9,80969
2026-03-04 10:06:00,-4.10,-1.09,4.12,194.93,44.20,5.92,4.91,420.8,112227
2026-03-04 10:07:00,-2.41,2.64,0.73,132.38,11.58,3.65,2.96,411.9,133299
2026-03-04 10:08:00,-0.56,5.19,0.06,96.17,0.65,5.22,1.94,407.8,102388
2026-03-04 10:09:00,-2.97,3.15,2.97,133.29,34.49,5.25,0.88,399.4,41530
2026-03-04 10:10:00,-3.53,3.57,2.57,134.62,27.09,5.64,1.57,393.0,52264
2026-03-04 10:11:00,-2.21,3.98,1.26,118.98,15.42,4.73,3.07,417.8,124031
2026-03-04 10:12:00,-1.35,4.89,-1.95,105.48,-21.06,5.44,1.45,434.4,123485
2026-03-04 10:13:00,-0.71,4.45,-3.22,99.05,-35.56,5.54,2.26,449.7,113907
2026-03-04 10:14:00,-1.30,4.55,-2.19,105.89,-24.82,5.22,2.69,,
2026-03-04 10:15:00,-1.51,4.86,-1.83,107.29,-19.80,5.41,2.69,449.4,130150
2026-03-04 10:16:00,-1.65,4.85,-2.05,108.76,-21.78,5.52,1.15,438.5,107458
2026-03-04 10:17:00,-0.80,4.86,-2.28,99.35,-24.88,5.43,1.19,448.7,140839
2026-03-04 10:18:00,-0.06,4.59,-1.91,90.75,-22.58,4.97,1.12,449.0,178248
2026-03-04 10:19:00,0.44,5.26,-1.16,85.17,-12.43,5.41,1.17,442.9,114647
2026-03-04 10:20:00,-0.63,5.33,-0.35,96.71,-3.78,5.38,1.26,453.9,146199
2026-03-04 10:21:00,-2.24,4.79,-0.69,115.10,-7.48,5.33,1.52,442.1,120048
2026-03-04 10:22:00,-4.84,3.16,-1.26,146.88,-12.26,5.92,1.73,427.3,114560
2026-03-04 10:23:00,-4.76,3.32,-0.77,145.13,-7.55,5.85,1.76,420.9,144822
2026-03-04 10:24:00,-3.64,4.07,-1.73,131.82,-17.54,5.73,1.66,430.4,182256
2026-03-04 10:25:00,-3.37,4.40,-2.03,127.46,-20.09,5.91,1.48,443.0,191905
2026-03-04 10:26:00,-4.26,3.76,-0.97,138.52,-9.69,5.77,1.24,431.0,141394
2026-03-04 10:27:00,-5.40,2.73,0.13,153.20,1.27,6.05,1.13,410.9,110523
2026-03-04 10:28:00,-5.16,3.25,-0.50,147.77,-4.70,6.12,1.59,413.7,170527
2026-03-04 10:29:00,-5.49,2.47,0.03,155.82,0.32,6.02,1.72,416.8,191063
2026-03-04 10:30:00,-5.46,2.18,1.23,158.27,11.80,6.00,1.93,400.4,128835
2026-03-04 10:31:00,-5.40,2.12,2.12,158.57,20.04,6.18,1.20,384.8,70388
2026-03-04 10:32:00,-5.08,2.77,2.11,151.40,19.99,6.16,2.68,404.5,101548
2026-03-04 10:33:00,-5.49,1.55,2.45,164.24,23.20,6.21,3.08,405.5,109022
2026-03-04 10:34:00,-5.76,0.84,2.32,171.65,21.71,6.26,2.71,401.0,94215
2026-03-04 10:35:00,-4.93,1.45,3.25,163.63,32.30,6.08,2.97,403.1,94355
2026-03-04 10:36:00,-4.70,1.08,2.77,167.02,29.86,5.56,5.99,419.5,87917
2026-03-04 10:37:00,-5.03,3.45,-0.55,145.57,-5.17,6.12,4.85,420.6,112821
2026-03-04 10:38:00,-4.69,4.15,-0.68,138.45,-6.24,6.30,2.13,404.9,99632
2026-03-04 10:39:00,-4.76,4.05,-0.53,139.61,-4.88,6.27,1.20,402.3,110060
2026-03-04 10:40:00,-4.76,3.92,-1.07,140.50,-9.88,6.26,1.41,414.5,167153
2026-03-04 10:41:00,-4.69,4.15,-0.49,138.47,-4.48,6.28,1.49,420.6,192183
2026-03-04 10:42:00,-4.44,4.48,0.48,134.72,4.39,6.33,1.32,406.8,132633
2026-03-04 10:43:00,-4.18,4.13,-1.51,135.32,-14.38,6.06,1.01,389.1,79735
2026-03-04 10:44:00,-5.29,3.17,-0.49,149.08,-4.51,6.19,1.21,413.0,199960
2026-03-04 10:45:00,-4.98,3.31,-1.73,146.40,-16.11,6.22,2.78,417.0,172435
2026-03-04 10:46:00,-4.81,2.86,-2.96,149.22,-27.86,6.33,1.04,399.2,100618
2026-03-04 10:48:00,-5.53,3.41,-1.12,148.34,-9.80,6.59,1.41,413.2,168836
2026-03-04 10:49:00,-5.94,2.83,-0.69,154.54,-6.00,6.62,1.60,405.6,153443
2026-03-04 10:50:00,-6.19,2.20,-0.95,160.45,-8.23,6.64,1.28,390.0,89756
2026-03-04 10:51:00,-6.07,2.13,-1.62,160.68,-14.10,6.63,1.43,417.3,235632
2026-03-04 10:52:00,-5.85,2.47,-1.08,157.10,-9.64,6.44,1.13,391.7,97791
2026-03-04 10:53:00,-5.96,2.27,-0.67,159.12,-6.02,6.41,1.13,384.4,46838
2026-03-04 10:54:00,-6.02,1.90,-1.12,162.53,-10.07,6.41,1.38,394.6,110172
2026-03-04 10:55:00,-5.90,1.50,-1.75,165.71,-16.00,6.34,1.45,402.5,167469
2026-03-04 10:56:00,-6.08,1.40,-1.36,167.05,-12.28,6.39,1.28,394.3,119336
2026-03-04 10:57:00,-6.02,2.19,-0.70,160.05,-6.26,6.45,1.10,384.3,64628
2026-03-04 10:58:00,-6.15,1.68,-0.80,164.74,-7.16,6.42,0.95,383.8,79183
2026-03-04 10:59:00,-5.43,2.67,2.24,153.85,20.31,6.45,1.25,378.8,36324
2026-03-04 11:00:00,-4.83,2.93,3.18,148.79,29.37,6.49,2.79,402.4,93353
2026-03-04 11:01:00,-4.82,2.89,3.14,149.10,29.18,6.44,2.79,402.0,90285
2026-03-04 11:02:00,-4.65,2.59,3.59,150.91,34.03,6.42,3.40,415.0,114793
2026-03-04 11:03:00,-4.45,2.23,4.02,153.41,38.90,6.40,3.45,406.8,93863
2026-03-04 11:04:00,-4.39,2.20,4.09,153.34,39.79,6.39,3.20,409.3,87964
2026-03-04 11:05:00,-4.12,2.50,4.18,148.75,40.94,6.38,1.87,388.4,41563
2026-03-04 11:06:00,-3.94,2.47,4.26,147.95,42.54,6.31,3.37,411.0,112787
2026-03-04 11:07:00,-4.21,2.13,4.27,153.17,42.14,6.36,3.98,417.2,119126
2026-03-04 11:08:00,-4.12,1.96,4.65,154.58,45.54,6.51,3.35,409.4,92991
2026-03-04 11:09:00,-4.11,1.99,4.50,154.20,44.60,6.41,2.58,397.3,65161
2026-03-04 11:10:00,-4.24,2.67,3.98,147.80,38.50,6.40,3.41,407.6,98513
2026-03-04 11:11:00,-4.32,2.24,4.28,152.54,41.36,6.48,3.46,410.8,105115
2026-03-04 11:12:00,-4.15,2.12,4.53,152.98,44.23,6.50,2.41,398.5,71558
2026-03-04 11:13:00,-4.34,2.26,4.29,152.54,41.27,6.51,3.10,400.6,86528
2026-03-04 11:14:00,-4.34,2.05,4.31,154.69,41.92,6.46,5.45,416.3,108296
2026-03-04 11:15:00,-4.86,1.98,3.90,157.81,36.67,6.54,5.72,414.5,63654
2026-03-04 11:16:00,-5.00,1.83,3.78,159.95,35.38,6.53,3.63,394.9,71547
2026-03-04 11:17:00,-4.88,2.11,3.67,156.59,34.65,6.46,6.06,382.1,33331
2026-03-04 11:18:00,-5.17,1.80,3.47,160.80,32.34,6.48,3.50,418.2,134134
2026-03-04 11:19:00,-5.14,1.19,3.75,166.95,35.41,6.47,3.65,408.9,116315
2026-03-04 11:20:00,-5.49,1.31,3.56,166.57,32.21,6.68,3.65,,
2026-03-04 11:21:00,-5.09,3.04,2.62,149.14,23.81,6.48,2.09,383.3,44439
2026-03-04 11:22:00,-4.54,4.49,0.95,135.34,8.48,6.45,2.94,412.2,124004
2026-03-04 11:23:00,-3.56,5.32,0.17,123.82,1.50,6.41,2.17,411.9,101831
2026-03-04 11:24:00,-2.70,5.63,0.98,115.61,8.88,6.32,1.87,413.2,91878
2026-03-04 11:25:00,-2.87,5.45,1.50,117.77,13.72,6.34,1.97,421.4,102074
2026-03-04 11:26:00,-3.86,5.09,1.24,127.16,10.95,6.50,2.32,422.8,116330
2026-03-04 11:27:00,-2.48,5.61,1.29,113.88,11.92,6.27,2.49,421.6,104489
2026-03-04 11:28:00,-2.67,5.23,1.99,117.07,18.74,6.20,2.69,427.2,126290
2026-03-04 11:29:00,-0.94,5.06,3.09,100.58,30.98,6.00,2.73,431.3,143491
2026-03-04 11:30:00,-1.87,4.91,3.19,110.82,31.24,6.15,2.75,429.1,95919
2026-03-04 11:31:00,-2.58,4.77,3.05,118.35,29.33,6.22,3.51,427.4,92695
2026-03-04 11:32:00,-2.60,4.96,3.23,117.63,30.00,6.46,3.16,417.6,82562
2026-03-04 11:33:00,-2.71,5.43,2.00,116.51,18.28,6.39,3.24,426.9,106190
2026-03-04 11:34:00,-2.07,5.64,1.56,110.13,14.54,6.20,3.13,429.4,94343
2026-03-04 11:35:00,-2.65,5.63,1.00,115.24,9.15,6.30,2.05,413.0,57039
2026-03-04 11:36:00,-2.31,5.74,-0.02,111.91,-0.22,6.19,1.94,414.1,87905
2026-03-04 11:37:00,-4.44,2.83,1.98,147.47,20.64,5.63,1.79,428.6,101432
2026-03-04 11:38:00,-5.62,1.23,3.27,167.68,29.66,6.61,2.91,404.4,99922
2026-03-04 11:39:00,-5.71,1.47,3.12,165.53,27.92,6.67,2.84,394.7,96503
2026-03-04 11:40:00,-5.75,0.31,3.11,176.87,28.36,6.55,3.36,396.3,108621
2026-03-04 11:41:00,-5.13,0.35,3.93,176.14,37.40,6.48,4.24,405.5,87300
2026-03-04 11:42:00,-4.84,-0.90,4.30,190.53,41.12,6.54,3.23,401.7,75559
2026-03-04 11:43:00,-4.80,-0.14,4.47,181.68,42.97,6.56,2.51,397.6,84038
2026-03-04 11:44:00,-4.28,0.12,4.87,178.33,48.72,6.49,2.81,407.2,115529
2026-03-04 11:45:00,-4.96,0.36,4.27,175.85,40.64,6.55,2.99,412.3,127857
2026-03-04 11:46:00,-5.65,0.02,3.41,179.78,31.07,6.60,3.41,400.0,89826
2026-03-04 11:47:00,-5.65,-1.42,2.74,194.08,25.17,6.44,3.74,392.9,75067
2026-03-04 11:48:00,-5.71,-1.11,2.82,191.02,25.88,6.47,3.63,403.0,79602
2026-03-04 11:49:00,-5.32,0.18,3.81,178.10,35.60,6.55,5.53,407.2,64981
2026-03-04 11:50:00,-5.93,-0.99,2.74,189.47,24.52,6.60,2.99,397.0,111962
2026-03-04 11:51:00,-5.77,0.54,3.04,174.61,27.66,6.54,2.18,384.5,73045
2026-03-04 11:52:00,-4.94,1.32,3.98,165.02,37.93,6.48,3.19,394.8,90603
2026-03-04 11:53:00,-4.88,2.09,3.96,156.77,36.71,6.62,3.21,395.0,90901
2026-03-04 11:54:00,-5.12,3.26,2.73,147.47,24.20,6.66,2.39,385.4,54120
2026-03-04 11:55:00,-3.82,1.46,5.08,159.12,51.17,6.52,4.81,407.2,75551
2026-03-04 11:56:00,-4.09,2.00,4.64,153.90,45.54,6.50,3.85,408.0,74255
2026-03-04 11:57:00,-4.20,3.01,3.89,144.43,36.97,6.47,3.72,409.5,102464
2026-03-04 11:58:00,-4.77,4.24,0.99,138.38,8.82,6.45,2.93,395.6,65898
2026-03-04 11:59:00,-3.61,4.87,0.64,126.52,6.01,6.10,2.19,400.7,61824
2026-03-04 12:00:00,-3.25,5.19,1.54,122.06,14.12,6.32,2.41,419.0,107130
2026-03-04 12:01:00,-3.54,4.80,2.17,126.43,19.97,6.35,2.46,416.3,103873
2026-03-04 12:02:00,-4.07,4.30,2.05,133.41,19.09,6.27,2.43,409.3,87327
2026-03-04 12:03:00,-3.90,4.46,1.85,131.21,17.38,6.21,2.80,415.7,113174
2026-03-04 12:04:00,-3.26,5.15,0.80,122.33,7.51,6.15,1.95,414.9,92872
2026-03-04 12:05:00,-3.87,4.42,0.82,131.21,7.99,5.93,1.75,414.8,89462
2026-03-04 12:06:00,-4.79,2.55,2.39,152.02,23.76,5.93,1.33,380.5,36535
2026-03-04 12:07:00,-3.66,1.70,4.18,155.11,46.03,5.80,4.89,421.5,92122
2026-03-04 12:08:00,-3.90,1.38,4.86,160.55,49.65,6.38,2.56,412.3,84791
2026-03-04 12:09:00,-2.87,4.43,1.04,122.91,11.18,5.38,2.73,406.7,91994
2026-03-04 12:10:00,-2.37,5.13,-1.45,114.81,-14.40,5.83,2.06,412.9,58091
2026-03-04 12:11:00,-2.03,5.02,-2.48,111.96,-24.62,5.96,1.35,440.9,121763
2026-03-04 12:12:00,-1.50,5.09,-0.89,106.38,-9.53,5.38,0.52,427.1,99156
2026-03-04 12:13:00,-1.39,5.77,1.31,103.58,12.43,6.08,1.79,417.2,59505
2026-03-04 12:14:00,-1.49,5.63,1.21,104.84,11.72,5.95,2.64,431.7,105643
2026-03-04 12:15:00,-2.25,5.61,0.89,111.82,8.41,6.11,2.14,430.9,111461
2026-03-04 12:16:00,-2.61,5.36,-0.01,115.99,-0.05,5.96,1.37,426.2,79517
2026-03-04 12:17:00,-2.96,5.32,0.67,119.03,6.28,6.13,0.96,422.3,70830
2026-03-04 12:18:00,-3.03,4.22,2.88,125.73,29.01,5.94,1.35,408.2,69199
2026-03-04 12:19:00,-2.56,0.84,5.07,161.90,62.05,5.74,2.65,419.2,101986
2026-03-04 12:20:00,-2.47,2.48,4.52,134.85,52.26,5.72,3.31,419.9,91139
2026-03-04 12:21:00,-2.81,4.31,3.27,123.07,32.40,6.10,3.63,404.9,68530
2026-03-04 12:22:00,-2.70,4.25,3.56,122.44,35.31,6.17,4.21,431.1,133932
2026-03-04 12:23:00,-3.28,4.44,2.78,126.43,26.75,6.18,4.09,423.5,116478
2026-03-04 12:24:00,-4.87,3.16,2.77,147.02,25.50,6.43,1.93,408.6,74308
2026-03-04 12:25:00,-4.85,4.20,1.02,139.12,8.99,6.50,2.00,392.6,70916
2026-03-04 12:26:00,-3.62,5.01,1.13,125.85,10.37,6.28,2.01,391.2,70673
2026-03-04 12:27:00,-2.49,5.45,-0.71,114.52,-6.73,6.03,1.61,397.5,74803
2026-03-04 12:28:00,-1.78,5.77,-0.70,107.14,-6.64,6.08,1.16,415.8,88221
2026-03-04 12:29:00,-2.24,5.54,-1.38,112.00,-13.02,6.13,1.06,434.1,128558
2026-03-04 12:30:00,-2.67,5.23,-0.83,117.05,-8.02,5.93,0.87,440.8,125725
2026-03-04 12:31:00,-2.09,5.69,0.78,110.16,7.34,6.11,1.21,423.7,87628
2026-03-04 12:32:00,-1.90,5.69,0.05,108.48,0.44,6.00,1.45,404.0,55672
2026-03-04 12:33:00,-0.95,5.21,0.48,100.33,5.21,5.31,1.43,414.0,71382
2026-03-04 12:34:00,-0.08,5.30,0.08,90.86,0.82,5.30,2.31,448.1,115858
2026-03-04 12:35:00,-1.85,-1.36,2.97,216.22,52.28,3.76,3.31,473.2,111408
2026-03-04 12:36:00,-2.38,1.23,5.31,152.68,63.25,5.94,3.88,422.3,53066
2026-03-04 12:37:00,-2.60,2.56,4.59,135.49,51.52,5.87,3.86,422.3,59827
2026-03-04 12:38:00,-2.59,3.73,3.91,124.77,40.75,6.00,3.72,421.9,111021
2026-03-04 12:40:00,0.65,4.47,2.77,81.76,31.55,5.30,3.11,448.9,76097
2026-03-04 12:41:00,-1.00,5.02,2.80,101.33,28.65,5.83,2.82,431.1,82421
2026-03-04 12:42:00,0.42,5.33,2.09,85.54,21.36,5.74,3.49,435.1,76685
2026-03-04 12:43:00,-0.27,4.92,2.75,93.11,29.20,5.64,3.20,438.6,67338
2026-03-04 12:44:00,0.07,4.99,2.55,89.25,27.04,5.60,3.04,437.6,83752
2026-03-04 12:45:00,0.81,4.69,2.74,80.25,29.94,5.50,3.23,443.7,79041
2026-03-04 12:46:00,1.42,4.95,1.21,73.94,13.22,5.29,2.57,449.1,67833
2026-03-04 12:47:00,1.17,5.14,0.74,77.24,7.95,5.33,2.08,448.3,70019
2026-03-04 12:48:00,0.86,5.12,-1.39,80.49,-14.97,5.37,1.57,446.0,75448
2026-03-04 12:49:00,1.22,3.88,-1.95,72.55,-25.64,4.52,0.81,437.4,78815
2026-03-04 12:50:00,0.21,4.95,1.96,87.58,21.57,5.32,1.40,428.8,85695
2026-03-04 12:51:00,-1.73,4.13,2.58,112.73,30.00,5.17,2.95,432.7,91515
2026-03-04 12:52:00,-4.11,2.36,3.53,150.12,36.66,5.91,3.12,413.0,95707
2026-03-04 12:53:00,-3.91,1.67,4.24,156.87,44.90,6.00,2.96,403.0,92300
2026-03-04 12:54:00,-4.32,1.31,3.74,163.11,39.66,5.87,1.83,416.0,88794
2026-03-04 12:55:00,-3.91,3.88,2.41,135.23,23.62,6.01,2.96,409.2,107112
2026-03-04 12:56:00,-4.84,1.51,3.55,162.65,34.96,6.19,2.50,405.8,88452
2026-03-04 12:57:00,-5.02,1.81,3.37,160.17,32.29,6.31,3.09,402.5,87077
2026-03-04 13:00:00,-1.17,4.34,2.88,105.06,32.68,5.34,3.74,437.8,87912
2026-03-04 13:01:00,0.24,3.90,3.86,86.51,44.65,5.49,3.16,444.9,70740
2026-03-04 13:02:00,-0.47,3.38,4.59,97.87,53.35,5.72,2.75,445.4,62462
2026-03-04 13:03:00,-1.65,4.35,3.69,110.80,38.41,5.94,3.11,433.6,68117
2026-03-04 13:04:00,-1.95,3.37,3.90,120.04,45.06,5.51,3.06,427.5,66896
2026-03-04 13:05:00,-2.80,0.96,5.25,161.09,60.61,6.02,2.54,426.0,66228
2026-03-04 13:06:00,-2.70,0.68,5.49,165.76,63.12,6.16,2.64,417.9,80596
2026-03-04 13:07:00,-2.34,2.13,5.37,137.67,59.46,6.23,2.79,418.4,85715
2026-03-04 13:08:00,-0.98,1.86,5.63,117.88,69.50,6.01,2.69,422.5,73716
2026-03-04 13:09:00,-1.19,2.67,5.27,114.05,60.97,6.03,2.41,431.9,66215
2026-03-04 13:10:00,-1.07,2.66,5.32,111.94,61.68,6.04,2.69,423.3,77264
2026-03-04 13:11:00,-1.17,3.32,4.93,109.45,54.42,6.06,2.84,427.1,81268
2026-03-04 13:12:00,-0.22,4.38,4.05,92.91,42.76,5.97,3.66,429.6,72864
2026-03-04 13:13:00,0.60,4.13,4.23,81.71,45.39,5.95,3.32,447.5,65689
2026-03-04 13:14:00,0.49,4.49,3.88,83.77,40.67,5.95,3.56,444.4,75517
2026-03-04 13:15:00,0.11,5.10,2.86,88.80,29.29,5.85,3.41,444.0,68140
2026-03-04 13:16:00,-0.41,4.97,2.99,94.77,30.94,5.81,3.48,443.4,74775
2026-03-04 13:17:00,-1.81,5.36,2.34,108.67,22.44,6.12,3.37,429.2,76903
2026-03-04 13:18:00,-1.79,5.30,2.10,108.61,20.61,5.98,3.15,424.0,78179
2026-03-04 13:19:00,-2.42,4.96,2.68,116.04,25.88,6.13,3.29,423.1,80551
2026-03-04 13:20:00,-2.12,5.42,1.09,111.35,10.60,5.92,2.95,420.5,79938
2026-03-04 13:21:00,-3.21,4.75,1.95,124.09,18.79,6.06,2.72,419.0,81775
2026-03-04 13:22:00,-4.09,4.66,1.50,131.23,13.58,6.38,3.18,412.8,87288
2026-03-04 13:23:00,-3.71,4.54,1.13,129.23,10.86,5.97,2.56,405.5,84172
2026-03-04 13:24:00,-2.95,4.78,2.56,121.70,24.50,6.18,2.53,412.1,74778
2026-03-04 13:25:00,-1.84,5.09,2.19,109.90,21.97,5.84,2.56,415.9,65951
2026-03-04 13:26:00,-3.44,4.91,1.76,125.03,16.40,6.25,2.05,421.8,60723
2026-03-04 13:27:00,-2.98,4.55,2.81,123.25,27.36,6.12,2.93,417.3,78826
2026-03-04 13:28:00,-3.02,4.62,2.55,123.17,24.80,6.07,3.31,416.8,85493
2026-03-04 13:29:00,-3.30,4.54,2.53,125.99,24.24,6.16,3.31,416.6,91372
2026-03-04 13:30:00,0.51,5.16,0.73,84.38,8.07,5.23,3.05,428.0,190450
2026-03-04 13:33:00,-2.77,5.09,1.73,118.51,16.59,6.05,2.60,418.8,68989
2026-03-04 13:34:00,-2.43,5.30,1.31,114.66,12.64,5.97,2.92,416.6,76390
2026-03-04 13:35:00,-1.54,5.42,1.70,105.82,16.78,5.88,2.97,421.7,75458
2026-03-04 13:36:00,-1.71,5.46,1.59,107.38,15.53,5.94,2.77,426.2,73613
2026-03-04 13:37:00,-0.32,5.71,0.71,93.25,7.07,5.76,2.67,429.3,74187
2026-03-04 13:38:00,-0.43,5.73,0.69,94.28,6.89,5.79,2.57,435.8,70900
2026-03-04 13:39:00,0.08,5.57,1.11,89.16,11.23,5.68,2.64,434.4,75784
2026-03-04 13:40:00,-1.62,4.49,3.23,109.85,34.05,5.76,2.86,436.6,66706
2026-03-04 13:41:00,-3.66,3.82,3.19,133.83,31.10,6.18,3.28,423.0,66972
2026-03-04 13:42:00,-1.98,5.24,1.68,110.74,16.70,5.85,3.50,410.5,84050
2026-03-04 13:43:00,-0.70,5.27,2.27,97.55,23.08,5.78,2.02,425.8,100353
2026-03-04 13:44:00,-1.53,4.86,3.08,107.51,31.12,5.96,3.45,420.2,86554
2026-03-04 13:45:00,-1.06,4.67,3.38,102.73,35.23,5.87,3.48,434.3,72958
2026-03-04 13:46:00,-2.12,5.13,2.35,112.45,22.95,6.03,2.89,419.8,74137
2026-03-04 13:47:00,-1.98,4.93,2.87,111.89,28.35,6.04,2.55,416.5,74514
2026-03-04 13:48:00,-2.29,5.10,2.22,114.21,21.68,6.01,2.61,417.5,76685
2026-03-04 13:49:00,-1.98,5.67,0.47,109.24,4.49,6.03,2.34,420.8,72542
2026-03-04 13:50:00,-2.97,5.05,1.23,120.46,11.83,5.99,1.99,419.3,73025
2026-03-04 13:51:00,-3.82,4.31,1.79,131.56,17.22,6.03,2.26,410.4,76991
2026-03-04 13:52:00,-2.57,4.57,3.07,119.41,30.36,6.07,2.89,409.8,84155
2026-03-04 13:53:00,-2.50,4.77,2.70,117.61,26.62,6.02,3.03,416.9,85707
2026-03-04 13:54:00,-2.97,4.41,2.69,123.97,26.83,5.96,2.72,415.6,79696
2026-03-04 13:55:00,-3.24,4.52,1.71,125.68,17.09,5.82,2.46,411.7,89041
2026-03-04 13:56:00,-4.52,3.64,1.95,141.13,18.56,6.12,1.89,409.5,100601
2026-03-04 13:57:00,-4.88,3.35,1.70,145.52,16.07,6.16,2.43,403.5,97760
2026-03-04 13:58:00,-4.98,3.19,1.69,147.39,15.94,6.15,2.60,403.2,95729
2026-03-04 13:59:00,-4.45,3.83,1.91,139.30,18.03,6.18,2.37,404.4,104040
2026-03-04 14:00:00,-3.81,4.41,1.76,130.77,16.81,6.09,2.85,407.7,85498
2026-03-04 14:01:00,-4.12,4.30,1.10,133.77,10.48,6.06,2.38,412.1,85618
2026-03-04 14:02:00,-3.92,4.11,1.81,133.63,17.69,5.96,2.21,399.8,75866
2026-03-04 14:03:00,-2.27,4.94,1.29,114.68,13.32,5.59,2.87,405.2,83357
2026-03-04 14:06:00,-4.79,3.36,2.30,144.94,21.44,6.28,2.76,402.8,95306
2026-03-04 14:07:00,-4.54,3.62,2.42,141.43,22.60,6.29,2.73,402.3,87635
2026-03-04 14:08:00,-4.66,3.60,2.32,142.31,21.52,6.34,2.73,401.4,82144
2026-03-04 14:09:00,-4.79,3.69,2.26,142.44,20.47,6.45,2.66,401.7,81934
2026-03-04 14:10:00,-4.80,3.65,2.27,142.74,20.64,6.44,2.59,403.3,79496
2026-03-04 14:11:00,-4.95,3.49,2.16,144.84,19.62,6.43,2.76,402.9,82046
2026-03-04 14:12:00,-5.36,3.34,1.32,148.08,11.85,6.45,2.44,402.1,91173
2026-03-04 14:13:00,-5.65,2.91,1.21,152.73,10.81,6.47,1.68,403.9,130369
2026-03-04 14:14:00,-5.16,3.69,1.23,144.40,10.94,6.46,1.97,398.4,112728
2026-03-04 14:15:00,-5.52,3.08,1.47,150.89,13.11,6.49,2.11,400.4,107093
2026-03-04 14:16:00,-5.66,2.60,2.12,155.33,18.80,6.58,2.33,398.1,85318
2026-03-04 14:17:00,-5.80,2.56,1.86,156.19,16.37,6.60,2.55,397.2,107669
2026-03-04 14:18:00,-6.05,2.07,1.77,161.13,15.50,6.64,2.30,396.6,110724
2026-03-04 14:19:00,-5.97,2.16,1.81,160.15,15.93,6.60,2.34,395.3,109328
2026-03-04 14:20:00,-6.26,1.49,1.64,166.62,14.28,6.64,2.39,394.6,105816
2026-03-04 14:21:00,-5.80,2.13,2.34,159.87,20.73,6.61,2.41,395.4,98166
2026-03-04 14:22:00,-5.85,1.88,2.30,162.17,20.55,6.56,2.35,394.6,98412
2026-03-04 14:23:00,-5.81,1.45,2.60,166.02,23.50,6.53,2.56,392.9,93811
2026-03-04 14:24:00,-5.88,1.57,2.50,165.04,22.30,6.58,2.77,393.1,87945
2026-03-04 14:25:00,-6.03,2.39,1.20,158.36,10.51,6.60,2.38,395.4,97147
2026-03-04 14:26:00,-5.93,2.63,0.62,156.07,5.48,6.52,1.83,397.1,111494
2026-03-04 14:27:00,-6.04,2.25,0.42,159.54,3.77,6.46,1.67,399.2,122061
2026-03-04 14:28:00,-4.80,1.67,4.12,160.80,39.03,6.54,1.41,404.4,131901
2026-03-04 14:29:00,-5.61,1.24,3.14,167.53,28.61,6.55,2.76,397.4,74843
2026-03-04 14:30:00,-5.19,1.16,3.87,167.35,36.04,6.58,2.59,392.1,85023
2026-03-04 14:31:00,-5.32,1.55,3.47,163.76,32.05,6.53,3.25,400.1,75094
2026-03-04 14:32:00,-5.24,1.22,3.68,166.87,34.34,6.52,2.97,395.2,77926
2026-03-04 14:33:00,-5.27,0.99,3.18,169.37,30.63,6.24,3.35,400.6,73354
2026-03-04 14:34:00,-6.37,0.49,1.64,175.57,14.45,6.59,2.65,392.6,100922
2026-03-04 14:35:00,-5.91,0.82,2.70,172.10,24.38,6.55,2.65,393.2,93348
2026-03-04 14:36:00,-5.72,0.57,3.26,174.28,29.57,6.61,3.02,394.8,80852
2026-03-04 14:39:00,-5.15,0.31,3.81,176.56,36.45,6.41,3.26,397.2,74698
2026-03-04 14:40:00,-5.48,-0.57,3.37,185.98,31.50,6.46,3.21,395.8,74717
2026-03-04 14:41:00,-4.23,1.08,4.57,165.64,46.34,6.32,3.27,398.8,71987
2026-03-04 14:42:00,-3.98,1.24,4.82,162.64,49.12,6.37,3.46,405.1,67861
2026-03-04 14:43:00,-4.01,1.37,4.72,161.11,48.05,6.34,3.43,401.7,68615
2026-03-04 14:44:00,-4.06,1.30,4.75,162.24,48.10,6.38,3.57,401.3,70642
2026-03-04 14:45:00,-4.14,0.75,4.77,169.69,48.56,6.36,3.75,406.3,77767
2026-03-04 14:46:00,-3.89,0.68,4.95,170.10,51.44,6.34,2.81,401.8,73020
2026-03-04 14:47:00,-4.48,0.37,4.56,175.33,45.38,6.41,3.02,397.1,63833
2026-03-04 14:48:00,-4.02,0.61,4.91,171.34,50.40,6.37,3.33,398.0,64821
2026-03-04 14:49:00,-4.08,0.61,4.90,171.46,49.86,6.41,2.84,398.3,74078
2026-03-04 14:50:00,-3.82,0.12,5.03,178.20,52.77,6.32,3.24,402.7,69999
2026-03-04 14:51:00,-4.19,-0.28,4.74,183.82,48.45,6.34,3.11,400.8,68675
2026-03-04 14:52:00,-4.12,-0.79,4.76,190.88,48.61,6.35,2.78,398.2,67757
2026-03-04 14:53:00,-3.78,0.78,4.57,168.31,49.77,5.98,2.66,400.1,77077
2026-03-04 14:54:00,-1.62,4.27,3.63,110.76,38.50,5.83,3.00,412.6,82213
2026-03-04 14:55:00,-1.36,4.18,3.92,108.00,41.71,5.89,3.20,421.9,80771
2026-03-04 14:56:00,-0.78,4.92,2.54,99.01,26.98,5.59,2.75,423.3,81507
2026-03-04 14:57:00,-3.59,2.34,4.34,146.93,45.38,6.09,2.66,416.2,79985
2026-03-04 14:58:00,-3.22,2.99,4.25,137.16,44.08,6.11,3.40,406.4,75506
2026-03-04 14:59:00,-2.81,3.07,4.48,132.47,47.12,6.12,3.53,410.8,78723
2026-03-04 15:00:00,-3.19,3.53,3.97,132.13,39.85,6.19,3.25,412.1,75343
2026-03-04 15:01:00,-4.24,3.40,3.05,141.33,29.32,6.23,3.09,405.4,74045
2026-03-04 15:02:00,-3.88,3.27,3.44,139.94,34.17,6.13,2.75,398.9,67730
2026-03-04 15:03:00,-3.48,3.55,3.59,134.44,35.85,6.13,2.80,403.6,76652
2026-03-04 15:04:00,-3.52,3.27,3.91,137.16,39.13,6.19,3.31,408.8,75634
2026-03-04 15:05:00,-3.81,3.02,3.87,141.60,38.53,6.21,3.03,405.4,70117
2026-03-04 15:06:00,-3.97,3.12,3.52,141.84,34.92,6.15,3.07,403.2,71066
2026-03-04 15:07:00,-3.76,3.12,3.90,140.32,38.64,6.25,2.95,403.1,71008
2026-03-04 15:08:00,-3.87,2.99,3.83,142.29,38.02,6.21,3.21,404.0,76421
2026-03-04 15:09:00,-3.36,3.24,3.98,135.99,40.45,6.13,3.25,404.2,75032
2026-03-04 15:12:00,-4.25,2.38,3.67,150.80,37.00,6.10,3.29,396.4,85238
2026-03-04 15:13:00,-1.82,2.38,4.73,127.37,57.67,5.60,3.01,407.3,77965
2026-03-04 15:14:00,-2.19,2.93,4.40,126.72,50.25,5.72,2.76,421.8,66454
2026-03-04 15:15:00,-2.41,3.11,4.09,127.78,46.09,5.67,3.10,414.6,71010
2026-03-04 15:16:00,-2.35,3.86,2.98,121.33,33.36,5.42,3.13,413.6,84076
2026-03-04 15:17:00,-2.40,3.92,2.63,121.44,29.79,5.29,3.80,417.9,85941
2026-03-04 15:18:00,-3.14,1.06,4.74,161.41,55.02,5.78,2.95,414.3,79107
2026-03-04 15:19:00,-2.90,0.61,4.49,168.16,56.55,5.38,3.27,404.7,83941
2026-03-04 15:20:00,-1.98,3.76,2.38,117.74,29.22,4.87,3.52,418.5,85933
2026-03-04 15:21:00,-2.63,0.79,3.94,163.27,55.07,4.81,3.41,416.2,90102
2026-03-04 15:22:00,-2.78,-1.51,4.40,208.47,54.34,5.42,2.46,420.6,77129
2026-03-04 15:23:00,-2.45,-2.24,4.25,222.41,52.06,5.39,2.88,421.2,81022
2026-03-04 15:24:00,-2.65,-2.41,4.28,222.29,50.02,5.58,2.95,419.7,83942
2026-03-04 15:25:00,-2.93,-1.35,4.37,204.65,53.54,5.43,2.72,419.8,82709
2026-03-04 15:26:00,-2.88,-0.96,4.53,198.55,56.21,5.45,2.82,418.6,85079
2026-03-04 15:27:00,-2.57,-1.79,4.76,214.87,56.58,5.70,2.95,418.9,88366
2026-03-04 15:28:00,-3.81,0.52,4.11,172.18,46.92,5.63,3.01,412.2,89097
2026-03-04 15:29:00,-2.35,-2.51,4.33,226.96,51.54,5.53,2.99,410.5,85158
2026-03-04 15:30:00,-2.31,-3.16,4.35,233.78,47.98,5.85,2.80,422.7,75479
2026-03-04 15:31:00,-2.80,-2.48,4.71,221.55,51.53,6.01,2.81,419.6,67801
2026-03-04 15:32:00,-3.36,-0.74,4.82,192.42,54.51,5.93,3.08,415.7,72254
2026-03-04 15:33:00,-3.19,-1.44,4.68,204.30,53.20,5.85,3.08,414.3,88738
2026-03-04 15:34:00,-3.27,-1.91,4.59,210.22,50.46,5.95,2.82,413.7,79138
2026-03-04 15:35:00,-3.44,-1.48,4.73,203.26,51.64,6.03,2.96,417.1,82361
2026-03-04 15:36:00,-3.81,-0.85,4.80,192.61,50.89,6.19,2.85,409.0,84076
2026-03-04 15:37:00,-3.33,-1.00,5.12,196.64,55.81,6.19,2.92,412.2,76031
2026-03-04 15:38:00,-3.97,0.48,4.77,173.08,50.05,6.22,3.79,405.0,76160
2026-03-04 15:39:00,-3.51,2.25,4.50,147.34,47.25,6.13,3.94,403.7,76312
2026-03-04 15:40:00,-3.43,2.93,4.13,139.47,42.47,6.12,3.77,409.0,88987
2026-03-04 15:41:00,-3.92,3.05,3.64,142.10,36.27,6.16,3.28,410.0,81673
2026-03-04 15:42:00,-4.77,2.08,3.60,156.44,34.70,6.33,3.38,407.3,85751
2026-03-04 15:43:00,-4.71,3.09,2.74,146.73,25.91,6.26,3.64,405.0,91477
2026-03-04 15:45:00,-4.08,4.08,2.39,135.00,22.50,6.24,3.25,411.6,90121
2026-03-04 15:46:00,-3.33,4.49,1.71,126.59,17.02,5.85,2.93,411.2,92589
2026-03-04 15:47:00,-3.92,4.18,1.36,133.18,13.35,5.89,2.32,410.3,96645
2026-03-04 15:48:00,-3.82,4.26,0.68,131.89,6.76,5.77,2.47,410.7,94815
2026-03-04 15:49:00,-3.99,3.90,0.40,135.69,4.14,5.60,2.11,413.8,103682
2026-03-04 15:50:00,-3.29,4.85,0.58,124.13,5.70,5.88,2.47,411.7,103714
2026-03-04 15:51:00,-3.16,4.93,-0.29,122.68,-2.88,5.86,1.99,415.6,93426
2026-03-04 15:52:00,-1.85,4.51,2.56,112.26,27.67,5.51,1.66,418.2,91478
2026-03-04 15:53:00,-3.93,4.33,-0.43,132.23,-4.18,5.86,2.87,417.9,75433
2026-03-04 15:54:00,-1.99,3.48,2.52,119.81,32.19,4.74,1.85,424.0,114462
2026-03-04 15:55:00,-1.06,3.79,4.21,105.60,46.89,5.76,3.29,428.4,82061
2026-03-04 15:56:00,-3.96,4.77,0.77,129.71,7.08,6.24,2.50,414.3,71469
2026-03-04 15:57:00,-4.01,4.88,0.52,129.40,4.74,6.34,2.37,410.7,81072
2026-03-04 15:58:00,-3.35,5.22,0.72,122.65,6.60,6.24,2.44,410.6,90988
2026-03-04 16:03:00,-3.45,4.83,-1.47,125.55,-13.89,6.12,1.32,415.3,95274
2026-03-04 16:04:00,-2.00,5.06,-1.57,111.55,-16.13,5.67,1.05,417.9,89706
2026-03-04 16:06:00,-2.59,4.76,-1.69,118.61,-17.35,5.67,0.89,411.9,73179
2026-03-04 16:07:00,-2.06,4.65,-2.20,113.90,-23.39,5.55,1.19,434.8,117239
2026-03-04 16:08:00,-2.35,4.00,-2.79,120.48,-31.03,5.41,1.11,429.8,101521
2026-03-04 16:09:00,-2.29,4.28,-2.36,118.14,-25.93,5.40,0.64,407.4,41639
2026-03-04 16:10:00,-2.83,4.10,-2.42,124.67,-25.86,5.54,1.31,430.9,143685
2026-03-04 16:11:00,-3.16,3.74,-2.61,130.22,-28.01,5.55,1.41,437.9,134160
2026-03-04 16:12:00,-0.86,3.97,-2.52,102.25,-31.81,4.78,1.05,423.8,78938
2026-03-04 16:13:00,-3.08,2.67,-2.43,139.09,-30.83,4.74,1.34,422.0,116925
2026-03-04 16:14:00,-2.14,3.44,-2.41,121.83,-30.71,4.71,1.59,434.0,166277
2026-03-04 16:15:00,-1.38,3.61,-2.39,110.83,-31.74,4.55,1.41,433.2,138874
2026-03-04 16:16:00,-1.07,2.88,0.14,110.37,2.59,3.07,1.15,414.7,80474
2026-03-04 16:17:00,-2.02,3.36,-1.92,120.94,-26.15,4.37,1.05,401.2,55799
2026-03-04 16:18:00,-0.78,3.24,-2.31,103.58,-34.67,4.06,2.93,440.3,184159
2026-03-04 16:19:00,-0.05,3.53,-2.35,90.81,-33.64,4.24,2.79,436.2,155201
2026-03-04 16:20:00,0.00,2.78,-3.55,90.05,-51.95,4.51,2.57,422.1,64419
2026-03-04 16:21:00,0.07,3.00,-3.29,88.62,-47.63,4.46,3.37,417.7,57092
2026-03-04 16:22:00,-1.25,1.84,0.59,124.08,14.76,2.30,2.44,443.6,132408
2026-03-04 16:23:00,-2.56,0.55,4.84,167.84,61.54,5.50,4.40,435.7,113424
2026-03-04 16:24:00,-3.74,0.56,4.15,171.43,47.60,5.62,2.26,391.2,27413
2026-03-04 16:25:00,-2.84,-0.66,4.80,193.09,58.73,5.62,3.96,407.3,93826
2026-03-04 16:26:00,-1.61,-2.10,4.53,232.62,59.71,5.25,6.53,429.3,61757
2026-03-04 16:27:00,-2.04,-1.95,4.59,223.65,58.42,5.39,3.64,423.8,72605
2026-03-04 16:28:00,-2.19,-2.87,4.06,232.75,48.32,5.43,2.36,410.0,53344
2026-03-04 16:29:00,-3.04,-2.39,4.29,218.23,47.96,5.77,3.94,422.8,121729
2026-03-04 16:30:00,-2.28,-2.81,2.89,230.94,38.56,4.63,4.10,423.0,116037
2026-03-04 16:31:00,-2.70,-2.57,4.39,223.58,49.62,5.76,3.23,413.7,79240
2026-03-04 16:32:00,-3.28,-1.46,4.48,204.01,51.29,5.74,3.72,410.3,88799
2026-03-04 16:33:00,-3.80,-0.94,4.30,193.93,47.66,5.82,4.18,405.8,89405
2026-03-04 16:34:00,-3.91,-0.84,4.04,192.14,45.29,5.68,3.41,401.6,78262
2026-03-04 16:35:00,-3.76,-1.16,4.18,197.07,46.70,5.74,3.56,401.2,89398
2026-03-04 16:36:00,-4.05,-0.91,3.86,192.60,42.92,5.67,4.00,393.2,60755
2026-03-04 16:37:00,-4.65,-0.18,3.46,182.25,36.67,5.80,4.87,409.7,121506
2026-03-04 16:38:00,-3.97,-1.02,3.68,194.34,41.86,5.51,4.46,405.2,105876
2026-03-04 16:39:00,-4.45,0.61,3.44,172.21,37.48,5.66,2.55,390.1,71076
2026-03-04 16:40:00,-4.83,1.09,2.49,167.25,26.64,5.54,3.28,402.2,124232
2026-03-04 16:41:00,-5.10,0.53,2.57,174.08,26.64,5.73,2.70,397.3,104327
2026-03-04 16:42:00,-5.11,2.02,0.02,158.37,0.16,5.49,3.68,400.3,116690
2026-03-04 16:43:00,-4.73,1.84,-1.74,158.73,-18.89,5.37,2.00,409.9,132056
2026-03-04 16:44:00,-4.28,1.66,-2.46,158.74,-28.18,5.21,1.52,425.7,189752
2026-03-04 16:45:00,-3.34,1.24,-0.48,159.68,-7.69,3.60,1.56,426.2,196664
2026-03-04 16:46:00,-0.05,-0.69,4.20,265.64,80.57,4.25,2.37,422.0,109836
2026-03-04 16:47:00,-0.67,0.35,4.61,152.53,80.73,4.68,3.30,426.5,79243
2026-03-04 16:48:00,-0.76,0.90,4.20,129.93,74.32,4.36,3.90,433.6,116606
2026-03-04 16:49:00,-1.19,1.15,3.59,135.98,65.20,3.96,4.15,436.4,130742
2026-03-04 16:50:00,-1.41,1.07,3.02,142.98,59.60,3.50,4.06,437.3,127577
2026-03-04 16:53:00,0.52,0.12,5.20,13.47,84.16,5.23,2.71,448.9,98549
2026-03-04 16:54:00,-0.08,0.80,5.15,95.94,81.08,5.21,3.27,447.0,99011
2026-03-04 16:55:00,-0.32,1.84,4.72,99.83,68.48,5.08,2.94,422.7,65837
2026-03-04 16:56:00,-0.36,2.18,4.54,99.28,64.05,5.05,4.11,436.3,99009
2026-03-04 16:57:00,-0.65,2.98,3.96,102.23,52.41,5.00,4.21,435.8,99517
2026-03-04 16:58:00,-3.47,1.82,3.78,152.30,43.97,5.44,3.13,399.9,46748
2026-03-04 16:59:00,-3.60,2.46,2.92,145.60,33.78,5.24,4.07,406.7,101074
2026-03-04 17:00:00,-2.38,2.48,4.26,133.83,51.07,5.48,2.96,406.7,112879
2026-03-04 17:01:00,-2.92,2.61,3.94,138.16,45.20,5.56,3.79,413.5,110250
2026-03-04 17:02:00,-2.28,3.28,3.63,124.75,42.30,5.40,2.92,398.6,63919
2026-03-04 17:03:00,-3.43,1.60,4.04,154.97,46.89,5.54,2.46,391.4,52818
2026-03-04 17:04:00,-2.63,2.48,4.27,136.74,49.76,5.60,2.99,401.9,84121
2026-03-04 17:05:00,-2.82,2.51,4.13,138.24,47.60,5.60,2.87,404.5,83292
2026-03-04 17:06:00,-2.95,3.10,3.67,133.56,40.69,5.64,3.27,405.6,76889
2026-03-04 17:07:00,-2.50,3.45,3.52,125.87,39.59,5.53,3.79,414.2,97381
2026-03-04 17:08:00,-2.35,3.28,3.79,125.68,43.22,5.53,3.28,412.3,78492
2026-03-04 17:09:00,-2.61,2.86,4.04,132.47,46.23,5.60,3.45,410.4,78247
2026-03-04 17:10:00,-2.75,3.55,3.18,127.69,35.32,5.51,2.81,393.8,30572
2026-03-04 17:11:00,-3.31,-1.67,4.20,206.83,48.53,5.60,10.60,436.2,70730
2026-03-04 17:12:00,-3.11,-1.54,4.22,206.41,50.55,5.46,2.95,413.2,100540
2026-03-04 17:13:00,-4.00,1.06,3.73,165.23,42.00,5.57,2.85,408.8,80085
2026-03-04 17:14:00,-3.53,0.69,4.45,169.02,51.08,5.72,2.95,403.7,79702
2026-03-04 17:15:00,-2.32,-2.31,4.33,224.90,52.93,5.43,3.55,414.3,108989
2026-03-04 17:16:00,-2.41,-2.19,4.50,222.34,54.08,5.55,3.14,421.7,90568
2026-03-04 17:17:00,-3.18,-1.09,4.59,198.86,53.77,5.69,2.41,401.8,56792
2026-03-04 17:18:00,-3.15,-0.60,4.66,190.71,55.47,5.66,2.85,408.1,91516
2026-03-04 17:19:00,-3.77,1.11,4.10,163.58,46.16,5.68,3.51,415.7,115603
2026-03-04 17:20:00,-3.53,1.74,3.33,153.80,40.29,5.15,3.18,409.6,97554
2026-03-04 17:21:00,-1.79,3.95,0.62,114.35,8.16,4.38,2.82,407.4,79945
2026-03-04 17:22:00,-0.70,4.67,-2.59,98.57,-28.73,5.38,2.46,420.5,91417
2026-03-04 17:23:00,-0.82,4.86,-2.26,99.58,-24.61,5.42,1.18,443.2,126921
2026-03-04 17:24:00,-0.85,4.85,-2.38,99.90,-25.82,5.46,1.00,421.4,66372
2026-03-04 17:25:00,-0.85,4.96,-2.20,99.68,-23.58,5.49,1.01,422.8,74554
2026-03-04 17:26:00,-0.49,4.97,-2.19,95.65,-23.70,5.45,1.02,432.0,125891
2026-03-04 17:27:00,-0.90,4.82,-2.34,100.59,-25.52,5.44,0.93,435.2,100102
2026-03-04 17:28:00,-1.30,4.61,-2.40,105.78,-26.59,5.36,0.95,426.4,85590
2026-03-04 17:29:00,-1.87,4.82,-1.71,111.25,-18.34,5.44,1.42,411.3,36434
2026-03-04 17:30:00,-1.24,4.71,-2.69,104.77,-28.89,5.56,2.15,441.5,110721
2026-03-04 17:31:00,-1.46,4.67,-2.75,107.38,-29.36,5.62,1.10,433.2,88885
2026-03-04 17:32:00,-1.21,4.84,-2.22,104.05,-23.98,5.47,0.60,412.3,44317
2026-03-04 17:33:00,-1.38,4.63,-2.47,106.55,-27.10,5.43,0.81,430.4,118503
2026-03-04 17:34:00,-1.88,4.25,-2.86,113.87,-31.59,5.45,0.88,433.2,119302
2026-03-04 17:35:00,-2.96,3.47,-3.28,130.46,-35.66,5.62,0.77,427.7,85352
2026-03-04 17:36:00,-3.25,3.33,-3.41,134.30,-36.22,5.76,0.75,418.9,67477
2026-03-04 17:37:00,-3.32,3.25,-3.21,135.65,-34.64,5.65,0.82,418.3,89193
2026-03-04 17:38:00,-3.55,2.59,-3.35,143.94,-37.33,5.53,0.90,439.8,126588
2026-03-04 17:39:00,-3.38,2.67,-3.04,141.76,-35.25,5.28,1.04,444.8,92611
2026-03-04 17:40:00,-3.19,1.78,-3.82,150.78,-46.32,5.28,1.36,428.1,109309
2026-03-04 17:41:00,-3.43,1.35,-3.42,158.60,-42.86,5.03,1.51,440.8,151625
2026-03-04 17:42:00,-4.53,-0.08,-2.61,181.07,-29.94,5.22,1.31,423.5,103730
2026-03-04 17:43:00,-4.62,-1.29,-2.22,195.63,-24.84,5.29,1.60,425.6,121592
2026-03-04 17:44:00,-4.01,-2.50,-1.72,212.00,-20.05,5.03,1.98,403.1,80937
2026-03-04 17:45:00,-4.12,-2.40,-1.07,210.20,-12.63,4.88,1.93,415.0,96133
2026-03-04 17:46:00,-4.00,-2.71,-0.82,214.15,-9.63,4.90,2.23,419.9,135480
2026-03-04 17:47:00,-3.44,-3.35,-0.06,224.26,-0.69,4.81,2.24,408.1,97099
2026-03-04 17:48:00,-4.90,-2.37,-1.02,205.83,-10.62,5.54,2.37,397.6,63195
2026-03-04 17:49:00,-5.07,-2.22,-0.66,203.61,-6.76,5.58,2.44,397.7,85549
2026-03-04 17:50:00,-5.38,-1.62,0.53,196.79,5.44,5.64,2.21,397.4,88963
2026-03-04 17:51:00,-5.18,-2.13,1.38,202.39,13.88,5.77,2.29,391.7,69654
2026-03-04 17:52:00,-5.35,-2.09,1.44,201.34,14.05,5.92,2.86,393.9,83250
2026-03-04 17:53:00,-5.34,-1.59,1.45,196.58,14.58,5.75,3.26,398.5,99611
2026-03-04 17:54:00,-5.36,-0.96,1.82,190.12,18.50,5.74,3.15,394.0,87392
2026-03-04 17:55:00,-5.29,-0.87,1.89,189.37,19.39,5.68,2.82,390.8,86089
2026-03-04 17:56:00,-5.41,-1.37,1.55,194.18,15.56,5.80,2.47,385.6,62727
2026-03-04 17:57:00,-5.48,-0.74,1.64,187.71,16.55,5.77,2.75,387.9,65541
2026-03-04 17:58:00,-5.29,-0.96,1.84,190.25,18.87,5.68,2.75,388.0,67299
2026-03-04 17:59:00,-4.68,-1.31,2.37,195.59,25.94,5.41,2.75,390.5,91918
2026-03-04 18:00:00,-3.03,1.13,2.25,159.62,34.82,3.94,3.01,400.0,102392
2026-03-04 18:01:00,0.75,4.44,0.13,80.40,1.59,4.50,2.24,414.6,82847
2026-03-04 18:02:00,0.72,4.20,-0.77,80.31,-10.29,4.33,2.02,433.5,85740
2026-03-04 18:03:00,-0.56,4.48,-0.13,97.15,-1.68,4.52,1.33,415.0,57412
2026-03-04 18:04:00,0.25,4.09,0.05,86.56,0.65,4.10,1.14,427.5,100004
2026-03-04 18:05:00,1.05,3.34,1.31,72.56,20.50,3.73,1.21,435.0,107936
2026-03-04 18:06:00,1.01,3.57,-0.64,74.16,-9.79,3.76,1.68,420.3,62839
2026-03-04 18:07:00,-1.07,1.00,-1.09,136.88,-36.68,1.83,1.72,418.6,102703
2026-03-04 18:08:00,1.56,2.83,1.58,61.16,26.09,3.59,1.61,425.4,138692
2026-03-04 18:09:00,0.71,4.32,1.82,80.71,22.56,4.73,2.55,433.6,115703
2026-03-04 18:10:00,0.45,4.46,1.40,84.29,17.32,4.69,3.02,432.3,85185
2026-03-04 18:11:00,2.04,4.05,0.79,63.26,9.83,4.60,1.62,418.0,44010
2026-03-04 18:12:00,1.98,4.16,0.38,64.50,4.66,4.63,1.93,458.8,110898
2026-03-04 18:13:00,1.54,4.49,0.24,71.03,2.93,4.76,2.29,453.9,77220
2026-03-04 18:14:00,2.24,3.92,-0.09,60.20,-1.19,4.51,1.92,432.0,60819
2026-03-04 18:15:00,1.88,4.04,1.02,65.03,12.87,4.57,1.84,447.9,116747
2026-03-04 18:16:00,1.94,3.76,0.56,62.68,7.49,4.27,3.29,454.1,118369
2026-03-04 18:17:00,-1.70,0.47,-0.63,164.37,-19.57,1.87,1.67,435.2,66491
2026-03-04 18:18:00,-3.98,-2.65,0.26,213.73,3.10,4.79,1.27,392.0,42823
2026-03-04 18:19:00,-4.73,-0.73,0.25,188.74,2.97,4.79,3.87,403.8,134420
2026-03-04 18:20:00,-4.31,-0.18,-0.68,182.33,-8.96,4.37,2.99,398.9,144468
2026-03-04 18:21:00,-2.84,2.84,0.94,135.06,13.11,4.12,2.29,398.5,114937
2026-03-04 18:22:00,-1.62,4.30,1.34,110.69,16.30,4.78,1.69,403.8,87904
2026-03-04 18:23:00,-2.24,4.31,1.48,117.39,16.96,5.08,2.17,413.8,107724
2026-03-04 18:24:00,-1.89,4.36,1.84,113.41,21.19,5.09,2.74,419.0,118102
2026-03-04 18:25:00,-1.63,4.38,2.14,110.40,24.65,5.14,2.29,408.0,74154
2026-03-04 18:26:00,-1.93,4.30,2.00,114.21,22.97,5.12,2.24,402.7,61540
2026-03-04 18:27:00,-1.91,4.37,2.28,113.67,25.55,5.29,2.96,419.5,108118
2026-03-04 18:28:00,-0.96,4.39,2.76,102.33,31.61,5.27,2.70,415.3,83940
2026-03-04 18:29:00,-1.83,4.60,2.09,111.68,22.96,5.37,2.17,408.2,60597
2026-03-04 18:30:00,-2.27,4.44,2.33,117.06,25.06,5.50,2.89,389.0,29397
2026-03-04 18:31:00,-2.93,3.94,2.49,126.70,26.90,5.50,2.89,389.0,29397
2026-03-04 18:32:00,-2.82,4.31,1.72,123.23,18.42,5.43,2.49,410.0,100736
2026-03-04 18:33:00,-3.79,3.91,1.37,134.12,14.11,5.61,2.52,388.8,43929
2026-03-04 18:34:00,-4.01,2.52,3.43,147.90,35.96,5.85,1.60,380.7,21173
2026-03-04 18:35:00,-3.75,3.31,2.97,138.58,30.66,5.82,3.14,393.2,69529
2026-03-04 18:36:00,-2.98,3.15,3.21,133.42,36.51,5.40,2.81,398.0,72655
2026-03-04 18:37:00,-0.78,3.27,3.22,103.42,43.79,4.66,1.71,401.8,55482
2026-03-04 18:38:00,-0.25,2.36,3.91,96.05,58.72,4.58,1.35,409.2,57369
2026-03-04 18:39:00,-1.41,3.26,3.72,113.44,46.30,5.14,2.69,420.6,79834
2026-03-04 18:40:00,-1.81,3.39,3.33,118.15,40.93,5.09,3.09,411.9,65724
2026-03-04 18:41:00,-3.73,-1.50,2.32,201.89,29.96,4.64,5.31,407.8,42451
2026-03-04 18:42:00,-3.04,-0.71,2.42,193.13,37.77,3.95,7.47,422.3,84959
2026-03-04 18:43:00,-1.86,3.04,2.10,121.40,30.53,4.14,2.69,413.0,137434
2026-03-04 18:44:00,-0.89,4.12,1.08,102.13,14.33,4.35,2.78,413.3,109251
2026-03-04 18:45:00,-0.16,4.17,1.01,92.23,13.64,4.30,1.57,398.6,48295
2026-03-04 18:46:00,-1.90,2.28,2.30,129.81,37.69,3.75,2.55,429.5,100195
2026-03-04 18:47:00,-3.75,0.81,3.32,167.80,40.86,5.07,3.57,416.1,138536
2026-03-04 18:48:00,-3.69,0.48,2.94,172.66,38.31,4.75,2.32,393.3,72913
2026-03-04 18:49:00,-4.37,-0.30,2.61,183.95,30.77,5.10,3.88,403.1,106214
2026-03-04 18:50:00,-4.20,0.17,2.57,177.66,31.44,4.92,3.13,394.7,103713
2026-03-04 18:51:00,-4.31,0.51,2.51,173.26,30.03,5.01,3.01,402.1,112541
2026-03-04 18:52:00,-4.40,0.47,2.56,173.88,30.02,5.11,2.71,393.9,93201
2026-03-04 18:53:00,-4.31,0.71,2.39,170.61,28.66,4.98,3.31,400.0,117073
2026-03-04 18:54:00,-3.30,2.13,2.38,147.15,31.22,4.59,3.21,402.4,128935
2026-03-04 18:55:00,-3.57,2.14,1.44,149.09,19.05,4.41,2.91,399.4,124305
2026-03-04 18:56:00,-5.05,1.20,1.05,166.65,11.47,5.29,2.62,395.3,103746
2026-03-04 18:57:00,-5.14,0.91,0.52,170.00,5.65,5.24,2.37,396.6,119331
2026-03-04 18:58:00,-5.07,0.76,0.15,171.43,1.70,5.12,2.39,401.0,157502
2026-03-04 18:59:00,-4.75,1.68,-0.16,160.50,-1.84,5.04,2.03,395.5,116342
2026-03-04 19:00:00,-5.15,0.43,-0.49,175.20,-5.41,5.19,1.76,397.6,117145
2026-03-04 19:01:00,-4.96,-0.58,-1.35,186.62,-15.12,5.17,2.15,406.7,179564
2026-03-04 19:02:00,-4.81,-1.44,-0.99,196.65,-11.14,5.12,1.72,401.1,128177
2026-03-04 19:05:00,2.57,3.04,0.67,49.77,9.51,4.03,0.23,383.5,13279
2026-03-04 19:06:00,1.65,3.69,0.24,65.97,3.42,4.05,2.42,447.4,126184
2026-03-04 19:07:00,0.23,3.82,-0.35,86.50,-5.22,3.85,2.18,431.9,88678
2026-03-04 19:08:00,-0.45,3.92,-0.18,96.50,-2.61,3.95,1.51,424.2,96570
2026-03-04 19:09:00,-1.56,4.44,-1.43,109.32,-16.94,4.92,1.47,428.2,121339
2026-03-04 19:10:00,-1.90,4.70,-0.75,111.98,-8.38,5.12,1.26,420.3,95262
2026-03-04 19:11:00,-0.54,4.86,-0.16,96.28,-1.93,4.89,0.87,405.4,51065
2026-03-04 19:12:00,0.02,4.96,0.27,89.82,3.13,4.96,1.20,417.9,80687
2026-03-04 19:13:00,-0.09,4.82,1.34,91.07,15.50,5.00,2.02,437.0,124756
2026-03-04 19:14:00,-0.83,4.51,-0.85,100.40,-10.48,4.67,2.00,423.2,82813
2026-03-04 19:15:00,-1.21,4.96,-0.34,103.71,-3.79,5.12,1.41,412.2,59869
2026-03-04 19:16:00,-0.78,4.72,1.24,99.41,14.49,4.94,1.97,430.5,127292
2026-03-04 19:17:00,-0.37,4.48,2.12,94.70,25.20,4.97,2.48,423.8,87235
2026-03-04 19:18:00,-1.17,4.60,1.87,104.29,21.51,5.10,2.16,421.4,77086
2026-03-04 19:19:00,-1.62,4.71,0.78,109.04,8.85,5.04,1.76,399.9,36053
2026-03-04 19:20:00,-2.32,4.48,-0.93,117.39,-10.44,5.13,2.78,433.1,102072
2026-03-04 19:21:00,-2.11,4.70,-1.12,114.20,-12.21,5.28,1.48,427.9,107308
2026-03-04 19:22:00,-2.15,4.06,-1.75,117.89,-20.89,4.92,0.78,403.9,57839
2026-03-04 19:23:00,-2.49,3.74,-1.54,123.70,-18.97,4.75,1.04,416.4,91618
2026-03-04 19:24:00,-3.32,3.69,-0.76,132.03,-8.73,5.02,1.30,415.6,111811
2026-03-04 19:25:00,-2.10,4.10,-1.59,117.10,-19.08,4.87,1.22,416.2,101842
2026-03-04 19:26:00,-2.38,3.91,-1.74,121.34,-20.80,4.89,0.95,407.6,61639
2026-03-04 19:27:00,-3.13,3.82,-0.80,129.38,-9.23,5.00,1.03,415.3,97503
2026-03-04 19:28:00,-2.36,4.23,-0.46,119.15,-5.38,4.86,1.23,425.0,141158
2026-03-04 19:29:00,-0.73,4.63,0.93,98.98,11.25,4.78,1.12,418.7,103864
2026-03-04 19:30:00,-1.39,4.75,0.15,106.30,1.71,4.95,1.41,418.0,63932
2026-03-04 19:31:00,0.18,4.42,1.05,87.62,13.31,4.55,2.22,428.0,78752
2026-03-04 19:32:00,0.21,4.49,1.34,87.28,16.59,4.69,2.07,434.6,103734
2026-03-04 19:33:00,0.44,4.40,1.24,84.25,15.68,4.59,2.86,440.5,108378
2026-03-04 19:34:00,1.44,2.77,2.50,62.49,38.67,4.00,2.09,412.3,38147
2026-03-04 19:35:00,0.62,4.14,1.67,81.46,21.75,4.50,2.66,452.2,132003
2026-03-04 19:37:00,0.28,4.59,0.65,86.48,8.11,4.64,2.90,445.7,124126
2026-03-04 19:38:00,-0.80,4.13,1.04,101.03,13.88,4.33,1.83,411.0,48231
2026-03-04 19:39:00,-0.32,3.46,3.33,95.28,43.78,4.81,2.13,427.3,133541
2026-03-04 19:40:00,-1.10,2.91,4.02,110.65,52.26,5.08,2.57,426.5,99226
2026-03-04 19:41:00,-1.42,2.14,4.57,123.62,60.66,5.24,2.23,408.0,56067
2026-03-04 19:42:00,-1.29,2.54,4.33,116.92,56.69,5.18,3.19,415.7,88980
2026-03-04 19:43:00,-1.17,2.91,4.13,111.97,52.82,5.19,3.98,425.9,110545
2026-03-04 19:44:00,-2.05,3.65,3.35,119.33,38.65,5.36,3.47,418.8,93144
2026-03-04 19:45:00,-2.18,3.84,3.10,119.65,35.07,5.39,2.34,402.2,60232
2026-03-04 19:46:00,-1.87,4.16,2.76,114.14,31.20,5.33,1.98,400.6,55418
2026-03-04 19:47:00,-2.26,3.96,2.79,119.66,31.48,5.35,3.08,425.0,108040
2026-03-04 19:48:00,-1.08,4.93,-0.03,102.41,-0.35,5.05,3.05,422.4,95698
2026-03-04 19:49:00,-1.33,5.02,-0.24,104.87,-2.67,5.20,1.37,405.9,58201
2026-03-04 19:50:00,-1.33,5.02,-0.66,104.79,-7.23,5.24,1.66,431.3,145779
2026-03-04 19:51:00,-1.99,4.77,-1.21,112.68,-13.13,5.31,1.78,428.5,108949
2026-03-04 19:52:00,-2.33,4.46,0.93,117.57,10.51,5.12,1.09,413.0,74009
2026-03-04 19:53:00,-2.11,3.77,2.98,119.30,34.57,5.25,1.17,388.5,47754
2026-03-04 19:54:00,-2.19,2.60,4.34,130.06,51.94,5.51,2.74,410.9,97070
2026-03-04 19:55:00,-2.35,1.92,4.63,140.82,56.74,5.53,3.18,410.9,87899
2026-03-04 19:56:00,-1.94,2.13,4.80,132.25,59.00,5.60,3.50,411.2,78910
2026-03-04 19:57:00,-1.71,3.26,4.06,117.75,47.77,5.48,3.57,414.7,83110
2026-03-04 19:58:00,-2.16,3.88,3.47,119.15,38.04,5.63,3.93,417.6,89216
2026-03-04 19:59:00,-1.59,4.64,2.68,108.89,28.63,5.59,3.81,422.0,96112
2026-03-04 20:00:00,-0.40,3.49,1.74,96.57,26.31,3.92,3.49,425.0,100310
2026-03-04 20:01:00,-0.74,4.87,1.90,98.62,21.13,5.28,1.83,409.6,124214
2026-03-04 20:02:00,0.15,4.91,0.10,88.28,1.21,4.91,2.08,417.5,107427
2026-03-04 20:03:00,1.15,4.81,0.11,76.55,1.33,4.95,2.28,434.1,77232
2026-03-04 20:04:00,0.99,4.86,0.50,78.53,5.81,4.99,1.45,429.6,76992
2026-03-04 20:05:00,1.32,4.70,0.19,74.30,2.24,4.88,1.52,409.1,48745
2026-03-04 20:06:00,0.82,4.53,0.63,79.68,7.81,4.65,1.89,447.5,112111
2026-03-04 20:07:00,1.28,4.45,-0.02,73.97,-0.24,4.63,2.25,445.0,100145
2026-03-04 20:08:00,1.05,4.35,0.37,76.39,4.72,4.49,1.39,423.1,67209
2026-03-04 20:09:00,0.55,4.52,2.18,83.09,25.62,5.04,1.39,423.1,67209
2026-03-04 20:10:00,0.64,4.67,1.30,82.24,15.45,4.89,2.49,417.6,41701
2026-03-04 20:11:00,0.92,4.50,1.73,78.42,20.59,4.90,1.52,426.1,46076
2026-03-04 20:12:00,-0.03,4.47,2.49,90.37,29.15,5.12,1.98,416.2,41331
2026-03-04 20:13:00,1.78,2.77,3.33,57.18,45.35,4.68,2.67,424.8,69733
2026-03-04 20:14:00,1.67,2.92,3.23,60.29,43.87,4.66,3.40,449.2,115851
2026-03-04 20:15:00,0.67,3.44,3.22,78.98,42.55,4.76,3.04,440.3,88978
2026-03-04 20:16:00,-0.15,3.39,3.64,92.56,46.98,4.97,2.92,423.7,63421
2026-03-04 20:17:00,-1.48,4.62,0.87,107.73,10.19,4.93,3.51,427.1,86109
2026-03-04 20:18:00,-1.13,4.10,2.04,105.44,25.60,4.72,3.01,425.8,91066
2026-03-04 20:19:00,-2.32,3.44,3.25,124.01,38.10,5.27,1.95,410.7,74280
2026-03-04 20:20:00,-1.91,4.14,1.67,114.79,20.09,4.86,2.24,393.2,60938
2026-03-04 20:21:00,-0.98,4.83,0.83,101.44,9.56,4.99,3.52,416.5,146346
2026-03-04 20:22:00,-2.54,4.39,0.62,120.02,6.96,5.11,1.95,422.4,91690
2026-03-04 20:23:00,-2.61,4.20,0.84,121.84,9.59,5.02,1.90,400.6,55390
2026-03-04 20:24:00,-2.40,4.44,1.21,118.40,13.48,5.19,1.69,407.6,127011
2026-03-04 20:25:00,-2.51,4.36,0.54,119.95,6.17,5.07,2.31,416.9,118263
2026-03-04 20:26:00,-3.25,3.20,-0.57,135.45,-7.11,4.59,1.86,411.0,80131
2026-03-04 20:27:00,-4.86,0.10,-2.16,178.85,-23.97,5.32,1.19,393.1,38140
2026-03-04 20:28:00,-4.55,-0.26,-2.69,183.23,-30.51,5.29,1.23,418.0,153662
2026-03-04 20:29:00,-4.88,-0.45,-2.09,185.28,-23.08,5.33,1.44,425.3,198751
2026-03-04 20:30:00,-3.98,-0.74,-2.99,190.50,-36.46,5.03,1.17,409.4,123010
2026-03-04 20:31:00,-5.15,0.56,-1.05,173.82,-11.49,5.29,1.22,397.5,91924
2026-03-04 20:32:00,-5.19,-0.84,-1.14,189.16,-12.22,5.38,1.81,397.8,132833
2026-03-04 20:33:00,-4.98,0.72,-1.65,171.80,-18.16,5.30,1.79,403.5,145833
2026-03-04 20:34:00,-5.46,0.25,-0.45,177.33,-4.75,5.49,1.29,402.7,116137
2026-03-04 20:35:00,-5.60,0.33,0.05,176.65,0.50,5.61,1.76,393.4,121334
2026-03-04 20:36:00,-5.45,0.49,-0.25,174.82,-2.65,5.48,2.28,396.5,170790
2026-03-04 20:37:00,-5.58,0.39,-0.11,176.05,-1.13,5.60,1.96,395.2,135635
2026-03-04 20:38:00,-5.57,0.17,-0.41,178.22,-4.22,5.59,2.04,395.1,143187
2026-03-04 20:39:00,-5.48,0.76,-0.65,172.09,-6.68,5.57,1.66,384.2,84148
2026-03-04 20:40:00,-5.30,1.22,0.45,167.09,4.74,5.46,0.99,373.2,29345
2026-03-04 20:41:00,-4.54,1.97,1.80,156.50,20.04,5.26,1.75,398.3,145894
2026-03-04 20:42:00,-4.33,2.39,1.49,151.05,16.80,5.17,1.81,400.1,154219
2026-03-04 20:43:00,-2.22,3.31,0.80,123.87,11.42,4.06,1.26,391.1,67248
2026-03-04 20:44:00,-1.55,4.34,1.51,109.63,18.16,4.85,1.63,413.0,63250
2026-03-04 20:45:00,-3.34,3.57,1.00,133.08,11.53,4.99,2.38,418.8,103424
2026-03-04 20:46:00,-3.56,3.45,0.55,135.95,6.36,4.99,1.85,399.0,83832
2026-03-04 20:47:00,-4.33,2.97,-0.03,145.56,-0.33,5.25,1.81,398.1,98306
2026-03-04 20:48:00,-4.23,2.98,-0.25,144.82,-2.73,5.18,1.89,408.2,149221
2026-03-04 20:49:00,-3.84,3.08,0.09,141.27,1.04,4.93,1.43,400.1,123917
2026-03-04 20:50:00,-4.01,2.76,-0.79,145.38,-9.26,4.93,1.37,394.3,92382
2026-03-04 20:51:00,-3.52,2.71,-0.94,142.39,-11.96,4.54,1.46,406.1,147056
2026-03-04 20:52:00,-3.33,3.77,0.29,131.51,3.26,5.04,1.56,405.2,125677
2026-03-04 20:53:00,-1.54,4.28,1.93,109.77,22.96,4.93,1.45,408.1,120585
2026-03-04 20:54:00,-1.85,4.56,1.60,112.05,18.00,5.18,0.89,392.8,42247
2026-03-04 20:55:00,-0.77,4.45,2.48,99.84,28.82,5.15,3.09,428.6,141440
2026-03-04 20:56:00,-0.58,4.52,2.36,97.36,27.40,5.13,2.70,420.6,94386
2026-03-04 20:57:00,-1.13,4.58,2.37,103.84,26.65,5.27,1.77,407.6,47581
2026-03-04 20:58:00,-1.84,4.25,2.24,113.40,25.83,5.14,3.09,415.0,95478
2026-03-04 20:59:00,-2.47,1.59,3.13,147.14,46.86,4.29,2.49,417.1,86161
2026-03-04 21:01:00,-0.86,3.64,3.00,103.27,38.71,4.80,1.10,385.8,33456
2026-03-04 21:02:00,-0.86,3.34,1.53,104.47,23.91,3.78,2.11,418.0,68789
2026-03-04 21:03:00,-4.70,-0.22,2.62,182.67,29.13,5.38,5.32,439.1,96642
2026-03-04 21:04:00,-5.00,-0.73,1.70,188.29,18.61,5.33,5.35,416.6,103016
2026-03-04 21:05:00,0.78,3.51,2.26,77.48,32.16,4.24,2.13,395.9,82737
2026-03-04 21:06:00,0.93,4.24,1.86,77.69,23.19,4.73,1.25,421.1,85438
2026-03-04 21:07:00,0.28,3.72,2.15,85.64,29.91,4.30,2.10,456.1,145357
2026-03-04 21:08:00,-3.25,0.87,2.87,165.01,40.42,4.42,3.04,439.9,104978
2026-03-04 21:09:00,-3.28,1.69,3.39,152.81,42.59,5.01,2.30,396.7,109940
2026-03-04 21:10:00,-1.00,3.56,0.50,105.69,7.69,3.73,2.09,405.5,96562
2026-03-04 21:11:00,-0.50,4.42,0.32,96.42,4.18,4.46,2.07,433.9,58730
2026-03-04 21:12:00,-0.73,4.50,-0.80,99.25,-9.94,4.63,1.26,422.0,88163
2026-03-04 21:13:00,-0.97,4.37,-1.06,102.52,-13.30,4.60,0.79,405.2,38886
2026-03-04 21:14:00,-1.10,4.67,0.19,103.26,2.25,4.80,1.21,424.8,142196
2026-03-04 21:15:00,-2.44,1.66,3.00,145.80,45.53,4.21,1.28,428.0,158631
2026-03-04 21:16:00,-1.15,-0.97,4.17,220.10,70.17,4.44,2.20,395.0,42669
2026-03-04 21:17:00,-0.08,-0.40,4.68,258.24,85.07,4.70,2.36,427.1,102000
2026-03-04 21:18:00,-0.06,0.99,5.13,93.57,79.05,5.23,3.20,440.9,119913
2026-03-04 21:19:00,-0.10,1.73,4.91,93.34,70.54,5.21,3.53,441.4,99271
2026-03-04 21:20:00,-0.14,3.40,4.12,92.33,50.41,5.35,3.30,435.7,79272
2026-03-04 21:21:00,-0.79,4.51,1.09,99.97,13.35,4.70,3.21,432.7,76897
2026-03-04 21:22:00,-1.26,4.80,-0.78,104.67,-8.92,5.02,2.71,434.2,98022
2026-03-04 21:23:00,-1.20,4.74,0.16,104.24,1.88,4.89,1.51,414.5,97850
2026-03-04 21:24:00,-0.76,4.72,-2.06,99.18,-23.31,5.21,0.81,402.1,51569
2026-03-04 21:25:00,-0.76,4.62,-2.19,99.31,-25.11,5.17,0.45,426.3,86876
2026-03-04 21:26:00,-0.32,4.65,-1.93,93.91,-22.51,5.04,0.53,436.1,128343
2026-03-04 21:27:00,-0.31,3.21,-3.58,95.43,-47.91,4.82,0.51,416.3,70195
2026-03-04 21:28:00,0.77,4.61,-1.54,80.50,-18.20,4.92,0.38,405.8,47830
2026-03-04 21:29:00,0.65,4.84,-1.09,82.32,-12.55,5.00,2.13,441.6,99342
2026-03-04 21:30:00,0.22,5.10,-0.21,87.56,-2.40,5.11,1.26,438.7,113462
2026-03-04 21:31:00,0.01,5.15,-1.32,89.90,-14.39,5.32,0.89,420.5,55023
2026-03-04 21:32:00,-0.12,5.14,-1.33,91.36,-14.51,5.31,0.90,430.6,87695
2026-03-04 21:33:00,-0.09,4.97,-1.54,91.08,-17.18,5.20,0.90,429.8,95000
2026-03-04 21:34:00,0.03,4.97,-1.76,89.60,-19.54,5.27,0.86,429.2,89427
2026-03-04 21:35:00,0.01,4.70,-2.34,89.89,-26.50,5.25,1.52,417.6,54199
2026-03-04 21:36:00,-0.23,4.23,-2.93,93.11,-34.71,5.15,1.35,413.1,50825
2026-03-04 21:37:00,-0.09,4.06,-3.16,91.26,-37.94,5.14,0.49,427.1,84509
2026-03-04 21:38:00,-0.10,4.07,-3.05,91.34,-36.85,5.08,0.45,428.6,83519
2026-03-04 21:39:00,0.07,4.02,-2.86,89.01,-35.48,4.93,1.20,413.5,64327
2026-03-04 21:40:00,-0.04,4.18,-2.80,90.55,-33.84,5.03,2.86,413.4,48005
2026-03-04 21:41:00,-0.53,4.22,-2.72,97.16,-32.62,5.05,0.85,423.1,84194
2026-03-04 21:42:00,-0.63,4.66,-2.14,97.75,-24.44,5.16,2.23,442.5,86090
2026-03-04 21:43:00,-0.29,3.39,-3.45,94.84,-45.43,4.85,0.57,410.2,50260
2026-03-04 21:44:00,-0.42,4.13,-3.09,95.78,-36.66,5.18,1.62,450.4,83291
2026-03-04 21:45:00,0.24,4.95,-1.75,87.26,-19.41,5.26,2.00,441.7,72988
2026-03-04 21:46:00,0.32,5.11,-0.97,86.38,-10.76,5.21,0.78,423.2,66178
2026-03-04 21:47:00,0.98,4.62,1.75,78.03,20.38,5.04,0.80,408.7,40066
2026-03-04 21:48:00,0.13,4.89,1.79,88.51,20.11,5.21,0.85,405.7,33772
2026-03-04 21:49:00,-0.01,4.45,2.85,90.07,32.70,5.28,2.48,420.2,67375
2026-03-04 21:50:00,-0.04,4.91,1.71,90.41,19.18,5.19,2.57,432.4,89796
2026-03-04 21:51:00,-0.40,5.09,-0.43,94.46,-4.84,5.13,2.66,443.1,110261
2026-03-04 21:52:00,-0.79,4.77,-0.30,99.41,-3.59,4.84,2.10,436.7,99041
2026-03-04 21:53:00,-0.86,3.65,4.07,103.32,47.35,5.54,1.79,421.4,78649
2026-03-04 21:54:00,-0.87,4.23,3.35,101.60,37.81,5.47,2.31,406.5,58707
2026-03-04 21:55:00,-0.23,4.19,3.34,93.08,38.56,5.36,2.47,406.4,46973
2026-03-04 21:56:00,-0.30,4.62,2.64,93.69,29.70,5.33,3.01,439.1,102019
2026-03-04 21:57:00,-0.59,4.97,1.88,96.73,20.58,5.35,2.63,417.9,74993
2026-03-04 21:58:00,-1.08,4.95,1.89,102.25,20.48,5.41,2.07,407.8,45927
2026-03-04 21:59:00,-1.01,4.28,1.60,103.23,19.98,4.67,2.62,424.9,121038
2026-03-04 22:00:00,-0.31,4.73,2.27,93.70,25.64,5.25,3.09,418.8,89716
2026-03-04 22:01:00,-0.15,5.13,0.67,91.67,7.48,5.18,2.21,426.3,75271
2026-03-04 22:02:00,-1.55,4.71,-0.27,108.17,-3.08,4.97,1.57,407.9,38455
2026-03-04 22:03:00,0.46,4.15,1.68,83.64,21.88,4.50,2.67,432.2,57635
2026-03-04 22:04:00,0.17,4.91,1.34,88.06,15.22,5.09,3.18,447.2,83122
2026-03-04 22:05:00,0.84,4.17,2.70,78.63,32.38,5.04,2.21,428.7,71443
2026-03-04 22:06:00,1.54,3.55,3.12,66.57,38.88,4.97,2.28,425.0,64065
2026-03-04 22:07:00,1.21,3.81,2.93,72.40,36.25,4.96,2.95,433.7,69518
2026-03-04 22:08:00,0.67,4.29,2.46,81.11,29.55,5.00,3.54,440.5,88491
2026-03-04 22:09:00,0.56,4.46,2.36,82.79,27.65,5.08,3.07,426.9,73482
2026-03-04 22:10:00,0.42,4.55,2.20,84.74,25.71,5.07,2.26,416.7,65864
2026-03-04 22:11:00,0.54,4.47,2.46,83.17,28.63,5.12,3.16,444.3,129479
2026-03-04 22:12:00,0.65,3.94,3.25,80.64,39.11,5.15,3.05,433.1,78859
2026-03-04 22:13:00,0.51,4.11,2.76,82.90,33.63,4.98,3.10,432.4,76405
2026-03-04 22:14:00,0.13,4.97,1.44,88.56,16.11,5.18,2.17,413.1,37284
2026-03-04 22:15:00,-0.22,4.70,2.42,92.71,27.17,5.29,2.97,440.6,114755
2026-03-04 22:16:00,-0.20,4.87,2.11,92.40,23.39,5.31,2.96,434.8,109050
2026-03-04 22:17:00,-0.07,4.95,1.80,90.83,20.03,5.26,1.71,398.0,31173
2026-03-04 22:18:00,0.13,5.08,1.21,88.55,13.37,5.23,2.36,440.5,124651
2026-03-04 22:19:00,-0.22,4.78,-1.14,92.69,-13.44,4.92,2.56,441.4,100373
2026-03-04 22:20:00,0.22,5.02,-0.80,87.48,-9.08,5.09,1.84,442.1,73101
2026-03-04 22:21:00,1.02,4.81,-1.02,78.04,-11.76,5.02,1.57,442.9,66776
2026-03-04 22:22:00,0.50,4.86,0.18,84.14,2.13,4.89,1.21,429.2,57208
2026-03-04 22:23:00,-1.40,3.13,4.37,114.14,51.86,5.55,1.87,422.0,67017
2026-03-04 22:24:00,-1.51,3.92,3.74,111.04,41.69,5.62,2.50,407.6,60803
2026-03-04 22:25:00,-1.38,3.46,4.12,111.78,47.86,5.55,3.05,408.4,70936
2026-03-04 22:26:00,-1.19,4.36,2.17,105.24,25.63,5.01,3.64,423.9,99068
2026-03-04 22:27:00,-0.45,4.53,2.82,95.65,31.79,5.35,3.35,424.6,74528
2026-03-04 22:28:00,-0.59,4.31,3.41,97.86,38.11,5.53,3.19,418.6,65444
2026-03-04 22:29:00,-0.48,4.31,3.22,96.39,36.61,5.40,2.51,400.3,36178
2026-03-04 22:30:00,-1.62,4.95,0.94,108.07,10.26,5.29,3.55,434.7,105433
2026-03-04 22:31:00,-1.96,3.69,-0.02,117.99,-0.33,4.18,3.89,430.7,104685
2026-03-04 22:32:00,1.28,4.22,1.86,73.16,22.80,4.79,0.94,410.7,39777
2026-03-04 22:33:00,1.15,4.58,1.39,75.91,16.43,4.92,2.84,439.7,77775
2026-03-04 22:34:00,1.44,4.57,0.81,72.53,9.57,4.86,2.01,447.5,93194
2026-03-04 22:35:00,1.26,4.72,0.89,75.07,10.32,4.96,2.63,448.2,111840
2026-03-04 22:36:00,1.16,4.80,1.05,76.46,12.00,5.04,1.81,430.8,54837
2026-03-04 22:37:00,0.53,4.66,2.06,83.49,23.69,5.12,2.45,435.2,83964
2026-03-04 22:38:00,-0.01,4.50,2.06,90.19,24.60,4.94,3.02,434.7,99525
2026-03-04 22:39:00,-3.20,-2.34,3.23,216.15,39.18,5.11,2.63,416.5,87350
2026-03-04 22:40:00,-3.48,-3.09,3.09,221.59,33.57,5.59,1.76,393.5,60072
2026-03-04 22:41:00,-3.22,-2.91,3.46,222.10,38.63,5.55,1.95,393.7,61746
2026-03-04 22:42:00,-3.47,-2.65,3.20,217.45,36.25,5.41,3.01,410.6,99137
2026-03-04 22:43:00,-3.58,-2.14,3.25,210.88,37.91,5.28,2.89,406.1,90654
2026-03-04 22:44:00,-3.67,-2.06,3.23,209.26,37.53,5.31,2.75,401.1,88056
2026-03-04 22:45:00,-3.29,-1.75,3.70,208.09,44.79,5.25,2.57,398.8,87211
2026-03-04 22:46:00,-3.29,-2.01,3.71,211.36,43.95,5.35,2.56,400.4,78366
2026-03-04 22:47:00,-3.11,-1.74,3.90,209.24,47.59,5.28,2.52,408.0,78200
2026-03-04 22:48:00,-3.14,0.02,4.40,179.56,54.51,5.41,2.87,396.7,84050
2026-03-04 22:49:00,-2.53,-0.19,4.76,184.25,61.94,5.40,2.81,406.1,85155
2026-03-04 22:50:00,-2.35,-0.10,4.77,182.37,63.78,5.32,2.57,406.8,78250
2026-03-04 22:51:00,-2.24,0.08,4.38,178.05,62.84,4.92,2.55,408.3,87990
2026-03-04 22:52:00,-2.88,0.39,4.54,172.25,57.41,5.39,2.34,410.3,90866
2026-03-04 22:53:00,-3.63,-1.10,3.56,196.85,43.21,5.20,2.59,405.7,83874
2026-03-04 22:54:00,-3.43,-1.71,3.59,206.53,43.18,5.25,2.75,403.1,80346
2026-03-04 22:55:00,-3.77,-2.46,3.26,213.12,35.98,5.56,2.69,401.5,81121
2026-03-04 22:56:00,-4.15,-0.74,3.70,190.14,41.25,5.61,2.71,397.8,81685
2026-03-04 22:57:00,-4.58,-0.59,3.32,187.29,35.72,5.69,2.69,392.3,83003
2026-03-04 22:58:00,-4.00,1.25,3.75,162.67,41.79,5.63,2.82,391.1,82244
2026-03-04 22:59:00,-4.02,1.17,3.64,163.77,40.97,5.54,3.22,393.2,78514
2026-03-04 23:00:00,-3.50,-0.03,4.29,180.56,50.79,5.54,3.04,395.8,78872
2026-03-04 23:01:00,-3.39,0.61,3.98,169.75,49.14,5.27,2.40,399.4,88282
2026-03-04 23:02:00,-0.62,-3.06,3.81,258.61,50.71,4.93,2.28,402.2,122811
2026-03-04 23:03:00,-1.94,-0.36,4.20,190.50,64.88,4.64,2.49,420.2,67912
2026-03-04 23:04:00,-1.22,2.78,3.98,113.70,52.65,5.01,2.85,409.8,87819
2026-03-04 23:05:00,-2.68,1.88,3.82,145.00,49.43,5.03,3.16,427.0,80752
2026-03-04 23:06:00,-2.33,1.82,4.36,141.92,55.87,5.26,2.51,405.7,74310
2026-03-04 23:07:00,-1.23,2.95,3.91,112.68,50.73,5.05,3.03,411.8,79654
2026-03-04 23:08:00,-0.60,3.54,3.65,99.65,45.47,5.12,3.43,422.0,74306
2026-03-04 23:09:00,-0.43,4.22,2.75,95.79,32.94,5.06,3.08,424.1,73759
2026-03-04 23:10:00,-0.34,4.42,2.37,94.43,28.16,5.03,2.74,423.3,70907
2026-03-04 23:11:00,-0.84,4.67,2.00,100.19,22.85,5.15,2.59,422.8,72518
2026-03-04 23:12:00,-0.55,4.47,2.35,97.04,27.55,5.08,2.51,423.8,73609
2026-03-04 23:13:00,-0.76,4.71,2.23,99.20,25.09,5.27,2.53,422.5,70483
2026-03-04 23:14:00,-1.25,4.81,1.89,104.54,20.83,5.32,2.63,417.2,71222
2026-03-04 23:15:00,0.09,4.34,2.26,88.81,27.52,4.90,2.79,419.4,70867
2026-03-04 23:16:00,1.26,3.86,3.00,71.88,36.48,5.05,2.94,432.3,64570
2026-03-04 23:17:00,-0.14,4.38,2.66,91.80,31.28,5.12,3.00,432.9,67317
2026-03-04 23:18:00,-2.35,4.26,2.40,118.91,26.23,5.42,3.01,413.3,73823
2026-03-04 23:19:00,-1.14,4.23,2.14,105.03,26.05,4.87,2.93,400.3,70060
2026-03-04 23:20:00,0.67,4.42,2.12,81.39,25.31,4.95,2.46,442.8,61443
2026-03-04 23:21:00,0.13,4.60,2.34,88.35,26.96,5.17,2.53,426.4,61027
2026-03-04 23:22:00,0.97,4.81,1.24,78.56,14.21,5.06,2.11,432.6,61374
2026-03-04 23:23:00,0.67,4.96,0.18,82.35,2.06,5.01,2.02,431.8,64656
2026-03-04 23:24:00,1.02,4.83,-0.58,78.09,-6.70,4.97,1.23,432.2,65522
2026-03-04 23:25:00,1.48,4.22,-1.63,70.71,-19.98,4.76,0.55,420.5,78290
2026-03-04 23:26:00,0.69,4.55,-1.05,81.41,-12.88,4.72,0.74,421.6,72128
2026-03-04 23:27:00,0.09,4.96,-0.99,88.94,-11.33,5.06,1.01,426.4,63771
2026-03-04 23:28:00,0.37,4.95,-0.60,85.68,-6.95,5.00,1.39,426.0,78518
2026-03-04 23:29:00,-0.27,4.78,-0.86,93.28,-10.16,4.86,1.26,423.9,82177
2026-03-04 23:30:00,0.05,4.86,-1.01,89.47,-11.69,4.97,1.10,421.6,80849
2026-03-04 23:31:00,0.90,4.53,-1.30,78.72,-15.67,4.80,1.05,424.0,73521
2026-03-04 23:32:00,0.30,4.88,-0.78,86.50,-9.09,4.95,0.87,425.6,87029
2026-03-04 23:33:00,0.67,4.68,0.67,81.81,8.12,4.78,1.29,424.1,70925
2026-03-04 23:34:00,0.64,4.71,0.59,82.22,7.03,4.79,2.81,433.3,65810
2026-03-04 23:35:00,0.66,4.81,-0.34,82.18,-3.98,4.87,1.45,421.2,63683
2026-03-04 23:36:00,0.15,4.94,0.53,88.28,6.18,4.97,1.88,428.5,72061
2026-03-04 23:37:00,-0.69,4.72,1.84,98.36,21.14,5.11,2.72,422.6,62621
2026-03-04 23:38:00,-0.92,4.43,2.13,101.69,25.18,5.00,1.95,426.2,53698
2026-03-04 23:39:00,-1.34,3.97,3.26,108.67,37.91,5.31,2.90,418.0,65987
2026-03-04 23:40:00,-1.67,3.88,3.26,113.29,37.68,5.34,2.87,412.5,67348
2026-03-04 23:41:00,-1.85,3.93,3.14,115.21,35.79,5.36,2.91,409.0,69989
2026-03-04 23:42:00,-2.25,2.85,3.94,128.38,47.38,5.36,2.71,408.5,65267
2026-03-04 23:43:00,-1.90,3.47,3.25,118.70,39.34,5.12,2.75,406.4,67038
2026-03-04 23:44:00,-0.02,4.87,1.20,90.19,13.81,5.02,2.46,413.6,72431
2026-03-04 23:45:00,0.20,4.75,1.26,87.63,14.90,4.91,2.02,426.4,70174
2026-03-04 23:46:00,-0.82,4.86,1.33,99.52,15.16,5.11,2.04,426.1,63769
2026-03-04 23:47:00,-0.13,4.83,0.82,91.54,9.63,4.90,1.71,420.8,59394
2026-03-04 23:48:00,-1.31,4.95,1.40,104.82,15.28,5.31,1.68,423.5,61600
2026-03-04 23:49:00,0.19,4.00,2.69,87.32,33.95,4.82,2.01,418.9,55577
2026-03-04 23:50:00,-0.44,4.76,1.81,95.23,20.75,5.11,2.80,430.9,52202
2026-03-04 23:51:00,-0.91,5.02,0.49,100.24,5.53,5.13,1.56,411.0,49147
2026-03-04 23:52:00,-0.60,5.10,-0.27,96.68,-2.97,5.15,1.23,427.9,62097
2026-03-04 23:53:00,-0.16,5.03,-0.31,91.85,-3.54,5.04,1.47,420.8,61664
2026-03-04 23:54:00,0.17,4.90,0.17,88.06,1.99,4.91,1.25,428.1,61080
2026-03-04 23:55:00,0.13,4.80,1.39,88.51,16.12,5.00,1.54,425.8,54734
2026-03-04 23:56:00,0.39,4.79,1.39,85.33,16.17,5.00,2.08,424.9,55977
2026-03-04 23:57:00,1.63,4.44,0.71,69.86,8.53,4.78,2.08,432.3,65152
2026-03-04 23:58:00,1.91,4.23,0.81,65.71,9.88,4.71,2.11,441.1,67035
2026-03-04 23:59:00,0.79,4.83,0.98,80.72,11.32,4.99,2.21,437.3,61472
2026-03-05 00:00:00,0.34,4.93,0.98,86.11,11.22,5.04,2.25,431.0,57884
2026-03-05 00:01:00,0.11,5.03,0.43,88.78,4.85,5.05,1.72,427.9,45430
2026-03-05 00:02:00,0.06,4.70,0.33,89.29,4.03,4.72,1.87,434.5,51318
2026-03-05 00:03:00,1.41,3.92,2.19,70.21,27.77,4.71,2.33,446.6,64688
2026-03-05 00:04:00,1.04,4.57,0.27,77.19,3.27,4.69,2.58,442.7,65535
2026-03-05 00:05:00,1.04,4.48,1.56,76.91,18.71,4.85,1.89,437.2,52844
2026-03-05 00:06:00,0.52,4.78,0.03,83.75,0.34,4.81,2.18,435.2,63953
2026-03-05 00:07:00,-0.37,4.22,1.36,95.04,17.73,4.45,0.87,426.9,87067
2026-03-05 00:08:00,-0.62,4.65,1.35,97.62,16.11,4.88,2.89,414.4,66373
2026-03-05 00:09:00,0.25,4.81,-0.89,87.03,-10.50,4.90,1.35,419.8,72007
2026-03-05 00:10:00,0.18,4.76,1.08,87.82,12.81,4.88,1.56,429.2,58976
2026-03-05 00:11:00,-0.12,4.73,1.50,91.44,17.55,4.96,2.22,426.0,70832
2026-03-05 00:12:00,-1.93,4.69,0.88,112.32,9.89,5.15,2.27,418.8,68937
2026-03-05 00:13:00,-1.79,4.75,-1.01,110.67,-11.29,5.18,1.56,411.4,71008
2026-03-05 00:14:00,-1.67,4.42,-2.14,110.64,-24.34,5.19,0.87,413.7,77306
2026-03-05 00:15:00,-1.51,4.68,-1.71,107.90,-19.20,5.21,0.58,415.7,73680
2026-03-05 00:16:00,-1.87,4.61,-1.76,112.02,-19.47,5.28,0.54,412.3,69346
2026-03-05 00:17:00,-1.71,4.84,-1.12,109.43,-12.34,5.25,0.63,410.3,66268
2026-03-05 00:18:00,-1.88,4.83,-1.11,111.32,-12.11,5.30,0.71,411.9,70074
2026-03-05 00:19:00,-1.62,4.69,-1.77,109.06,-19.62,5.27,0.57,414.0,88435
2026-03-05 00:20:00,-1.64,4.46,-2.21,110.19,-24.96,5.24,0.45,416.1,76835
2026-03-05 00:21:00,-1.21,4.05,-2.90,106.63,-34.42,5.12,0.39,420.3,65717
2026-03-05 00:22:00,-1.12,4.13,-2.75,105.23,-32.75,5.08,0.18,416.4,75940
2026-03-05 00:23:00,-1.49,4.17,-2.28,109.70,-27.24,4.99,0.30,418.4,91075
2026-03-05 00:24:00,-1.62,3.93,-2.77,112.36,-33.08,5.07,0.62,422.1,74377
2026-03-05 00:25:00,-2.11,3.28,-3.23,122.72,-39.64,5.07,0.28,428.3,85253
2026-03-05 00:26:00,-0.40,4.01,1.29,95.74,17.68,4.23,2.44,427.0,62875
2026-03-05 00:27:00,-0.62,4.80,-0.28,97.33,-3.34,4.85,1.57,418.1,75569
2026-03-05 00:28:00,-0.70,4.70,0.87,98.42,10.34,4.83,1.75,418.3,77903
2026-03-05 00:29:00,-0.59,3.80,-2.16,98.86,-29.36,4.41,1.20,420.8,78222
2026-03-05 00:30:00,-0.29,2.63,-1.61,96.35,-31.32,3.10,1.34,421.0,83956
2026-03-05 00:31:00,-1.73,4.12,-0.54,112.77,-6.86,4.50,1.52,419.2,86994
2026-03-05 00:32:00,-2.58,3.83,-0.78,123.93,-9.57,4.68,1.39,415.5,93468
2026-03-05 00:33:00,-2.35,3.75,-1.06,122.01,-13.52,4.55,1.40,412.7,101336
2026-03-05 00:34:00,-1.87,3.91,-1.25,115.58,-16.12,4.52,1.14,422.1,84928
2026-03-05 00:35:00,-1.18,4.03,-1.04,106.35,-13.96,4.33,1.17,422.1,83125
2026-03-05 00:36:00,-0.89,3.93,-1.15,102.74,-15.89,4.19,1.20,421.4,78460
2026-03-05 00:37:00,-1.73,3.43,-2.39,116.76,-31.91,4.53,1.05,419.8,80176
2026-03-05 00:38:00,-0.47,3.56,-1.85,97.58,-27.28,4.05,1.07,423.5,84320
2026-03-05 00:39:00,0.22,3.08,-2.40,85.97,-37.82,3.92,1.21,420.3,93276
2026-03-05 00:40:00,-0.60,2.90,-2.84,101.70,-43.74,4.10,1.20,419.8,92000
2026-03-05 00:41:00,-0.90,2.77,-3.05,107.97,-46.28,4.22,1.09,420.9,86477
2026-03-05 00:42:00,-0.94,2.74,-3.16,108.91,-47.49,4.28,1.06,421.1,89587
2026-03-05 00:43:00,-2.18,2.38,-3.27,132.47,-45.40,4.59,0.99,422.0,87026
2026-03-05 00:44:00,-1.62,2.03,-3.60,128.60,-54.14,4.44,0.97,422.8,84668
2026-03-05 00:45:00,-2.06,1.20,-3.73,149.79,-57.40,4.43,1.05,422.1,85609
2026-03-05 00:46:00,-2.22,0.94,-3.64,156.97,-56.49,4.37,1.17,421.7,92888
2026-03-05 00:47:00,-2.58,2.15,-2.39,140.18,-35.41,4.12,1.33,416.7,101804
2026-03-05 00:48:00,-3.48,3.20,-0.01,137.35,-0.10,4.73,1.74,407.9,101863
2026-03-05 00:49:00,-4.27,2.62,0.87,148.53,9.80,5.08,2.10,399.1,98555
2026-03-05 00:50:00,-4.01,3.39,0.62,139.79,6.77,5.29,1.98,393.1,99533
2026-03-05 00:51:00,-3.50,3.35,0.43,136.29,5.03,4.86,1.54,400.2,95092
2026-03-05 00:52:00,-4.23,2.80,1.40,146.52,15.46,5.26,1.16,414.7,88226
2026-03-05 00:53:00,-4.26,2.77,1.42,147.00,15.58,5.27,2.30,394.6,92572
2026-03-05 00:54:00,-4.26,2.86,0.81,146.12,8.93,5.19,2.24,396.9,98792
2026-03-05 00:55:00,-4.37,1.24,-1.23,164.17,-15.12,4.70,1.90,398.9,105548
2026-03-05 00:56:00,-4.05,-0.07,-3.00,181.03,-36.53,5.03,1.23,412.0,114285
2026-03-05 00:57:00,-3.53,1.92,-2.51,151.40,-32.02,4.74,1.36,411.3,122272
2026-03-05 00:58:00,-2.64,2.27,-3.05,139.27,-41.19,4.63,1.06,418.1,105381
2026-03-05 00:59:00,-3.52,3.10,-1.58,138.58,-18.63,4.95,0.98,421.4,95106
2026-03-05 01:00:00,-3.69,3.36,-0.95,137.68,-10.82,5.08,1.42,405.9,119971
2026-03-05 01:01:00,-3.04,3.62,-1.71,129.99,-19.93,5.02,1.34,408.3,126951
2026-03-05 01:02:00,-2.96,3.68,-1.78,128.83,-20.69,5.05,1.10,415.0,121678
2026-03-05 01:03:00,-3.02,3.97,-1.18,127.26,-13.27,5.13,1.00,409.1,102006
2026-03-05 01:04:00,-2.95,4.04,-0.48,126.11,-5.43,5.02,1.09,404.5,89321
2026-03-05 01:05:00,-3.46,3.71,-0.86,133.03,-9.62,5.15,1.18,408.3,103270
2026-03-05 01:06:00,-3.28,4.05,-0.33,129.01,-3.60,5.23,1.12,410.4,120326
2026-03-05 01:07:00,-3.42,3.91,0.23,131.19,2.54,5.20,0.46,361.5,11019
2026-03-05 01:08:00,-1.76,4.03,0.79,113.57,10.23,4.47,0.85,374.6,25302
2026-03-05 01:09:00,-0.06,4.13,1.54,90.85,20.47,4.40,2.37,426.5,83510
2026-03-05 01:10:00,-0.44,4.26,1.26,95.88,16.41,4.46,2.25,422.5,88801
2026-03-05 01:11:00,-1.80,4.70,0.60,111.01,6.83,5.07,1.52,415.9,64711
2026-03-05 01:12:00,-1.40,4.67,0.44,106.71,5.14,4.90,1.73,411.6,87210
2026-03-05 01:13:00,-1.40,4.35,0.64,107.89,8.00,4.61,1.40,411.1,80875
2026-03-05 01:14:00,-1.55,3.94,1.78,111.47,22.78,4.59,1.60,415.3,84540
2026-03-05 01:15:00,-1.38,3.98,1.46,109.16,19.16,4.46,1.97,412.9,98764
2026-03-05 01:16:00,-1.31,4.03,1.32,108.01,17.31,4.44,1.95,415.2,91944
2026-03-05 01:17:00,-0.47,4.46,-0.56,95.99,-7.06,4.52,1.35,417.3,91756
2026-03-05 01:18:00,-0.06,4.64,-0.82,90.78,-9.99,4.71,1.16,418.0,89082
2026-03-05 01:19:00,-0.20,4.57,-0.55,92.50,-6.84,4.61,1.03,420.2,86514
2026-03-05 01:20:00,-1.11,4.85,0.18,102.93,2.02,4.98,1.13,417.6,81059
2026-03-05 01:21:00,-1.20,4.78,-0.39,104.09,-4.58,4.95,1.26,413.1,73757
2026-03-05 01:22:00,-1.32,4.84,-0.42,105.23,-4.81,5.04,1.02,414.0,75208
2026-03-05 01:23:00,-1.19,4.94,-0.39,103.51,-4.42,5.09,1.11,414.8,79440
2026-03-05 01:24:00,-1.22,4.67,-0.27,104.67,-3.21,4.83,1.19,416.0,79590
2026-03-05 01:25:00,-0.68,4.40,-0.71,98.77,-9.11,4.51,1.29,416.1,87534
2026-03-05 01:26:00,-1.30,4.37,-0.23,106.52,-2.90,4.56,1.06,420.1,84122
2026-03-05 01:27:00,-3.76,2.71,1.53,144.24,18.25,4.88,1.43,413.5,67748
2026-03-05 01:28:00,-4.46,1.48,2.49,161.61,27.91,5.32,2.05,393.1,92631
2026-03-05 01:29:00,-4.69,1.50,1.82,162.24,20.30,5.25,2.28,389.8,92962
2026-03-05 01:30:00,-4.04,1.55,2.85,159.00,33.43,5.18,2.45,390.8,93648
2026-03-05 01:31:00,-3.94,2.08,2.64,152.15,30.60,5.18,2.52,393.7,88790
2026-03-05 01:32:00,-4.29,0.74,3.00,170.25,34.61,5.29,2.76,391.2,86173
2026-03-05 01:33:00,-2.03,3.86,0.98,117.67,12.64,4.47,2.63,398.2,90520
2026-03-05 01:34:00,0.17,4.13,-0.68,87.68,-9.37,4.19,1.75,414.0,103365
2026-03-05 01:35:00,-1.15,4.22,0.04,105.24,0.49,4.38,1.46,416.4,106108
2026-03-05 01:36:00,-1.93,3.56,0.23,118.46,3.30,4.05,1.53,411.7,94352
2026-03-05 01:37:00,-0.62,3.31,-0.75,100.51,-12.59,3.45,1.36,416.9,92487
2026-03-05 01:38:00,0.69,3.85,-1.12,79.87,-16.03,4.07,1.31,425.8,105471
2026-03-05 01:39:00,0.19,4.09,0.28,87.36,3.89,4.10,1.32,427.9,109341
2026-03-05 01:40:00,0.92,3.69,-0.31,75.94,-4.66,3.82,1.67,435.5,85702
2026-03-05 01:41:00,-0.95,3.39,-1.29,105.65,-20.09,3.75,1.58,433.6,88128
2026-03-05 01:42:00,-1.15,2.95,-2.12,111.29,-33.76,3.81,1.00,421.2,102182
2026-03-05 01:43:00,-0.77,4.35,1.18,100.02,14.94,4.57,1.49,419.8,78222
2026-03-05 01:44:00,-0.94,4.42,1.35,102.05,16.63,4.72,2.43,415.3,85335
2026-03-05 01:45:00,-0.48,3.80,2.37,97.16,31.72,4.50,2.31,419.2,90620
2026-03-05 01:46:00,-0.40,3.45,2.76,96.65,38.43,4.44,2.61,419.6,83772
2026-03-05 01:47:00,-0.87,3.43,2.74,104.29,37.74,4.48,2.74,416.8,86006
2026-03-05 01:48:00,-0.97,3.48,2.64,105.51,36.12,4.47,2.68,415.0,86965
2026-03-05 01:49:00,-1.30,3.42,2.87,110.74,38.10,4.65,2.76,414.7,90015
2026-03-05 01:50:00,-1.57,4.18,1.86,110.57,22.59,4.84,2.49,413.8,81051
2026-03-05 01:51:00,-1.07,4.15,1.96,104.52,24.62,4.71,2.41,413.7,79226
2026-03-05 01:52:00,-0.94,4.02,2.19,103.15,27.99,4.68,2.42,415.5,82177
2026-03-05 01:53:00,-1.33,4.08,2.23,108.05,27.44,4.84,2.41,414.3,78373
2026-03-05 01:54:00,-1.50,4.45,0.72,108.64,8.68,4.75,2.31,410.9,78263
2026-03-05 01:55:00,-1.59,4.39,1.33,109.93,15.90,4.85,1.81,412.8,81354
2026-03-05 01:56:00,-2.26,3.95,2.11,119.79,24.89,5.01,2.13,412.0,74352
2026-03-05 01:57:00,-2.96,3.03,2.85,134.33,33.91,5.10,2.56,403.3,77872
2026-03-05 01:58:00,-2.92,2.85,2.65,135.70,32.98,4.87,2.66,400.8,85141
2026-03-05 01:59:00,-3.32,1.23,3.04,159.71,40.64,4.66,2.45,400.3,80971
2026-03-05 02:00:00,-3.21,2.35,2.36,143.84,30.67,4.62,2.68,403.6,99514
2026-03-05 02:01:00,-3.02,2.31,2.68,142.52,35.22,4.65,2.27,401.4,99376
2026-03-05 02:02:00,-3.55,1.36,3.24,159.10,40.40,4.99,2.71,397.2,85185
2026-03-05 02:03:00,-1.00,2.15,3.07,114.92,52.33,3.88,2.79,398.8,88651
2026-03-05 02:04:00,-0.16,2.23,3.60,94.07,58.16,4.24,3.12,416.6,90594
2026-03-05 02:05:00,-1.55,2.81,3.50,118.89,47.51,4.75,2.68,417.1,66322
2026-03-05 02:06:00,-1.80,2.95,3.27,121.40,43.37,4.76,2.53,411.1,65327
2026-03-05 02:07:00,-0.77,4.01,2.07,100.89,26.85,4.57,2.45,414.2,80293
2026-03-05 02:08:00,-1.20,3.91,2.36,107.05,29.97,4.72,2.35,417.6,83360
2026-03-05 02:09:00,-1.47,4.05,2.31,109.92,28.20,4.89,2.46,413.5,78937
2026-03-05 02:10:00,-1.26,4.13,2.17,106.94,26.73,4.83,2.59,410.0,78498
2026-03-05 02:11:00,-1.04,4.05,2.03,104.38,25.92,4.64,2.53,413.3,79280
2026-03-05 02:12:00,-1.59,3.06,3.33,117.44,44.04,4.79,2.17,417.8,80089
2026-03-05 02:13:00,-2.36,2.53,3.43,133.04,44.72,4.87,2.75,404.0,86136
2026-03-05 02:14:00,-2.56,2.31,3.41,137.95,44.69,4.84,2.76,404.1,86419
2026-03-05 02:15:00,-2.77,2.98,2.63,132.91,32.91,4.85,2.88,405.0,90374
2026-03-05 02:16:00,-2.90,3.50,1.98,129.65,23.55,4.96,2.51,403.8,83133
2026-03-05 02:17:00,-3.43,3.58,1.01,133.74,11.54,5.06,2.15,400.2,94267
2026-03-05 02:18:00,-3.05,3.62,1.37,130.07,16.17,4.93,2.43,401.6,89071
2026-03-05 02:19:00,-2.50,3.77,1.34,123.50,16.55,4.72,1.71,403.5,88977
2026-03-05 02:20:00,-1.82,3.56,2.56,117.11,32.67,4.75,2.37,408.6,79605
2026-03-05 02:21:00,-2.12,3.55,2.64,120.84,32.61,4.91,2.76,408.1,85911
2026-03-05 02:22:00,-2.14,3.79,2.26,119.40,27.40,4.90,2.61,405.6,88161
2026-03-05 02:23:00,-2.16,3.35,2.65,122.79,33.56,4.79,2.81,408.2,91513
2026-03-05 02:24:00,-2.65,4.33,-0.30,121.42,-3.33,5.09,2.30,407.8,100129
2026-03-05 02:25:00,-3.07,3.60,-1.74,130.43,-20.17,5.04,1.25,408.0,106416
2026-03-05 02:26:00,-3.08,2.84,-2.65,137.32,-32.28,4.96,1.00,416.0,107712
2026-03-05 02:27:00,-2.34,2.31,-3.29,135.34,-45.01,4.65,0.90,419.8,100009
2026-03-05 02:28:00,-1.66,1.71,-3.42,134.21,-55.15,4.16,0.83,422.3,84421
2026-03-05 02:29:00,-1.56,1.74,-3.77,131.87,-58.26,4.43,1.00,421.8,84924
2026-03-05 02:30:00,-2.84,3.29,-1.82,130.75,-22.76,4.71,0.94,421.1,91200
2026-03-05 02:31:00,-2.19,3.59,-1.80,121.44,-23.19,4.58,1.01,419.3,94740
2026-03-05 02:32:00,-3.20,3.63,1.20,131.41,13.87,4.99,1.60,409.8,76243
2026-03-05 02:33:00,-3.67,2.77,2.40,142.96,27.52,5.19,2.16,401.0,85421
2026-03-05 02:34:00,-3.46,2.89,2.39,140.11,27.98,5.10,2.37,398.1,82800
2026-03-05 02:35:00,-2.29,3.84,0.57,120.77,7.22,4.51,2.22,401.8,103418
2026-03-05 02:36:00,-0.46,4.29,0.17,96.17,2.27,4.32,1.90,410.8,95848
2026-03-05 02:37:00,-2.70,2.47,0.73,137.60,11.28,3.73,1.24,417.1,81570
2026-03-05 02:38:00,-3.44,1.95,2.13,150.50,28.32,4.49,2.05,405.4,79136
2026-03-05 02:39:00,-3.29,1.80,2.72,151.30,35.94,4.63,2.71,398.2,85136
2026-03-05 02:40:00,-4.12,1.36,2.76,161.74,32.42,5.14,2.57,396.1,84776
2026-03-05 02:41:00,-4.31,1.34,2.32,162.68,27.15,5.08,2.47,391.4,81849
2026-03-05 02:42:00,-4.61,0.98,2.09,167.98,23.89,5.16,2.34,390.2,85620
2026-03-05 02:43:00,-4.64,1.01,2.23,167.69,25.15,5.25,2.31,390.0,86901
2026-03-05 02:44:00,-3.56,0.66,3.19,169.54,41.41,4.83,2.66,393.1,85317
2026-03-05 02:45:00,-3.27,0.21,4.03,176.30,50.86,5.19,2.95,399.9,85040
2026-03-05 02:46:00,-3.59,0.59,3.73,170.72,45.66,5.21,3.01,396.0,82151
2026-03-05 02:47:00,-3.54,0.66,3.78,169.43,46.35,5.22,3.01,396.0,82151
2026-03-05 02:48:00,-3.72,1.04,3.40,164.36,41.40,5.15,2.93,395.9,76219
2026-03-05 02:49:00,-3.27,2.27,3.17,145.22,38.54,5.09,3.10,396.8,84514
2026-03-05 02:50:00,-3.62,1.41,3.50,158.71,42.00,5.22,2.97,395.6,78815
2026-03-05 02:51:00,-3.77,0.62,3.68,170.72,43.96,5.31,2.95,395.1,76959
2026-03-05 02:52:00,-3.69,-0.41,3.79,186.35,45.62,5.31,2.99,394.4,71496
2026-03-05 02:53:00,-3.58,-0.23,3.88,183.63,47.30,5.28,2.97,394.5,68398
2026-03-05 02:54:00,-3.57,0.68,3.78,169.27,46.16,5.24,2.89,394.5,72610
2026-03-05 02:55:00,-3.20,0.81,4.14,165.85,51.44,5.30,2.97,396.8,75223
2026-03-05 02:56:00,-3.12,1.65,3.81,152.14,47.20,5.19,2.91,397.3,75056
2026-03-05 02:57:00,-3.36,2.18,3.43,147.04,40.59,5.27,2.72,396.2,76425
2026-03-05 02:58:00,-3.69,1.73,3.32,154.89,39.21,5.25,2.70,396.1,84376
2026-03-05 02:59:00,-3.72,0.00,3.00,180.04,38.87,4.78,2.63,394.8,93224
2026-03-05 03:00:00,-3.64,-1.74,2.82,205.48,34.92,4.92,2.86,396.8,82314
2026-03-05 03:01:00,-4.12,-1.90,1.92,204.82,22.92,4.93,3.06,398.5,83868
2026-03-05 03:02:00,-3.48,-2.19,3.00,212.24,36.13,5.09,2.69,396.6,80574
2026-03-05 03:03:00,-2.90,-3.34,2.45,229.02,28.95,5.06,3.38,402.6,81051
2026-03-05 03:04:00,-2.35,-3.63,2.22,237.15,27.18,4.86,2.84,404.8,72339
2026-03-05 03:05:00,-3.53,-1.25,3.10,199.55,39.57,4.86,2.32,412.9,78390
2026-03-05 03:06:00,-3.75,-0.84,3.54,192.59,42.65,5.23,3.08,397.9,75594
2026-03-05 03:07:00,-3.94,0.08,3.42,178.89,40.95,5.21,2.92,396.6,79213
2026-03-05 03:08:00,-4.04,0.36,3.40,174.89,39.97,5.29,2.83,394.4,76791
2026-03-05 03:09:00,-4.02,0.58,3.18,171.81,38.03,5.16,2.71,392.4,78100
2026-03-05 03:10:00,-4.10,0.18,3.11,177.48,37.17,5.15,2.75,392.3,79316
2026-03-05 03:11:00,-4.24,-0.33,2.85,184.51,33.83,5.11,2.77,391.5,81156
2026-03-05 03:12:00,-3.96,-0.77,3.21,190.99,38.45,5.16,2.72,391.9,78472
2026-03-05 03:13:00,-3.27,-1.67,3.32,207.07,42.14,4.95,2.92,396.5,73458
2026-03-05 03:14:00,-3.47,-3.13,2.12,222.02,24.43,5.13,3.17,400.6,74314
2026-03-05 03:15:00,-3.34,-3.28,2.12,224.48,24.40,5.14,3.04,400.5,75250
2026-03-05 03:16:00,-2.81,-3.33,1.96,229.83,24.26,4.78,2.94,401.4,71144
2026-03-05 03:17:00,-2.70,-2.53,3.32,223.07,41.91,4.97,2.56,401.5,67718
2026-03-05 03:18:00,-3.00,-1.57,3.86,207.62,48.71,5.13,2.51,401.2,83404
2026-03-05 03:20:00,-3.59,-0.56,3.72,188.81,45.68,5.21,2.40,395.6,83828
2026-03-05 03:21:00,-4.41,-1.46,2.87,198.30,31.69,5.45,2.82,392.3,77401
2026-03-05 03:22:00,-4.11,-0.63,3.59,188.74,40.79,5.49,2.70,390.7,71907
2026-03-05 03:23:00,-3.94,-0.39,3.72,185.65,43.22,5.44,2.96,391.2,71595
2026-03-05 03:24:00,-2.78,0.76,4.32,164.73,56.35,5.19,3.20,400.2,75510
2026-03-05 03:25:00,-2.91,0.70,4.38,166.48,55.65,5.30,3.23,401.4,76071
2026-03-05 03:26:00,-2.61,0.67,4.43,165.66,58.76,5.19,3.09,399.6,76915
2026-03-05 03:27:00,-3.19,0.30,4.21,174.66,52.78,5.29,3.05,399.8,77225
2026-03-05 03:28:00,-3.61,1.52,3.62,157.13,42.76,5.33,2.92,397.5,78904
2026-03-05 03:29:00,-3.63,1.36,3.72,159.46,43.81,5.37,2.77,393.7,76926
2026-03-05 03:30:00,-3.62,0.28,4.18,175.66,48.99,5.54,2.96,393.2,69725
2026-03-05 03:31:00,-3.31,1.33,3.94,158.07,47.79,5.32,3.15,394.5,71449
2026-03-05 03:32:00,-1.90,-1.58,3.83,219.68,57.10,4.56,2.76,400.9,81795
2026-03-05 03:33:00,-1.86,-2.27,3.97,230.61,53.48,4.94,2.49,413.5,90660
2026-03-05 03:34:00,-1.91,-2.53,3.81,232.96,50.29,4.95,2.46,410.7,82934
2026-03-05 03:35:00,-2.04,-2.20,4.04,227.15,53.37,5.03,2.47,413.9,78216
2026-03-05 03:36:00,-1.90,-2.24,3.97,229.79,53.47,4.94,2.48,408.4,81116
2026-03-05 03:37:00,-2.11,-2.43,4.02,229.02,51.34,5.15,3.60,410.7,78524
2026-03-05 03:38:00,-2.28,-1.36,4.31,210.89,58.36,5.06,2.52,410.2,74505
2026-03-05 03:39:00,-2.67,-1.01,4.44,200.81,57.24,5.28,2.71,405.1,69316
2026-03-05 03:40:00,-2.55,-0.73,4.58,196.10,59.92,5.29,2.96,406.4,64543
2026-03-05 03:41:00,-3.01,-0.03,4.25,180.62,54.72,5.21,2.92,402.5,68111
2026-03-05 03:42:00,-3.47,0.11,3.93,178.12,48.55,5.25,2.89,398.9,73959
2026-03-05 03:43:00,-3.91,0.64,3.48,170.64,41.35,5.27,2.94,394.7,77289
2026-03-05 03:44:00,-1.74,-0.85,4.38,205.91,66.14,4.79,3.16,397.3,88942
2026-03-05 03:45:00,-1.06,-1.23,4.57,229.26,70.51,4.85,3.08,410.6,92990
2026-03-05 03:46:00,-1.58,-0.32,4.50,191.43,70.27,4.78,2.59,418.1,81709
2026-03-05 03:47:00,-1.67,0.65,4.46,158.55,68.15,4.81,2.68,410.7,80270
2026-03-05 03:48:00,-1.62,-1.41,4.39,221.05,64.01,4.89,2.99,406.4,71359
2026-03-05 03:49:00,-1.78,-1.18,4.40,213.40,64.12,4.89,2.29,407.3,74779
2026-03-05 03:50:00,-2.47,-0.56,4.30,192.72,59.53,4.99,2.42,405.7,77617
2026-03-05 03:51:00,-2.50,-0.83,3.93,198.32,56.18,4.73,2.78,399.4,70122
2026-03-05 03:53:00,1.07,3.87,-1.34,74.53,-18.51,4.23,0.83,422.0,122566
2026-03-05 03:54:00,0.43,4.21,-0.89,84.13,-11.83,4.32,0.84,427.4,100758
2026-03-05 03:55:00,-2.77,2.57,2.79,137.14,36.44,4.70,2.17,401.2,86665
2026-03-05 03:56:00,-2.51,3.53,1.48,125.41,18.90,4.57,2.11,403.8,81130
2026-03-05 03:57:00,-3.28,2.48,2.80,142.91,34.27,4.98,2.28,399.9,78550
2026-03-05 03:58:00,-2.45,3.20,2.62,127.46,33.04,4.80,2.18,404.4,70916
2026-03-05 04:00:00,-3.37,2.92,2.23,139.11,26.58,4.99,2.31,393.8,74634
2026-03-05 04:01:00,-2.57,3.47,2.24,126.54,27.36,4.87,2.48,397.5,76043
2026-03-05 04:02:00,-2.10,3.66,2.31,119.85,28.74,4.81,2.77,403.5,80812
2026-03-05 04:03:00,-0.59,3.56,2.94,99.41,39.17,4.66,2.93,408.4,85196
2026-03-05 04:04:00,-1.15,3.34,3.13,108.95,41.54,4.72,3.14,417.3,83006
2026-03-05 04:05:00,-1.15,3.77,2.49,106.95,32.29,4.66,3.02,409.0,82692
2026-03-05 04:06:00,-2.23,2.17,3.43,135.74,47.79,4.63,2.67,406.2,73331
2026-03-05 04:07:00,-4.02,0.26,2.84,176.33,35.23,4.93,1.86,393.6,98923
2026-03-05 04:08:00,-2.91,1.30,3.76,155.85,49.74,4.93,2.73,390.6,79815
2026-03-05 04:09:00,-2.28,1.24,3.97,151.54,56.83,4.74,3.20,399.7,85269
2026-03-05 04:10:00,-2.11,1.64,4.14,142.18,57.22,4.93,3.08,403.7,77395
2026-03-05 04:11:00,-2.19,2.29,3.68,133.69,49.30,4.85,3.20,404.3,81200
2026-03-05 04:12:00,-3.27,2.57,2.58,141.86,31.80,4.89,2.93,399.1,78533
2026-03-05 04:13:00,-1.56,4.08,-0.06,110.88,-0.73,4.36,2.60,395.1,82352
2026-03-05 04:14:00,-0.34,4.53,0.15,94.32,1.86,4.54,1.73,408.0,71576
2026-03-05 04:15:00,-1.25,4.61,1.34,105.14,15.68,4.96,1.78,412.9,58782
2026-03-05 04:16:00,-1.27,4.74,0.41,105.03,4.82,4.93,2.07,408.0,62069
2026-03-05 04:17:00,-1.44,4.67,0.51,107.17,5.93,4.91,2.14,404.9,71413
2026-03-05 04:18:00,-0.85,4.70,0.66,100.27,7.91,4.82,2.41,406.1,69683
2026-03-05 04:19:00,-1.57,4.62,-0.09,108.83,-1.03,4.88,1.92,411.9,65294
2026-03-05 04:20:00,-1.76,4.61,-0.15,110.92,-1.79,4.94,1.49,405.7,75074
2026-03-05 04:21:00,-2.37,4.14,1.23,119.76,14.47,4.93,1.69,407.1,67355
2026-03-05 04:22:00,-2.62,3.61,2.62,125.99,30.43,5.17,2.80,401.7,67235
2026-03-05 04:23:00,-2.60,3.59,2.74,125.92,31.70,5.21,2.81,397.2,67799
2026-03-05 04:24:00,-2.58,3.48,3.18,126.55,36.28,5.37,3.04,402.4,62628
2026-03-05 04:25:00,-2.40,4.03,2.62,120.83,29.17,5.37,3.04,402.4,62628
2026-03-05 04:26:00,-2.45,4.48,1.12,118.60,12.35,5.23,2.14,398.9,79228
2026-03-05 04:27:00,-1.94,4.76,0.04,112.21,0.43,5.14,1.97,400.4,68289
2026-03-05 04:28:00,-1.73,4.59,-1.13,110.67,-12.97,5.04,1.11,407.6,63827
2026-03-05 04:29:00,-1.61,4.66,-0.86,109.07,-9.85,5.00,0.85,412.0,65715
2026-03-05 04:30:00,-1.71,3.97,-2.52,113.35,-30.24,5.00,0.77,412.2,71410
2026-03-05 04:31:00,-3.00,4.14,0.91,125.94,10.12,5.20,1.49,401.8,64685
2026-03-05 04:32:00,-3.19,3.96,1.92,128.90,20.69,5.44,2.34,393.0,57751
2026-03-05 04:33:00,-2.55,4.01,-0.28,122.46,-3.34,4.76,2.37,394.2,66485
2026-03-05 04:34:00,-3.66,3.65,-0.12,135.07,-1.35,5.17,2.19,393.8,77610
2026-03-05 04:35:00,-3.69,2.96,-2.47,141.22,-27.60,5.34,1.91,395.8,81549
2026-03-05 04:36:00,-3.31,2.89,-2.95,138.86,-33.88,5.30,0.72,414.0,89625
2026-03-05 04:37:00,-3.58,3.67,-1.39,134.28,-15.19,5.32,0.91,410.8,91099
2026-03-05 04:38:00,-3.98,3.28,-1.50,140.50,-16.19,5.37,1.26,399.5,79837
2026-03-05 04:39:00,-2.27,4.59,-0.37,116.34,-4.19,5.13,0.91,405.3,110376
2026-03-05 04:40:00,-2.42,4.53,-0.83,118.15,-9.15,5.20,1.36,399.6,69480
2026-03-05 04:41:00,-2.50,3.99,-2.33,122.05,-26.37,5.25,1.02,406.2,90924
2026-03-05 04:42:00,-2.95,4.00,-1.76,126.42,-19.52,5.27,0.89,408.3,89117
2026-03-05 04:43:00,-2.71,4.00,-1.63,124.06,-18.68,5.10,1.04,402.5,93023
2026-03-05 04:44:00,-1.69,4.69,0.52,109.85,5.92,5.01,2.31,410.7,83308
2026-03-05 04:45:00,-1.60,4.69,0.35,108.80,3.99,4.97,2.60,402.3,82551
2026-03-05 04:46:00,-0.69,4.76,-0.59,98.22,-7.01,4.85,1.84,411.0,73911
2026-03-05 04:47:00,-2.18,4.53,-0.87,115.65,-9.81,5.10,1.21,414.6,69276
2026-03-05 04:48:00,-2.19,4.41,-1.26,116.47,-14.38,5.08,1.02,406.2,81843
2026-03-05 04:49:00,-2.48,4.00,-0.41,121.84,-4.98,4.72,1.02,403.6,90019
2026-03-05 04:50:00,-3.29,3.67,2.06,131.86,22.74,5.34,1.53,401.2,78265
2026-03-05 04:51:00,-3.20,4.01,1.32,128.60,14.38,5.30,2.42,393.5,69226
2026-03-05 04:52:00,-1.44,4.77,0.79,106.82,8.98,5.05,2.27,395.5,76702
2026-03-05 04:53:00,-3.12,4.21,0.99,126.54,10.72,5.33,2.08,406.8,77519
2026-03-05 04:54:00,-2.21,4.53,-0.12,116.04,-1.39,5.04,2.08,395.9,65316
2026-03-05 04:55:00,-0.96,4.19,-1.50,102.94,-19.19,4.56,1.31,405.2,76209
2026-03-05 04:56:00,-0.10,3.77,-2.48,91.55,-33.39,4.51,0.89,420.1,82600
2026-03-05 04:57:00,0.26,3.33,-2.84,85.59,-40.32,4.38,0.99,416.9,79667
2026-03-05 04:58:00,0.76,2.92,-3.08,75.34,-45.57,4.31,1.00,416.7,79457
2026-03-05 04:59:00,0.76,3.08,-2.97,76.09,-43.07,4.35,0.86,416.7,83803
2026-03-05 05:00:00,0.81,3.31,-2.74,76.17,-38.84,4.38,0.83,416.1,86819
2026-03-05 05:01:00,0.76,3.48,-2.46,77.76,-34.66,4.33,0.88,416.5,83329
2026-03-05 05:02:00,0.56,3.95,-1.90,81.86,-25.51,4.42,0.81,423.0,73931
2026-03-05 05:03:00,0.89,3.82,-2.04,76.84,-27.44,4.42,0.81,425.5,82392
2026-03-05 05:04:00,0.59,3.91,-1.98,81.38,-26.54,4.42,0.92,422.6,93425
2026-03-05 05:05:00,0.62,3.92,-1.98,81.05,-26.54,4.43,0.92,423.4,84656
2026-03-05 05:06:00,0.88,3.65,-2.28,76.51,-31.34,4.39,0.81,424.3,77065
2026-03-05 05:07:00,0.18,3.88,-2.40,87.35,-31.71,4.56,0.77,418.4,87604
2026-03-05 05:08:00,-0.06,3.29,-3.12,91.10,-43.44,4.54,0.70,416.2,89018
2026-03-05 05:09:00,0.35,4.03,-2.13,85.04,-27.75,4.57,0.45,406.5,80912
2026-03-05 05:10:00,0.76,3.62,-2.55,78.10,-34.58,4.50,0.89,419.6,76866
2026-03-05 05:11:00,-0.11,3.49,-3.14,91.78,-41.97,4.70,0.63,417.3,89074
2026-03-05 05:12:00,0.13,4.10,-2.21,88.14,-28.25,4.66,0.35,404.8,66648
2026-03-05 05:13:00,0.24,4.29,-2.06,86.74,-25.65,4.76,0.89,416.7,70673
2026-03-05 05:14:00,-0.79,3.47,-3.13,102.75,-41.35,4.74,0.78,413.1,61005
2026-03-05 05:15:00,-0.75,3.85,-2.87,101.02,-36.21,4.86,0.64,415.2,68319
2026-03-05 05:16:00,-0.45,3.90,-2.92,96.63,-36.60,4.89,0.60,417.2,70594
2026-03-05 05:17:00,-1.05,4.24,-2.21,103.89,-26.77,4.90,0.74,409.6,75002
2026-03-05 05:18:00,-1.50,4.44,-1.58,108.65,-18.62,4.94,0.99,405.6,80607
2026-03-05 05:19:00,-1.80,4.40,-1.31,112.23,-15.43,4.93,1.08,408.4,76689
2026-03-05 05:20:00,-1.90,4.54,-0.96,112.76,-11.08,5.01,1.16,407.5,74905
2026-03-05 05:21:00,-1.30,4.13,-2.22,107.51,-27.14,4.87,1.07,406.4,76674
2026-03-05 05:22:00,-1.45,3.88,-2.22,110.44,-28.18,4.69,0.80,410.5,78451
2026-03-05 05:23:00,-2.02,3.88,-2.07,117.51,-25.32,4.84,0.91,408.4,90246
2026-03-05 05:24:00,-1.43,3.53,-2.58,112.01,-34.12,4.60,1.00,403.7,91020
2026-03-05 05:25:00,-1.02,2.61,-3.80,111.23,-53.59,4.73,1.24,410.8,81957
2026-03-05 05:26:00,-1.11,3.02,-3.43,110.20,-46.84,4.71,0.77,415.1,80209
2026-03-05 05:27:00,-0.46,2.74,-3.59,99.45,-52.25,4.54,0.85,414.2,80295
2026-03-05 05:28:00,-0.53,3.39,-2.86,98.95,-39.86,4.47,0.88,416.5,89224
2026-03-05 05:29:00,-1.19,3.49,-2.99,108.86,-39.07,4.75,0.93,412.4,77744
2026-03-05 05:30:00,-1.36,3.43,-2.85,111.70,-37.67,4.66,0.90,414.1,77577
2026-03-05 05:31:00,-2.24,3.54,-1.67,122.24,-21.78,4.51,0.90,414.4,77677
2026-03-05 05:32:00,-2.71,3.54,0.25,127.43,3.25,4.47,1.50,401.8,64187
2026-03-05 05:33:00,-2.70,3.67,0.00,126.33,0.03,4.55,2.25,396.7,71146
2026-03-05 05:34:00,-3.18,3.29,-1.49,134.07,-18.03,4.81,1.70,404.3,90803
2026-03-05 05:35:00,-2.43,3.73,-0.88,123.13,-11.22,4.54,0.97,413.6,89379
2026-03-05 05:36:00,-2.98,3.84,-0.59,127.86,-6.86,4.90,1.19,405.4,77713
2026-03-05 05:37:00,-2.71,3.73,-0.74,125.98,-9.16,4.67,1.34,398.7,88031
2026-03-05 05:38:00,-2.68,3.34,0.08,128.82,1.04,4.28,1.52,405.0,93569
2026-03-05 05:39:00,-2.43,3.76,2.75,122.91,31.51,5.25,2.56,400.5,69990
2026-03-05 05:40:00,-2.14,4.10,2.44,117.60,27.78,5.22,2.60,398.4,69557
2026-03-05 05:41:00,-1.81,4.18,2.16,113.45,25.35,5.04,2.53,402.5,74517
2026-03-05 05:42:00,-2.03,3.23,-0.92,122.18,-13.57,3.92,2.54,415.5,94192
2026-03-05 05:43:00,-3.26,2.01,-2.79,148.34,-36.07,4.73,0.80,414.7,91881
2026-03-05 05:44:00,-2.50,3.53,1.53,125.33,19.41,4.59,0.81,415.8,83332
2026-03-05 05:45:00,-1.40,3.24,3.57,113.45,45.37,5.02,2.72,406.6,76292
2026-03-05 05:46:00,-1.61,3.55,2.70,114.43,34.69,4.74,2.84,405.4,77420
2026-03-05 05:47:00,-1.86,3.52,3.14,117.90,38.30,5.07,2.85,405.0,74742
2026-03-05 05:48:00,-2.29,3.53,2.85,122.98,34.16,5.08,2.95,401.4,81106
2026-03-05 05:49:00,-0.78,4.28,1.82,100.30,22.67,4.71,2.99,405.6,81391
2026-03-05 05:50:00,-0.11,4.48,0.96,91.43,12.06,4.59,2.72,412.2,77546
2026-03-05 05:51:00,0.89,4.38,0.89,78.55,11.33,4.55,2.34,419.5,75215
2026-03-05 05:52:00,0.64,4.26,1.67,81.45,21.21,4.62,2.37,422.9,73182
2026-03-05 05:53:00,-0.16,4.19,2.23,92.20,27.97,4.75,2.76,418.9,75242
2026-03-05 05:54:00,-0.84,4.42,1.55,100.74,19.02,4.75,2.82,412.1,79779
2026-03-05 05:55:00,-1.88,4.32,1.18,113.55,14.05,4.86,2.25,406.9,76687
2026-03-05 05:56:00,-2.68,3.53,2.36,127.17,28.03,5.02,2.00,400.5,74597
2026-03-05 05:57:00,-1.32,4.07,2.40,107.96,29.30,4.90,2.73,393.1,72196
2026-03-05 05:58:00,-1.46,3.79,2.69,111.11,33.53,4.87,2.62,407.9,66724
2026-03-05 05:59:00,-2.50,3.79,2.22,123.42,26.12,5.05,2.37,401.7,67761
2026-03-05 06:00:00,-3.45,3.15,2.06,137.59,23.83,5.10,2.43,393.0,64885
2026-03-05 06:01:00,-2.49,4.16,1.18,120.87,13.69,4.99,2.18,402.2,75804
2026-03-05 06:02:00,-2.41,3.89,1.98,121.78,23.36,4.99,1.97,398.4,76069
2026-03-05 06:03:00,-1.76,4.31,0.77,112.21,9.36,4.72,2.54,398.1,84821
2026-03-05 06:04:00,-1.89,4.35,0.66,113.48,7.88,4.79,2.69,398.2,87028
2026-03-05 06:05:00,-2.31,2.15,2.84,137.13,41.99,4.24,2.80,397.8,97189
2026-03-05 06:06:00,-3.43,0.76,3.85,167.56,47.60,5.21,2.58,395.8,87325
2026-03-05 06:07:00,-3.39,2.10,3.29,148.26,39.51,5.17,2.54,392.0,79218
2026-03-05 06:08:00,-3.46,3.34,2.02,136.01,22.81,5.22,2.38,389.9,84292
2026-03-05 06:09:00,-3.33,3.73,-0.28,131.77,-3.24,5.00,1.74,391.1,92311
2026-03-05 06:10:00,-2.95,3.83,-0.77,127.65,-9.09,4.89,1.29,392.7,95400
2026-03-05 06:11:00,-2.88,4.01,-0.04,125.74,-0.50,4.94,1.41,394.0,96873
2026-03-05 06:12:00,-3.13,3.70,1.29,130.24,14.87,5.01,1.53,397.5,85231
2026-03-05 06:13:00,-3.07,3.55,0.25,130.90,3.10,4.70,1.82,393.2,68309
2026-03-05 06:14:00,-2.30,4.09,0.86,119.38,10.41,4.78,1.42,390.8,72488
2026-03-05 06:15:00,-0.74,4.03,-0.39,100.45,-5.44,4.12,1.51,399.0,72102
2026-03-05 06:16:00,0.09,3.49,-1.65,88.49,-25.34,3.86,0.45,414.7,96119
2026-03-05 06:17:00,0.72,3.93,-1.06,79.54,-14.87,4.13,0.79,425.5,77301
2026-03-05 06:18:00,-2.10,2.58,3.18,129.11,43.69,4.60,1.81,416.4,64392
2026-03-05 06:19:00,-2.50,2.72,3.44,132.62,42.92,5.05,2.71,399.6,73046
2026-03-05 06:20:00,-2.31,1.21,3.70,152.39,54.84,4.52,2.88,397.0,73567
2026-03-05 06:21:00,-2.52,-1.26,4.31,206.51,56.79,5.15,2.38,397.3,72859
2026-03-05 06:22:00,-2.48,-0.99,4.33,201.70,58.35,5.09,2.22,399.0,74883
2026-03-05 06:23:00,-2.43,-0.74,4.18,196.97,58.68,4.89,1.56,391.5,56677
2026-03-05 06:24:00,-3.45,0.68,3.90,168.77,47.98,5.25,1.90,391.4,74029
2026-03-05 06:25:00,-2.45,0.99,4.30,157.97,58.40,5.05,2.65,399.0,97866
2026-03-05 06:26:00,-1.62,1.82,4.34,131.55,60.68,4.98,2.15,396.5,68636
2026-03-05 06:27:00,-1.58,1.98,4.25,128.60,59.24,4.94,2.36,396.2,60719
2026-03-05 06:28:00,-1.59,2.61,3.82,121.36,51.31,4.89,2.84,402.5,73015
2026-03-05 06:29:00,-1.41,3.32,3.21,113.00,41.67,4.83,2.93,404.6,78598
2026-03-05 06:30:00,-1.36,2.87,3.75,115.26,49.74,4.92,2.72,404.4,75171
2026-03-05 06:31:00,-1.38,0.75,3.72,151.34,67.09,4.04,1.90,391.4,42264
2026-03-05 06:32:00,-1.91,-1.81,3.85,223.43,55.69,4.66,2.38,406.2,76823
2026-03-05 06:33:00,-2.51,-1.28,3.69,207.12,52.65,4.64,4.99,421.7,56841
2026-03-05 06:34:00,-3.00,-1.19,3.42,201.72,46.70,4.70,3.07,412.0,133017
2026-03-05 06:35:00,-1.26,0.28,4.15,167.36,72.68,4.35,1.50,383.6,56858
2026-03-05 06:36:00,-1.47,0.40,4.35,164.77,70.72,4.61,1.90,402.6,61840
2026-03-05 06:37:00,-2.66,0.86,4.05,162.04,55.39,4.92,2.16,412.0,71660
2026-03-05 06:38:00,-2.49,0.86,4.06,160.89,57.06,4.84,2.37,389.1,45380
2026-03-05 06:39:00,-0.04,-0.56,4.23,266.05,82.41,4.26,2.44,408.0,68630
2026-03-05 06:40:00,-1.20,0.43,4.25,160.22,73.27,4.44,5.03,430.6,80174
2026-03-05 06:41:00,-1.19,1.65,4.28,125.91,64.53,4.74,5.92,431.4,100151
2026-03-05 06:42:00,-0.87,3.07,3.26,105.93,45.60,4.56,2.34,410.2,105970
2026-03-05 06:43:00,-0.75,2.74,3.71,105.37,52.48,4.67,1.65,392.2,40721
2026-03-05 06:44:00,-0.60,2.96,3.58,101.36,49.86,4.69,3.01,410.3,81035
2026-03-05 06:45:00,-0.63,3.56,3.02,100.07,39.85,4.71,3.09,416.5,91579
2026-03-05 06:46:00,-0.75,3.51,3.02,102.01,40.10,4.69,2.20,403.2,58771
2026-03-05 06:47:00,-0.74,3.11,3.14,103.29,44.47,4.48,2.89,411.9,88358
2026-03-05 06:48:00,-0.32,2.26,3.77,98.02,58.78,4.41,2.73,409.8,73584
2026-03-05 06:49:00,-0.23,2.81,3.13,94.77,47.94,4.21,2.67,414.2,78426
2026-03-05 06:50:00,-0.29,2.79,3.16,95.88,48.40,4.22,1.81,395.0,39468
2026-03-05 06:51:00,1.10,2.33,3.04,64.69,49.71,3.99,2.95,422.3,119690
2026-03-05 06:52:00,1.52,2.62,2.55,59.91,40.09,3.96,2.82,428.5,93191
2026-03-05 06:53:00,0.93,3.15,2.46,73.57,36.82,4.10,2.99,427.4,86800
2026-03-05 06:54:00,0.89,3.69,1.87,76.46,26.29,4.23,2.28,415.4,61894
2026-03-05 06:55:00,0.02,3.86,1.67,89.74,23.36,4.21,2.20,419.4,72209
2026-03-05 06:56:00,-0.06,4.22,1.03,90.87,13.73,4.34,2.40,425.4,98412
2026-03-05 06:57:00,0.28,4.14,0.89,86.09,12.06,4.24,1.68,408.2,68717
2026-03-05 06:58:00,-0.39,4.28,-0.03,95.27,-0.35,4.30,1.28,402.4,55349
2026-03-05 06:59:00,-0.49,4.39,-0.23,96.33,-3.01,4.43,1.68,422.9,105033
2026-03-05 07:00:00,-0.53,3.83,-0.81,97.91,-11.84,3.95,1.34,410.3,79494
2026-03-05 07:01:00,-0.88,4.20,0.24,101.78,3.16,4.30,1.35,409.8,89818
2026-03-05 07:02:00,-1.02,1.50,-3.90,124.08,-65.04,4.30,1.38,395.1,59428
2026-03-05 07:03:00,-1.02,1.62,-3.96,122.31,-64.20,4.40,1.90,423.4,72401
2026-03-05 07:04:00,-0.87,2.74,-3.37,107.54,-49.49,4.43,0.77,413.2,86512
2026-03-05 07:05:00,-0.45,3.17,-2.64,98.16,-39.57,4.15,0.57,400.7,56699
2026-03-05 07:06:00,-0.40,3.79,-1.59,95.99,-22.68,4.13,0.92,418.6,98008
2026-03-05 07:07:00,-0.15,3.68,-1.77,92.26,-25.59,4.09,1.08,422.7,103615
2026-03-05 07:08:00,-0.20,3.59,-2.43,93.16,-34.04,4.34,0.92,417.6,87714
2026-03-05 07:09:00,0.19,3.45,-2.64,86.85,-37.33,4.35,0.71,401.8,53815
2026-03-05 07:10:00,0.10,3.67,-2.33,88.41,-32.36,4.35,0.64,394.9,39707
2026-03-05 07:11:00,-1.02,3.09,-3.09,108.27,-43.51,4.49,1.22,426.1,200376
2026-03-05 07:12:00,0.60,3.10,-2.97,78.99,-43.22,4.33,0.90,411.5,125691
2026-03-05 07:13:00,0.98,2.71,-3.15,70.05,-47.56,4.27,0.71,407.6,83891
2026-03-05 07:14:00,1.08,2.10,-3.54,62.77,-56.31,4.26,0.97,425.4,143398
2026-03-05 07:15:00,0.80,1.50,-3.86,62.03,-66.26,4.22,0.87,420.7,123283
2026-03-05 07:16:00,0.93,0.92,-3.91,44.69,-71.56,4.12,0.69,410.5,90531
2026-03-05 07:17:00,0.75,1.30,-3.90,60.02,-68.99,4.17,0.60,399.9,68238
2026-03-05 07:18:00,1.21,1.22,-3.78,45.20,-65.58,4.15,1.10,430.7,167036
2026-03-05 07:19:00,-0.03,1.42,-3.35,91.12,-67.08,3.63,1.02,422.8,132764
2026-03-05 07:20:00,-3.17,3.45,-0.50,132.57,-6.03,4.71,1.24,402.3,98365
2026-03-05 07:21:00,-3.17,3.14,-1.10,135.22,-13.82,4.60,1.07,390.5,58508
2026-03-05 07:22:00,-2.86,3.11,-1.56,132.58,-20.29,4.51,1.22,408.0,116951
2026-03-05 07:23:00,-3.56,3.23,1.12,137.84,13.09,4.94,1.48,408.3,114507
2026-03-05 07:24:00,-3.38,3.46,1.71,134.38,19.52,5.13,2.22,397.3,88436
2026-03-05 07:25:00,-3.08,3.08,2.41,135.02,28.91,4.98,2.78,401.5,114708
2026-03-05 07:26:00,-2.68,2.97,2.92,132.03,36.11,4.95,3.13,405.8,115096
2026-03-05 07:27:00,-2.15,2.64,3.52,129.20,45.95,4.90,2.98,402.7,90223
2026-03-05 07:28:00,-2.63,1.42,3.93,151.69,52.79,4.94,2.28,391.5,59594
2026-03-05 07:29:00,-2.96,1.19,3.76,158.06,49.71,4.93,2.24,389.8,65812
2026-03-05 07:30:00,-2.75,1.09,4.00,158.34,53.49,4.97,3.64,405.9,89651
2026-03-05 07:31:00,-3.33,1.31,3.61,158.46,45.26,5.09,4.36,408.1,59544
2026-03-05 07:32:00,-3.27,1.27,3.71,158.83,46.56,5.10,2.67,390.0,76671
2026-03-05 07:33:00,-2.97,1.13,3.81,159.12,50.16,4.96,2.97,396.0,87568
2026-03-05 07:34:00,-2.96,1.94,2.50,146.71,35.26,4.33,2.84,393.4,81124
2026-03-05 07:35:00,-3.19,2.78,1.34,138.90,17.58,4.44,1.54,389.2,66587
2026-03-05 07:36:00,-2.60,0.84,4.00,161.99,55.67,4.84,2.60,396.8,79812
2026-03-05 07:37:00,-2.68,-0.40,4.18,188.49,57.04,4.98,2.92,397.0,89733
2026-03-05 07:38:00,-2.69,-0.12,4.34,182.51,58.23,5.11,3.04,398.7,84751
2026-03-05 07:39:00,-2.56,0.01,4.44,179.70,60.01,5.13,2.46,391.0,53144
2026-03-05 07:40:00,-2.67,0.07,4.26,178.60,57.84,5.03,2.64,395.0,62963
2026-03-05 07:41:00,-2.50,-0.30,4.24,186.95,59.27,4.93,3.97,406.8,53312
2026-03-05 07:42:00,-2.88,-0.71,4.21,193.91,54.88,5.15,3.85,406.2,87523
2026-03-05 07:43:00,-2.85,-0.98,4.06,199.00,53.38,5.06,3.36,402.6,115669
2026-03-05 07:44:00,-2.46,-0.97,4.29,201.47,58.40,5.04,2.39,399.4,79251
2026-03-05 07:45:00,-2.71,-1.53,3.81,209.50,50.80,4.92,2.75,402.5,101677
2026-03-05 07:46:00,-2.71,-1.26,3.88,204.87,52.36,4.90,3.23,402.7,116438
2026-03-05 07:47:00,-2.33,-1.63,4.05,215.01,54.94,4.95,3.16,394.5,76776
2026-03-05 07:48:00,-2.76,-0.30,4.33,186.13,57.30,5.15,3.34,398.1,75215
2026-03-05 07:49:00,-2.86,-0.35,4.21,186.97,55.59,5.11,3.42,403.5,88057
2026-03-05 07:50:00,-2.91,-0.61,4.11,191.85,54.14,5.07,2.63,398.6,72777
2026-03-05 07:51:00,-3.03,-0.52,3.97,189.66,52.23,5.03,1.77,377.2,28714
2026-03-05 07:52:00,-2.96,-0.77,3.99,194.65,52.54,5.03,2.85,390.9,66547
2026-03-05 07:53:00,-2.71,-1.26,3.94,204.94,52.82,4.94,2.84,395.0,68858
2026-03-05 07:54:00,-2.08,-1.88,3.80,222.06,53.59,4.72,3.51,409.1,50280
2026-03-05 07:55:00,-3.34,-0.47,3.73,188.03,47.89,5.03,3.88,388.8,60339
2026-03-05 07:56:00,-2.95,-0.90,3.79,196.93,50.85,4.89,2.56,392.8,70257
2026-03-05 07:57:00,-2.68,-1.26,3.83,205.25,52.27,4.84,3.23,403.1,54360
2026-03-05 07:58:00,-3.17,-0.91,3.80,196.02,49.05,5.03,3.23,394.3,63011
2026-03-05 07:59:00,-2.78,-1.32,3.81,205.36,51.10,4.89,2.96,392.8,76891
2026-03-05 08:00:00,-2.92,-1.55,3.93,207.91,49.90,5.14,3.06,398.7,78645
2026-03-05 08:01:00,-2.91,-1.00,3.90,198.91,51.67,4.97,2.47,394.1,62278
2026-03-05 08:02:00,-3.02,-0.94,3.99,197.24,51.56,5.09,2.27,387.5,51919
2026-03-05 08:03:00,-2.79,-1.15,4.09,202.46,53.58,5.08,2.11,381.1,46402
2026-03-05 08:04:00,-2.65,-1.45,3.70,208.73,50.73,4.78,2.78,400.3,87174
2026-03-05 08:05:00,-2.78,-1.20,3.70,203.37,50.73,4.78,2.92,401.9,80721
2026-03-05 08:06:00,-2.79,0.16,4.04,176.69,55.33,4.91,2.83,393.1,66984
2026-03-05 08:07:00,-2.68,-0.46,4.00,189.82,55.84,4.84,3.02,401.8,87523
2026-03-05 08:08:00,-2.25,-1.06,4.04,205.25,58.40,4.74,2.60,392.7,68812
2026-03-05 08:09:00,-2.40,-0.70,3.66,196.18,55.73,4.43,2.25,399.9,75247
2026-03-05 08:10:00,-3.15,0.05,3.87,179.04,50.84,4.99,2.52,391.0,67143
2026-03-05 08:11:00,-2.37,0.95,4.19,158.13,58.65,4.90,2.95,392.9,67955
2026-03-05 08:12:00,-2.50,0.57,4.15,167.07,58.34,4.88,2.79,394.3,65304
2026-03-05 08:13:00,-2.81,0.00,4.03,179.96,55.16,4.91,2.39,391.8,61309
2026-03-05 08:14:00,-2.52,-0.32,4.09,187.33,58.16,4.81,2.68,394.4,64717
2026-03-05 08:17:00,-2.46,0.51,4.06,168.35,58.28,4.78,2.59,396.5,65581
2026-03-05 08:18:00,-2.74,0.45,3.96,170.58,54.98,4.83,2.61,396.3,65485
2026-03-05 08:19:00,-4.36,1.88,0.00,156.69,0.05,4.74,2.33,393.9,73161
2026-03-05 08:20:00,-4.35,2.04,0.62,154.84,7.33,4.84,1.48,387.0,93835
2026-03-05 08:21:00,-4.44,1.70,1.46,159.03,17.03,4.98,1.67,382.5,88558
2026-03-05 08:22:00,-4.21,1.36,2.07,162.10,25.04,4.88,2.12,383.3,79157
2026-03-05 08:23:00,-4.05,1.46,2.41,160.17,29.24,4.93,2.08,384.7,77231
2026-03-05 08:24:00,-4.21,2.57,1.40,148.60,15.79,5.13,1.77,381.6,68154
2026-03-05 08:25:00,-3.59,0.29,3.20,175.44,41.58,4.82,1.84,382.1,71015
2026-03-05 08:26:00,-3.85,0.27,3.19,176.06,39.57,5.00,2.57,386.3,64551
2026-03-05 08:27:00,-4.09,0.06,2.92,179.16,35.56,5.02,2.69,385.4,65555
2026-03-05 08:28:00,-4.23,0.31,2.73,175.78,32.80,5.04,2.52,383.3,67511
2026-03-05 08:29:00,-3.71,0.34,3.22,174.74,40.82,4.92,2.50,383.6,67060
2026-03-05 08:30:00,-3.39,-0.15,3.66,182.59,47.14,4.99,2.53,384.0,66571
2026-03-05 08:31:00,-3.33,-0.08,3.68,181.38,47.86,4.97,2.32,389.8,63388
2026-03-05 08:32:00,-3.38,-0.49,3.48,188.20,45.53,4.87,2.35,388.7,62162
2026-03-05 08:33:00,-3.08,-0.44,3.62,188.08,49.28,4.78,2.32,387.4,61606
2026-03-05 08:34:00,-3.02,0.30,3.69,174.35,50.60,4.78,2.40,388.5,64485
2026-03-05 08:35:00,-3.77,1.36,2.57,160.22,32.72,4.76,2.52,388.3,70507
2026-03-05 08:36:00,-4.17,1.70,2.04,157.79,24.35,4.94,1.95,382.4,77296
2026-03-05 08:37:00,-4.21,1.54,2.21,159.87,26.25,5.00,2.23,382.2,73429
2026-03-05 08:38:00,-4.01,1.05,2.48,165.29,30.89,4.83,2.26,381.2,71369
2026-03-05 08:39:00,-3.96,0.95,2.76,166.49,34.15,4.93,2.43,382.7,65450
2026-03-05 08:40:00,-4.53,1.70,1.44,159.40,16.52,5.05,1.93,377.5,76022
2026-03-05 08:41:00,-4.12,1.43,2.52,160.83,29.97,5.04,2.17,379.6,60985
2026-03-05 08:42:00,-3.79,1.18,3.05,162.74,37.52,5.00,2.39,381.6,58378
2026-03-05 08:43:00,-4.05,0.72,3.02,169.90,36.34,5.10,2.21,380.9,56708
2026-03-05 08:44:00,-3.84,0.67,3.26,170.05,39.86,5.08,2.45,382.0,57713
2026-03-05 08:45:00,-3.60,1.14,3.21,162.48,40.36,4.95,2.49,383.8,59347
2026-03-05 08:46:00,-3.48,0.88,3.49,165.88,44.22,5.01,2.44,384.3,57751
2026-03-05 08:47:00,-3.70,0.77,3.11,168.25,39.51,4.89,2.38,384.1,61783
2026-03-05 08:48:00,-0.17,3.60,-0.20,92.68,-3.12,3.60,2.34,384.1,66574
2026-03-05 08:50:00,-0.04,3.07,-0.90,90.82,-16.32,3.20,1.03,415.6,92278
2026-03-05 08:51:00,-1.28,3.42,0.66,110.49,10.17,3.71,1.24,413.2,93833
2026-03-05 08:52:00,-1.54,3.56,0.57,113.40,8.33,3.92,1.81,405.7,93553
2026-03-05 08:53:00,-1.48,3.68,0.23,111.94,3.27,3.97,1.73,402.7,75624
2026-03-05 08:54:00,-1.74,3.17,1.59,118.70,23.77,3.96,1.37,408.0,77024
2026-03-05 08:55:00,-1.90,3.43,-0.57,118.93,-8.24,3.96,1.68,395.9,69417
2026-03-05 08:56:00,-2.67,2.31,2.74,139.10,37.78,4.47,1.41,402.1,61487
2026-03-05 08:57:00,-2.96,1.18,3.70,158.31,49.21,4.88,2.42,388.8,58998
2026-03-05 08:58:00,-2.96,1.14,3.74,158.92,49.75,4.90,2.30,390.7,65494
2026-03-05 08:59:00,-2.77,0.89,3.88,162.18,53.16,4.85,2.28,391.8,57257
2026-03-05 09:00:00,-2.51,0.52,3.99,168.33,57.22,4.74,2.48,392.5,68081
2026-03-05 09:01:00,-2.72,0.60,4.13,167.48,55.96,4.98,2.32,392.9,71707
2026-03-05 09:02:00,-2.91,0.64,4.05,167.64,53.61,5.03,2.14,392.3,74510
2026-03-05 09:03:00,-2.91,0.84,3.86,163.98,51.93,4.91,2.12,390.4,69616
2026-03-05 09:04:00,-3.28,0.60,3.54,169.56,46.68,4.86,2.33,387.3,64402
2026-03-05 09:05:00,-3.30,0.53,3.60,170.86,47.15,4.91,2.46,385.3,65060
2026-03-05 09:06:00,-3.18,0.91,3.78,164.10,48.78,5.02,2.31,386.4,61946
2026-03-05 09:07:00,-3.14,1.01,3.74,162.14,48.57,4.99,2.31,388.3,56508
2026-03-05 09:08:00,-2.98,0.95,3.70,162.31,49.73,4.84,2.39,389.0,55008
2026-03-05 09:09:00,-2.99,1.06,3.56,160.53,48.36,4.77,2.30,388.7,57445
2026-03-05 09:10:00,-2.65,1.09,3.71,157.56,52.30,4.69,2.09,387.0,55922
2026-03-05 09:11:00,-1.89,1.06,4.01,150.79,61.63,4.56,2.70,390.4,64290
2026-03-05 09:12:00,-2.16,1.13,4.02,152.38,58.74,4.71,2.75,390.1,60042
2026-03-05 09:13:00,-2.07,1.21,4.05,149.72,59.41,4.71,2.52,390.2,58764
2026-03-05 09:14:00,-2.00,1.06,4.10,152.04,61.13,4.68,2.47,391.4,58936
2026-03-05 09:15:00,-2.35,1.20,3.85,152.98,55.55,4.67,2.46,391.5,57420
2026-03-05 09:16:00,-2.85,0.82,3.78,163.98,51.83,4.80,2.28,389.9,54624
2026-03-05 09:17:00,-3.00,0.70,3.77,166.87,50.72,4.87,2.21,387.5,58050
2026-03-05 09:18:00,-3.02,0.71,3.77,166.82,50.56,4.88,2.33,386.8,57278
2026-03-05 09:19:00,-2.91,0.93,3.70,162.30,50.44,4.80,2.42,387.7,57994
2026-03-05 09:20:00,-2.94,0.67,3.78,167.15,51.46,4.83,2.48,388.5,62822
2026-03-05 09:21:00,-2.85,0.90,3.69,162.39,51.04,4.75,2.55,388.5,65674
2026-03-05 09:23:00,-3.19,1.50,3.16,154.76,41.85,4.73,2.41,380.8,65315
2026-03-05 09:24:00,-3.62,0.49,3.16,172.25,40.88,4.83,2.39,380.9,64547
2026-03-05 09:25:00,-3.52,1.21,3.02,161.00,39.07,4.79,2.36,381.9,61495
2026-03-05 09:26:00,-3.39,1.21,3.20,160.34,41.70,4.82,2.51,385.0,61995
2026-03-05 09:27:00,-3.38,1.56,3.08,155.19,39.63,4.83,2.54,383.1,67163
2026-03-05 09:28:00,-3.26,1.86,2.96,150.33,38.24,4.78,2.44,384.6,63663
2026-03-05 09:29:00,-3.37,1.55,2.96,155.33,38.59,4.74,2.51,382.8,59905
2026-03-05 09:30:00,-3.42,1.49,2.99,156.52,38.67,4.78,2.59,384.0,66851
2026-03-05 09:31:00,-3.40,1.52,2.89,155.90,37.86,4.71,2.49,383.2,70110
2026-03-05 09:32:00,-3.41,1.54,2.95,155.64,38.24,4.77,2.47,383.2,67555
2026-03-05 09:33:00,-3.41,1.85,2.83,151.58,36.09,4.80,2.47,383.6,65275
2026-03-05 09:34:00,-3.27,1.93,2.91,149.42,37.41,4.78,2.53,384.6,63108
2026-03-05 09:35:00,-3.32,2.25,2.60,145.88,32.94,4.77,2.49,383.7,64743
2026-03-05 09:36:00,-3.30,2.25,2.50,145.64,32.00,4.71,2.42,383.2,66809
2026-03-05 09:37:00,-3.34,1.40,3.08,157.25,40.40,4.76,2.42,384.1,68109
2026-03-05 09:38:00,-3.40,1.72,2.80,153.15,36.28,4.73,2.49,384.4,69505
2026-03-05 09:39:00,-3.35,1.65,2.93,153.81,38.18,4.75,2.60,384.3,66719
2026-03-05 09:40:00,-3.39,1.69,2.84,153.45,36.89,4.74,2.55,383.1,64677
2026-03-05 09:41:00,-3.43,1.42,2.96,157.58,38.59,4.75,2.57,382.9,63964
2026-03-05 09:42:00,-3.67,1.32,2.72,160.14,34.94,4.75,2.67,382.6,63742
2026-03-05 09:43:00,-3.32,1.03,3.30,162.73,43.44,4.79,2.59,380.8,58328
2026-03-05 09:44:00,-3.67,1.55,2.39,157.10,31.02,4.65,2.53,388.0,55907
2026-03-05 09:45:00,-3.54,1.36,2.37,159.03,32.06,4.47,2.66,383.5,77131
2026-03-05 09:46:00,-3.42,1.63,2.35,154.48,31.78,4.45,1.92,385.7,97222
2026-03-05 09:47:00,-3.25,1.81,2.76,150.92,36.56,4.63,1.89,384.3,75514
2026-03-05 09:48:00,-4.27,1.48,1.04,160.84,12.93,4.64,2.01,380.2,84145
2026-03-05 09:49:00,-4.55,1.48,0.45,162.03,5.35,4.81,1.65,381.6,109838
2026-03-05 09:50:00,-4.61,0.58,1.11,172.85,13.42,4.77,1.96,379.8,98698
2026-03-05 09:51:00,-4.54,-0.52,0.55,186.53,6.86,4.60,1.70,382.9,103302
2026-03-05 09:52:00,-4.23,-0.12,2.23,181.69,27.78,4.78,1.72,383.7,101050
2026-03-05 09:53:00,-4.20,0.11,2.59,178.48,31.60,4.93,2.47,379.1,75968
2026-03-05 09:54:00,-4.00,0.90,2.81,167.34,34.39,4.97,2.66,378.8,70411
2026-03-05 09:56:00,-4.14,0.73,2.72,169.99,32.91,5.00,2.57,379.7,73583
2026-03-05 09:57:00,-4.33,-0.11,2.46,181.45,29.56,4.98,2.58,379.4,74245
2026-03-05 10:03:00,-2.16,2.76,3.11,128.06,41.54,4.69,2.83,392.3,60361
2026-03-05 10:04:00,-1.04,3.51,2.59,106.52,35.25,4.49,2.69,395.0,56372
2026-03-05 10:05:00,-1.83,3.03,3.18,121.14,42.01,4.76,2.75,394.9,53862
2026-03-05 10:06:00,-2.34,2.70,3.28,130.91,42.62,4.85,2.61,389.4,55370
2026-03-05 10:07:00,-2.13,3.30,2.90,122.88,36.45,4.89,2.65,388.6,55679
2026-03-05 10:08:00,-1.78,3.43,2.97,117.45,37.55,4.87,2.76,393.8,54781
2026-03-05 10:09:00,-3.02,2.49,3.15,140.40,38.85,5.03,2.73,391.6,55544
2026-03-05 10:10:00,-1.72,3.58,2.62,115.62,33.40,4.76,2.72,386.1,56428
2026-03-05 10:11:00,-1.11,3.97,2.18,105.65,27.86,4.67,2.66,394.3,54487
2026-03-05 10:12:00,-0.74,4.10,1.75,100.21,22.74,4.52,2.80,402.4,51991
2026-03-05 10:13:00,-0.48,4.06,1.46,96.79,19.69,4.34,2.84,406.7,58237
2026-03-05 10:14:00,-0.37,3.86,2.43,95.52,32.04,4.57,2.42,407.2,57198
2026-03-05 10:15:00,-0.22,4.04,2.11,93.10,27.51,4.56,2.80,405.3,55995
2026-03-05 10:16:00,0.05,4.14,1.64,89.33,21.59,4.45,2.79,411.8,53657
2026-03-05 10:17:00,-0.22,3.80,2.27,93.27,30.84,4.44,2.23,414.3,56092
2026-03-05 10:18:00,-0.31,3.61,2.79,94.84,37.54,4.57,2.72,406.5,47271
2026-03-05 10:19:00,-0.39,3.70,2.71,96.00,36.01,4.60,2.75,408.7,50121
2026-03-05 10:20:00,-0.18,3.66,2.69,92.86,36.24,4.54,2.76,412.4,50328
2026-03-05 10:21:00,-0.45,3.70,2.76,96.93,36.56,4.63,2.76,409.3,52180
2026-03-05 10:22:00,-0.69,3.79,2.57,100.34,33.66,4.63,2.62,405.7,50449
2026-03-05 10:23:00,-1.47,3.99,2.14,110.22,26.73,4.76,2.62,402.0,50641
2026-03-05 10:24:00,-1.82,3.64,2.60,116.61,32.56,4.83,2.74,395.4,53479
2026-03-05 10:25:00,-1.38,3.83,2.49,109.81,31.43,4.77,2.55,393.8,52344
2026-03-05 10:26:00,-1.89,3.59,2.74,117.73,34.02,4.90,2.39,397.2,50642
2026-03-05 10:27:00,-2.05,3.63,2.58,119.47,31.74,4.90,2.84,393.5,54168
2026-03-05 10:29:00,-1.27,3.11,3.41,112.20,45.44,4.79,2.01,398.8,54678
2026-03-05 10:30:00,-1.50,3.24,3.17,114.79,41.57,4.77,2.06,398.3,54557
2026-03-05 10:31:00,-1.84,3.94,2.16,115.02,26.40,4.85,2.70,391.1,52874
2026-03-05 10:32:00,-1.36,3.94,2.30,109.09,28.96,4.76,2.45,392.4,49925
2026-03-05 10:33:00,-0.95,4.02,2.31,103.27,29.27,4.73,2.13,397.3,51551
2026-03-05 10:34:00,-0.69,4.01,2.29,99.81,29.36,4.67,2.59,403.0,50020
2026-03-05 10:35:00,-1.06,3.97,2.39,104.89,30.23,4.75,2.87,400.9,52357
2026-03-05 10:36:00,-0.88,4.06,2.22,102.25,28.16,4.71,2.96,400.8,55108
2026-03-05 10:37:00,-1.36,4.30,1.52,107.50,18.63,4.76,2.72,398.9,52974
2026-03-05 10:38:00,-2.16,3.05,2.86,125.26,37.44,4.71,2.71,393.6,51993
2026-03-05 10:39:00,-1.87,3.18,3.10,120.44,40.08,4.81,2.74,393.8,51836
2026-03-05 10:40:00,-2.11,3.56,2.50,120.60,31.12,4.83,2.52,393.6,50307
2026-03-05 10:41:00,-2.00,3.88,2.27,117.29,27.46,4.91,2.44,390.3,49213
2026-03-05 10:42:00,-2.07,3.62,2.51,119.75,31.04,4.86,2.68,390.6,49526
2026-03-05 10:43:00,-2.06,2.79,3.38,126.53,44.24,4.84,2.76,391.5,51092
2026-03-05 10:44:00,-1.75,3.01,3.23,120.21,42.79,4.75,2.69,393.1,55336
2026-03-05 10:45:00,-2.09,3.09,3.05,124.01,39.25,4.82,2.63,394.0,55504
2026-03-05 10:46:00,-2.46,3.28,2.68,126.85,33.18,4.89,2.49,388.7,52714
2026-03-05 10:47:00,-2.29,3.83,2.11,120.93,25.28,4.94,2.59,387.4,53955
2026-03-05 10:48:00,-2.35,3.92,1.79,120.94,21.41,4.91,2.46,392.3,52937
2026-03-05 10:49:00,-1.99,4.13,1.65,115.73,19.81,4.87,2.58,392.9,57980
2026-03-05 10:50:00,-2.00,4.29,0.67,115.05,8.12,4.78,2.13,391.3,51578
2026-03-05 10:51:00,-1.59,4.17,1.82,110.86,22.19,4.82,2.16,395.7,57078
2026-03-05 10:52:00,-2.00,4.02,1.16,116.53,14.47,4.64,2.42,396.4,53973
2026-03-05 10:53:00,-3.16,3.91,-0.70,128.93,-7.97,5.08,1.85,390.3,62451
2026-03-05 10:54:00,-2.56,4.17,0.00,121.60,0.00,4.89,1.75,388.7,60257
2026-03-05 10:55:00,-3.08,3.86,-0.61,128.62,-7.03,4.98,1.77,388.2,55535
2026-03-05 10:56:00,-3.55,3.55,-0.69,135.02,-7.83,5.06,1.48,385.8,55866
2026-03-05 10:57:00,-3.37,3.68,-0.53,132.43,-6.02,5.02,1.34,384.2,56489
2026-03-05 10:58:00,-3.13,3.94,-0.17,128.49,-1.99,5.03,1.54,384.3,57357
2026-03-05 10:59:00,-2.77,4.05,-0.58,124.40,-6.78,4.94,1.67,385.9,56638
2026-03-05 11:00:00,-2.51,4.02,-1.03,121.98,-12.22,4.84,1.53,387.9,53064
2026-03-05 11:02:00,-2.55,4.12,0.70,121.78,8.16,4.90,1.84,384.6,48352
2026-03-05 11:03:00,-2.64,4.08,-0.39,122.88,-4.61,4.88,1.84,384.6,48352
2026-03-05 11:04:00,-2.72,4.00,-0.35,124.27,-4.13,4.85,1.51,388.1,52518
2026-03-05 11:05:00,-3.04,3.87,-0.05,128.16,-0.64,4.93,1.82,386.2,59569
2026-03-05 11:06:00,-2.83,3.85,-0.61,126.34,-7.25,4.81,1.64,385.7,57233
2026-03-05 11:07:00,-4.37,2.49,0.58,150.31,6.61,5.06,1.37,389.3,78811
2026-03-05 11:08:00,-4.42,2.51,0.49,150.45,5.52,5.10,1.82,382.7,85168
2026-03-05 11:09:00,-4.59,2.02,-0.02,156.19,-0.19,5.02,1.52,384.2,111955
2026-03-05 11:10:00,-4.72,1.82,-0.74,158.95,-8.34,5.11,1.58,384.1,120078
2026-03-05 11:11:00,-4.79,1.63,-0.83,161.26,-9.30,5.13,1.52,385.9,122922
2026-03-05 11:12:00,-4.86,1.11,-1.23,167.15,-13.83,5.14,1.23,390.7,134520
2026-03-05 11:13:00,-5.09,1.12,-0.23,167.62,-2.57,5.21,1.28,388.4,138493
2026-03-05 11:14:00,-5.15,0.85,0.26,170.63,2.81,5.22,1.58,379.7,131453
2026-03-05 11:15:00,-5.10,1.02,0.53,168.70,5.86,5.23,1.97,375.9,117397
2026-03-05 11:16:00,-4.76,1.73,0.96,160.03,10.76,5.16,2.29,375.7,93886
2026-03-05 11:17:00,-4.78,1.87,0.82,158.63,9.07,5.20,2.13,375.9,98320
2026-03-05 11:18:00,-4.80,1.45,0.30,163.22,3.40,5.02,2.18,377.1,91288
2026-03-05 11:19:00,-4.79,-0.83,2.06,189.81,22.93,5.27,1.74,379.7,101627
2026-03-05 11:20:00,-4.90,-0.81,1.73,189.37,19.26,5.26,2.79,374.6,86339
2026-03-05 11:21:00,-4.93,-1.03,1.36,191.75,15.11,5.22,2.73,374.6,89010
2026-03-05 11:22:00,-4.89,-1.31,1.37,194.97,15.09,5.24,2.57,376.5,93059
2026-03-05 11:23:00,-4.78,-1.04,1.83,192.25,20.48,5.22,2.58,377.1,84719
2026-03-05 11:24:00,-4.86,0.07,0.26,179.16,3.11,4.87,2.67,376.3,68611
2026-03-05 11:25:00,-4.85,1.83,-0.31,159.29,-3.43,5.20,2.09,378.3,92998
2026-03-05 11:26:00,-5.02,0.95,-1.16,169.32,-12.76,5.24,1.37,385.0,118685
2026-03-05 11:27:00,-4.56,1.32,-1.92,163.81,-22.04,5.12,0.98,392.9,129025
2026-03-05 11:28:00,-4.55,1.04,-1.97,167.17,-22.89,5.07,0.91,396.3,138608
2026-03-05 11:29:00,-4.84,0.58,-1.66,173.17,-18.77,5.15,1.04,393.5,154867
2026-03-05 11:30:00,-4.76,-0.75,-2.63,188.92,-28.62,5.48,1.21,389.9,167367
2026-03-05 11:31:00,-4.60,0.35,-1.88,175.70,-22.17,4.98,0.98,399.2,142200
2026-03-05 11:32:00,-4.95,-0.42,-1.44,184.85,-16.19,5.17,1.08,397.0,139605
2026-03-05 11:33:00,-5.03,-0.08,-1.20,180.94,-13.40,5.17,1.45,389.1,133118
2026-03-05 11:34:00,-4.04,1.26,-2.29,162.65,-28.41,4.81,1.39,395.3,158442
2026-03-05 11:36:00,-2.47,2.62,-3.12,133.27,-40.85,4.76,0.63,413.6,86378
2026-03-05 11:37:00,-2.44,2.91,-2.92,130.01,-37.56,4.79,0.66,398.5,60641
2026-03-05 11:38:00,-2.78,2.71,-2.97,135.80,-37.39,4.88,0.65,399.0,77787
2026-03-05 11:39:00,-2.95,2.68,-2.92,137.73,-36.22,4.94,0.76,394.6,69991
2026-03-05 11:40:00,-3.14,2.31,-3.09,143.65,-38.40,4.98,0.74,402.8,99168
2026-03-05 11:41:00,-3.11,2.33,-3.04,143.19,-38.06,4.94,0.75,408.9,109015
2026-03-05 11:42:00,-2.68,2.20,-3.24,140.63,-43.00,4.75,0.63,400.5,84239
2026-03-05 11:43:00,-3.30,2.00,-3.05,148.83,-38.31,4.92,0.72,401.8,98454
2026-03-05 11:44:00,-2.88,2.00,-3.21,145.22,-42.45,4.76,0.80,407.0,109277
2026-03-05 11:45:00,-3.12,1.59,-3.28,152.94,-43.14,4.80,0.74,406.0,96273
2026-03-05 11:46:00,-3.32,1.50,-3.12,155.71,-40.57,4.80,0.70,402.1,88156
2026-03-05 11:47:00,-3.92,1.60,-2.61,157.75,-31.59,4.97,0.67,395.8,79009
2026-03-05 11:48:00,-4.26,2.10,-1.96,153.77,-22.41,5.14,0.90,406.2,133190
2026-03-05 11:49:00,-4.02,1.84,-2.12,155.43,-25.70,4.90,0.97,392.5,109917
2026-03-05 11:50:00,-4.82,1.91,-0.84,158.38,-9.19,5.25,1.16,376.0,86934
2026-03-05 11:51:00,-4.64,2.01,-0.73,156.54,-8.24,5.11,1.45,388.2,161705
2026-03-05 11:52:00,-4.58,2.32,-0.68,153.16,-7.50,5.18,1.35,383.4,108610
2026-03-05 11:53:00,-4.21,2.76,-0.79,146.76,-8.89,5.10,1.45,386.0,108020
2026-03-05 11:54:00,-3.88,3.07,-0.79,141.63,-9.11,5.01,1.14,374.0,56744
2026-03-05 11:55:00,-4.27,2.46,-1.28,150.04,-14.59,5.09,1.49,386.8,137080
2026-03-05 11:56:00,-3.70,3.16,-1.29,139.50,-14.88,5.03,1.40,390.1,122101
2026-03-05 11:57:00,-3.80,3.07,-1.25,141.05,-14.29,5.05,1.31,388.4,101800
2026-03-05 11:58:00,-3.97,2.71,-1.63,145.67,-18.79,5.07,1.23,394.0,118134
2026-03-05 11:59:00,-3.61,2.83,-1.97,141.84,-23.30,4.99,1.06,395.9,109317
2026-03-05 12:00:00,-4.21,2.18,-1.88,152.67,-21.65,5.10,0.93,394.0,98701
2026-03-05 12:01:00,-3.69,2.71,-1.92,143.72,-22.73,4.96,0.83,390.2,92265
2026-03-05 12:02:00,-3.49,2.94,-2.00,139.89,-23.65,4.98,0.91,390.9,96057
2026-03-05 12:03:00,-3.31,2.57,-2.58,142.20,-31.57,4.92,1.15,405.2,139221
2026-03-05 12:04:00,-4.05,2.43,-1.76,149.06,-20.43,5.04,0.90,402.5,101666
2026-03-05 12:05:00,-3.31,2.57,-2.46,142.19,-30.36,4.86,1.21,385.2,98248
2026-03-05 12:06:00,-2.98,2.02,-3.17,145.92,-41.37,4.80,0.98,392.3,102620
2026-03-05 12:07:00,-3.15,2.00,-3.08,147.64,-39.53,4.83,0.82,406.5,102888
2026-03-05 12:09:00,-2.90,1.70,-3.42,149.54,-45.52,4.79,0.62,405.5,79599
2026-03-05 12:10:00,-2.50,1.13,-3.81,155.74,-54.25,4.70,0.79,412.5,118353
2026-03-05 12:11:00,-4.27,2.22,-0.25,152.55,-2.92,4.82,0.70,411.3,103934
2026-03-05 12:12:00,-4.54,2.65,0.61,149.74,6.64,5.29,1.60,388.7,88581
2026-03-05 12:13:00,-3.99,3.00,-0.82,143.09,-9.30,5.06,1.31,373.4,59262
2026-03-05 12:14:00,-4.29,2.87,-0.47,146.18,-5.16,5.18,1.16,383.5,102759
2026-03-05 12:15:00,-4.17,2.96,-0.66,144.59,-7.32,5.16,1.41,390.6,124577
2026-03-05 12:16:00,-4.06,3.18,-0.30,141.96,-3.36,5.16,1.61,385.7,98783
2026-03-05 12:17:00,-4.15,3.05,-0.47,143.67,-5.25,5.18,1.69,385.0,100162
2026-03-05 12:18:00,-4.30,2.75,-0.41,147.35,-4.58,5.12,1.67,388.6,122417
2026-03-05 12:19:00,-4.09,3.15,0.72,142.41,7.90,5.21,1.70,385.2,110217
2026-03-05 12:20:00,-4.10,3.08,0.00,143.09,-0.02,5.13,1.74,380.1,73547
2026-03-05 12:21:00,-4.11,3.16,0.15,142.42,1.63,5.19,1.34,380.9,55273
2026-03-05 12:22:00,-3.77,3.34,1.17,138.43,13.07,5.17,1.89,380.1,84869
2026-03-05 12:23:00,-4.02,3.17,-0.46,141.73,-5.17,5.14,2.53,384.4,96627
2026-03-05 12:24:00,-3.69,3.42,0.85,137.18,9.63,5.10,1.53,380.9,61470
2026-03-05 12:25:00,-3.52,3.51,1.07,135.07,12.15,5.08,2.36,383.5,103579
2026-03-05 12:26:00,-4.26,2.83,0.14,146.37,1.62,5.12,2.27,380.5,73990
2026-03-05 12:27:00,-3.87,3.20,-0.18,140.47,-2.04,5.03,1.72,383.7,94444
2026-03-05 12:28:00,-3.78,3.03,-1.01,141.31,-11.80,4.94,1.49,382.8,94307
2026-03-05 12:29:00,-3.74,3.19,-0.41,139.53,-4.80,4.93,1.94,384.6,120932
2026-03-05 12:30:00,-2.90,3.61,1.10,128.71,13.37,4.76,2.28,384.2,96574
2026-03-05 12:31:00,-3.00,3.72,1.11,128.85,13.14,4.90,1.93,378.7,55376
2026-03-05 12:32:00,-3.15,3.61,0.76,131.16,9.05,4.85,1.88,379.8,59801
2026-03-05 12:33:00,-3.53,3.24,0.17,137.50,2.07,4.79,2.10,384.8,73840
2026-03-05 12:34:00,-3.48,3.38,0.41,135.83,4.80,4.86,1.79,382.4,65027
2026-03-05 12:35:00,-3.40,3.44,0.45,134.62,5.34,4.86,1.46,375.8,58944
2026-03-05 12:36:00,-3.31,3.45,0.82,133.85,9.69,4.85,1.33,370.1,52538
2026-03-05 12:37:00,-3.43,3.40,0.37,135.23,4.39,4.84,2.25,386.5,106426
2026-03-05 12:38:00,-3.58,3.33,-0.06,137.07,-0.74,4.89,1.86,384.3,91949
2026-03-05 12:39:00,-3.21,3.57,0.41,131.91,4.94,4.82,1.76,379.9,57739
2026-03-05 12:40:00,-3.14,3.61,0.07,131.01,0.89,4.78,1.81,379.8,58873
2026-03-05 12:41:00,-3.24,3.59,0.16,132.02,1.88,4.84,1.81,379.8,58873
2026-03-05 12:42:00,-3.32,3.53,0.22,133.29,2.54,4.85,1.52,377.5,51706
2026-03-05 12:43:00,-3.43,3.43,-0.17,135.01,-2.03,4.85,1.81,379.5,61479
2026-03-05 12:44:00,-3.53,3.31,-0.25,136.80,-2.94,4.84,1.85,381.6,70742
2026-03-05 12:45:00,-3.37,3.49,0.12,133.98,1.42,4.85,1.81,384.8,84021
2026-03-05 12:46:00,-3.10,3.64,0.48,130.43,5.75,4.80,1.81,383.4,79460
2026-03-05 12:47:00,-3.19,3.58,0.60,131.75,7.14,4.83,1.68,376.7,60172
2026-03-05 12:48:00,-3.16,3.55,0.31,131.69,3.79,4.76,1.67,376.4,57765
2026-03-05 12:49:00,-3.28,3.44,0.17,133.62,2.09,4.76,1.68,380.6,65855
2026-03-05 12:50:00,-3.18,3.58,0.27,131.62,3.28,4.80,1.53,379.0,58465
2026-03-05 12:51:00,-3.25,3.51,0.42,132.85,5.06,4.80,1.69,380.4,64540
2026-03-05 12:52:00,-3.26,3.50,0.02,132.97,0.22,4.78,2.12,388.4,100578
2026-03-05 12:53:00,-3.01,3.68,-0.17,129.35,-2.04,4.76,1.77,382.5,73504
2026-03-05 12:54:00,-3.49,3.31,0.17,136.48,2.00,4.81,1.55,383.0,63093
2026-03-05 12:55:00,-3.56,3.34,0.14,136.82,1.65,4.88,1.50,371.7,50649
2026-03-05 12:56:00,-3.55,3.28,0.18,137.26,2.10,4.84,2.15,387.1,118542
2026-03-05 12:57:00,-3.41,3.38,-0.12,135.20,-1.39,4.80,1.95,382.1,84585
2026-03-05 12:58:00,-3.24,3.54,0.13,132.49,1.54,4.80,1.81,373.8,62291
2026-03-05 12:59:00,-3.16,3.59,-0.21,131.36,-2.52,4.78,1.77,380.1,61352
2026-03-05 13:00:00,-3.14,3.64,-0.57,130.79,-6.79,4.84,1.71,384.7,85603
2026-03-05 13:01:00,-3.18,3.55,-0.66,131.87,-7.84,4.82,1.51,388.0,87402
2026-03-05 13:02:00,-3.38,3.26,-0.99,136.04,-11.87,4.80,1.35,377.6,64159
2026-03-05 13:03:00,-3.27,3.07,-1.49,136.74,-18.39,4.73,1.50,385.1,96462
2026-03-05 13:04:00,-4.02,2.92,-0.09,143.99,-1.01,4.97,1.92,388.4,118945
2026-03-05 13:05:00,-3.26,3.52,-0.94,132.82,-11.08,4.88,1.89,380.4,90268
2026-03-05 13:06:00,-3.33,3.51,-0.34,133.44,-3.99,4.85,1.60,384.6,79427
2026-03-05 13:07:00,-3.26,3.47,-0.46,133.18,-5.56,4.78,1.77,385.0,83798
2026-03-05 13:08:00,-3.35,3.53,-0.19,133.44,-2.29,4.87,1.40,390.0,81765
2026-03-05 13:09:00,-3.74,3.40,-0.16,137.73,-1.79,5.06,1.43,382.6,73631
2026-03-05 13:10:00,-3.75,3.26,-0.74,139.00,-8.50,5.03,1.19,371.7,42405
2026-03-05 13:11:00,-3.30,3.42,-1.07,134.03,-12.65,4.87,1.70,387.1,99670
2026-03-05 13:12:00,-3.43,3.22,-1.40,136.76,-16.59,4.91,1.38,387.6,84039
2026-03-05 13:13:00,-3.26,3.36,-1.23,134.13,-14.75,4.85,1.34,390.8,78403
2026-03-05 13:14:00,-3.82,3.19,0.26,140.09,2.99,4.98,1.33,391.0,78001
2026-03-05 13:15:00,-3.73,3.28,0.25,138.61,2.85,4.97,1.31,374.3,47852
2026-03-05 13:16:00,-3.85,3.25,0.10,139.83,1.11,5.04,1.65,383.4,94843
2026-03-05 13:17:00,-3.85,3.19,0.05,140.36,0.52,5.00,1.57,379.0,80841
2026-03-05 13:18:00,-3.66,3.14,-1.03,139.40,-12.05,4.93,1.81,382.0,95284
2026-03-05 13:19:00,-3.67,3.14,-1.18,139.46,-13.67,4.98,1.78,386.5,104909
2026-03-05 13:20:00,-3.74,3.13,-0.70,140.06,-8.14,4.93,1.52,385.0,88684
2026-03-05 13:21:00,-3.62,3.34,-0.53,137.28,-6.13,4.95,1.43,379.4,66686
2026-03-05 13:22:00,-3.76,3.00,-1.12,141.41,-13.13,4.94,1.51,379.2,64747
2026-03-05 13:23:00,-3.61,2.91,-1.38,141.19,-16.61,4.84,1.75,390.3,97477
2026-03-05 13:24:00,-3.70,3.05,-1.10,140.48,-12.95,4.92,1.57,388.5,83623
2026-03-05 13:25:00,-3.76,3.02,-1.06,141.23,-12.40,4.94,1.63,386.1,85630
2026-03-05 13:26:00,-3.68,2.95,-1.26,141.28,-14.94,4.88,1.86,392.1,110629
2026-03-05 13:27:00,-3.71,3.02,-1.07,140.88,-12.63,4.91,1.65,389.0,97765
2026-03-05 13:28:00,-3.65,3.26,-0.47,138.23,-5.52,4.91,1.90,385.1,102081
2026-03-05 13:29:00,-3.47,3.39,-0.51,135.66,-6.05,4.87,1.40,367.4,31439
2026-03-05 13:30:00,-3.40,3.38,-0.60,135.23,-7.12,4.83,1.89,389.3,136311
2026-03-05 13:31:00,-3.48,3.23,-0.72,137.12,-8.64,4.81,2.17,391.3,113956
2026-03-05 13:32:00,-3.14,3.69,0.35,130.39,4.16,4.85,2.38,385.2,82387
2026-03-05 13:33:00,-3.03,3.68,0.79,129.49,9.35,4.84,2.76,387.2,84537
2026-03-05 13:34:00,-3.36,3.55,1.05,133.46,12.08,5.00,2.77,385.8,77949
2026-03-05 13:35:00,-3.49,3.47,0.85,135.23,9.76,4.99,2.45,380.6,65350
2026-03-05 13:36:00,-3.07,3.25,2.41,133.34,28.29,5.08,2.58,378.5,57941
2026-03-05 13:37:00,-3.12,3.35,2.30,132.93,26.72,5.12,3.13,383.0,72258
2026-03-05 13:38:00,-3.85,3.35,0.81,138.93,8.98,5.17,3.24,386.1,86240
2026-03-05 13:39:00,-3.96,3.13,1.22,141.67,13.57,5.20,3.02,380.1,61708
2026-03-05 13:40:00,-3.78,2.43,2.69,147.28,30.89,5.24,3.39,378.8,66445
2026-03-05 13:41:00,-3.07,2.42,3.30,141.71,40.15,5.12,3.27,378.8,68426
2026-03-05 13:42:00,-3.31,2.65,2.96,141.33,34.91,5.17,3.69,385.5,51001
2026-03-05 13:43:00,-3.55,2.68,2.68,142.97,31.06,5.20,2.94,372.9,51445
2026-03-05 13:44:00,-3.30,2.45,3.15,143.34,37.48,5.18,1.86,366.8,36079
2026-03-05 13:45:00,-2.98,2.46,3.40,140.52,41.35,5.15,2.82,374.4,50436
2026-03-05 13:46:00,-2.18,2.99,3.37,126.12,42.28,5.01,4.00,386.9,42973
2026-03-05 13:47:00,-1.79,2.79,3.53,122.66,46.78,4.84,4.17,388.7,41667
2026-03-05 13:48:00,-1.80,2.50,3.97,125.71,52.20,5.02,2.63,380.6,21597
2026-03-05 13:49:00,-1.86,3.11,3.58,120.86,44.68,5.09,3.42,392.9,62749
2026-03-05 13:50:00,-2.27,3.28,3.23,124.75,38.98,5.13,3.73,392.9,65213
2026-03-05 13:51:00,-2.00,3.14,3.46,122.46,42.95,5.08,2.56,381.9,41172
2026-03-05 13:52:00,-2.17,3.17,3.31,124.39,40.76,5.07,2.85,383.5,47774
2026-03-05 13:53:00,-2.50,3.58,2.67,124.91,31.50,5.12,3.71,389.8,58485
2026-03-05 13:54:00,-2.60,3.41,2.79,127.36,33.06,5.12,3.09,385.2,49817
2026-03-05 13:55:00,-3.48,3.26,2.02,136.85,22.97,5.18,3.18,379.8,51097
2026-03-05 13:56:00,-4.18,2.78,1.62,146.35,17.90,5.27,2.25,372.0,42171
2026-03-05 13:57:00,-3.36,3.10,2.21,137.26,25.79,5.08,3.05,379.6,87637
2026-03-05 13:58:00,-2.33,3.50,2.68,123.65,32.53,4.99,2.62,374.2,56653
2026-03-05 13:59:00,-1.52,3.77,2.84,111.91,34.94,4.96,1.58,379.1,30937
2026-03-05 14:00:00,-2.67,3.57,2.48,126.82,29.06,5.10,4.13,397.9,77152
2026-03-05 14:01:00,-2.41,3.59,2.58,123.84,30.78,5.04,3.08,380.5,45590
2026-03-05 14:02:00,-2.32,3.65,2.57,122.37,30.69,5.03,2.52,379.9,40632
2026-03-05 14:03:00,-2.70,3.31,2.74,129.18,32.65,5.08,1.99,372.5,29172
2026-03-05 14:04:00,-3.02,3.01,2.87,135.06,33.98,5.14,3.27,381.1,56329
2026-03-05 14:05:00,-3.08,2.97,2.89,136.05,34.08,5.16,3.28,380.7,54271
2026-03-05 14:06:00,-2.79,3.28,2.69,130.39,32.04,5.07,3.11,379.3,49431
2026-03-05 14:07:00,-3.24,2.87,2.85,138.48,33.33,5.18,3.04,378.3,45565
2026-03-05 14:08:00,-3.00,2.90,2.98,135.98,35.52,5.12,2.94,376.3,43470
2026-03-05 14:09:00,-1.47,3.98,2.51,110.30,30.64,4.93,2.51,378.1,41622
2026-03-05 14:10:00,-2.40,3.55,2.73,124.08,32.47,5.08,2.11,378.5,32249
2026-03-05 14:11:00,-2.73,3.42,2.65,128.60,31.20,5.11,2.91,375.0,36812
2026-03-05 14:12:00,-2.15,3.55,2.77,121.21,33.65,4.99,3.50,384.0,61119
2026-03-05 14:13:00,-1.60,3.66,2.93,113.60,36.30,4.95,3.13,383.5,47448
2026-03-05 14:14:00,-1.89,3.84,2.63,116.21,31.57,5.02,3.32,385.1,47631
2026-03-05 14:15:00,-2.33,3.71,2.55,122.10,30.25,5.07,2.71,382.5,37148
2026-03-05 14:16:00,-2.34,3.65,2.64,122.67,31.36,5.08,3.34,382.5,51346
2026-03-05 14:17:00,-2.39,3.57,2.73,123.80,32.45,5.10,2.69,379.3,44731
2026-03-05 14:18:00,-2.40,3.55,2.72,123.99,32.38,5.07,1.92,371.0,27169
2026-03-05 14:19:00,-2.69,3.71,2.40,125.91,27.63,5.18,3.39,386.0,63663
2026-03-05 14:20:00,-2.55,3.75,2.38,124.20,27.66,5.12,3.79,390.0,73444
2026-03-05 14:21:00,-2.65,3.73,2.23,125.42,25.99,5.09,1.82,371.2,24419
2026-03-05 14:22:00,-2.72,3.71,2.18,126.31,25.33,5.09,2.72,379.8,50985
2026-03-05 14:23:00,-2.70,3.63,2.25,126.71,26.48,5.06,3.18,383.3,56067
2026-03-05 14:24:00,-2.76,3.66,2.21,127.10,25.75,5.09,3.03,381.2,49328
2026-03-05 14:25:00,-2.71,3.70,2.24,126.24,26.03,5.10,2.65,377.5,43350
2026-03-05 14:26:00,-2.41,3.89,2.05,121.73,24.16,5.02,2.40,377.6,37520
2026-03-05 14:27:00,-2.48,3.85,2.08,122.73,24.43,5.03,2.95,386.7,56180
2026-03-05 14:28:00,-2.50,4.00,1.72,121.96,20.07,5.02,2.88,381.7,48343
2026-03-05 14:29:00,-2.55,4.04,1.54,122.25,17.86,5.02,2.46,377.5,40776
2026-03-05 14:30:00,-2.25,4.33,0.76,117.47,8.79,4.94,1.77,372.4,27703
2026-03-05 14:31:00,-2.19,4.34,0.84,116.75,9.77,4.93,2.82,394.8,72923
2026-03-05 14:32:00,-2.36,4.21,1.18,119.25,13.70,4.97,2.57,382.4,43962
2026-03-05 14:33:00,-2.73,4.11,1.07,123.57,12.28,5.05,2.36,379.4,43718
2026-03-05 14:34:00,-2.95,4.00,0.90,126.41,10.30,5.05,2.73,384.0,54782
2026-03-05 14:35:00,-2.53,4.18,0.87,121.15,10.05,4.97,2.33,378.4,42128
2026-03-05 14:36:00,-1.65,4.57,0.49,109.91,5.76,4.88,2.07,381.7,41820
2026-03-05 14:37:00,-1.95,4.49,0.50,113.43,5.79,4.92,1.59,376.7,31947
2026-03-05 14:38:00,-2.21,4.37,0.66,116.81,7.68,4.94,2.16,382.3,46627
2026-03-05 14:39:00,-2.22,4.41,0.67,116.73,7.73,4.98,2.48,386.0,55343
2026-03-05 14:40:00,-2.33,4.35,0.80,118.16,9.24,5.00,2.26,380.9,46956
2026-03-05 14:41:00,-2.25,4.40,0.71,117.16,8.17,4.99,2.26,379.8,45021
2026-03-05 14:42:00,-2.27,4.39,0.74,117.33,8.50,5.00,2.44,382.7,48022
2026-03-05 14:43:00,-2.22,4.04,1.97,118.73,23.18,5.02,2.56,380.9,43696
2026-03-05 14:44:00,-2.18,4.18,1.70,117.54,19.79,5.01,2.44,380.1,38319
2026-03-05 14:45:00,-2.00,4.26,1.66,115.16,19.42,4.99,2.76,381.0,37912
2026-03-05 14:46:00,-2.11,4.21,1.78,116.67,20.76,5.03,2.94,387.4,57155
2026-03-05 14:47:00,-2.48,4.08,1.55,121.22,17.95,5.02,3.45,387.2,58503
2026-03-05 14:48:00,-2.63,3.88,1.71,124.10,20.02,4.99,2.59,377.0,39663
2026-03-05 14:49:00,-2.22,4.33,0.89,117.12,10.33,4.94,2.83,377.4,45336
2026-03-05 14:50:00,-2.21,4.32,0.77,117.09,9.04,4.91,2.47,382.4,51291
2026-03-05 14:51:00,-1.82,4.45,0.98,112.21,11.51,4.91,2.35,382.8,51327
2026-03-05 14:52:00,-1.77,4.41,1.23,111.86,14.57,4.91,1.45,372.6,28401
2026-03-05 14:53:00,-1.94,4.39,1.11,113.85,13.02,4.92,1.13,368.9,20139
2026-03-05 14:55:00,-2.86,4.05,0.93,125.21,10.61,5.04,2.91,383.4,62505
2026-03-05 14:56:00,-2.88,4.03,1.00,125.54,11.42,5.05,2.41,377.8,46275
2026-03-05 14:57:00,-2.93,3.96,1.15,126.52,13.17,5.06,2.12,375.9,42111
2026-03-05 14:58:00,-2.61,3.94,1.69,123.54,19.73,5.02,2.60,381.4,56684
2026-03-05 14:59:00,-2.87,3.92,1.65,126.19,18.74,5.14,2.58,376.9,39181
2026-03-05 15:00:00,-3.04,3.75,1.76,129.06,20.07,5.13,2.32,373.2,36215
2026-03-05 15:01:00,-3.19,3.63,1.83,131.35,20.75,5.17,3.00,380.4,60667
2026-03-05 15:02:00,-3.03,3.59,2.04,130.14,23.52,5.12,2.94,374.3,45816
2026-03-05 15:03:00,-2.96,3.46,2.34,130.54,27.24,5.12,2.54,373.3,35045
2026-03-05 15:04:00,-3.05,3.50,2.12,131.12,24.51,5.10,2.13,363.9,29549
2026-03-05 15:05:00,-3.08,3.61,2.09,130.49,23.75,5.18,2.66,374.6,38731
2026-03-05 15:06:00,-2.74,3.81,1.95,125.69,22.56,5.08,2.74,376.2,46195
2026-03-05 15:07:00,-3.01,3.66,1.80,129.38,20.81,5.07,2.55,374.9,37705
2026-03-05 15:08:00,-3.57,2.72,2.44,142.66,28.48,5.11,2.89,373.6,46998
2026-03-05 15:09:00,-3.25,2.96,2.48,137.68,29.39,5.05,2.89,372.6,45376
2026-03-05 15:10:00,-3.41,2.84,2.43,140.26,28.73,5.06,2.66,373.8,50308
2026-03-05 15:11:00,-3.41,2.93,2.34,139.30,27.48,5.07,2.02,366.3,43946
2026-03-05 15:12:00,-3.45,2.77,2.43,141.28,28.81,5.05,2.52,368.7,50304
2026-03-05 15:13:00,-3.69,2.75,2.28,143.29,26.31,5.13,3.33,377.5,61407
2026-03-05 15:14:00,-3.72,2.67,2.17,144.29,25.35,5.07,2.86,371.7,49147
2026-03-05 15:15:00,-3.81,2.76,2.00,144.02,23.00,5.11,2.76,369.1,50106
2026-03-05 15:16:00,-3.78,2.72,2.10,144.22,24.25,5.11,2.68,371.9,55076
2026-03-05 15:17:00,-3.59,3.05,1.78,139.61,20.71,5.04,2.70,370.0,52015
2026-03-05 15:18:00,-3.61,3.06,1.82,139.69,21.09,5.07,2.32,373.9,56251
2026-03-05 15:19:00,-3.82,3.10,1.53,140.94,17.26,5.15,1.85,363.6,36761
2026-03-05 15:20:00,-3.71,2.90,1.95,142.02,22.49,5.09,2.97,380.9,91343
2026-03-05 15:21:00,-4.18,2.52,1.88,148.91,21.05,5.23,2.93,372.6,49888
2026-03-05 15:22:00,-3.90,2.76,1.84,144.67,21.08,5.12,2.58,368.9,53916
2026-03-05 15:23:00,-3.58,2.88,2.16,141.12,25.23,5.08,2.13,358.6,23055
2026-03-05 15:24:00,-3.78,2.86,1.84,142.91,21.19,5.08,2.58,373.9,73143
2026-03-05 15:25:00,-3.78,2.77,1.90,143.76,22.05,5.06,2.57,373.3,74678
2026-03-05 15:26:00,-3.79,2.93,1.63,142.25,18.73,5.06,2.46,369.7,64887
2026-03-05 15:29:00,-3.71,2.94,1.87,141.64,21.52,5.09,2.78,373.7,69782
2026-03-05 15:30:00,-3.71,2.85,1.98,142.47,22.91,5.08,2.27,369.8,47675
2026-03-05 15:31:00,-3.49,3.05,1.98,138.84,23.11,5.04,2.20,367.0,43360
2026-03-05 15:32:00,-3.74,2.28,2.50,148.62,29.68,5.04,3.17,379.0,66031
2026-03-05 15:33:00,-3.88,1.96,2.54,153.14,30.29,5.03,2.84,368.2,40466
2026-03-05 15:34:00,-4.01,1.62,2.65,157.97,31.53,5.07,2.85,367.5,46627
2026-03-05 15:35:00,-4.21,1.03,2.81,166.19,32.96,5.16,3.00,368.4,58724
2026-03-05 15:36:00,-4.37,1.19,2.52,164.70,29.09,5.18,2.81,366.8,46068
2026-03-05 15:37:00,-4.32,1.06,2.57,166.16,30.06,5.14,2.64,369.9,65728
2026-03-05 15:38:00,-4.41,1.00,2.53,167.21,29.23,5.19,1.91,361.6,42822
2026-03-05 15:39:00,-4.49,0.78,2.45,170.18,28.28,5.17,3.01,372.0,80492
2026-03-05 15:40:00,-4.37,0.84,2.65,169.11,30.77,5.18,2.72,367.4,66058
2026-03-05 15:41:00,-4.29,0.86,2.65,168.67,31.26,5.12,2.60,367.2,61694
2026-03-05 15:42:00,-4.36,0.32,2.73,175.86,32.03,5.15,2.84,368.9,56424
2026-03-05 15:43:00,-4.48,0.89,2.45,168.72,28.14,5.19,2.79,367.9,48908
2026-03-05 15:44:00,-4.35,1.43,2.24,161.80,26.10,5.10,2.76,367.5,56317
2026-03-05 15:45:00,-4.01,2.40,1.87,149.08,21.87,5.03,2.44,366.3,55818
2026-03-05 15:46:00,-4.26,2.34,1.60,151.27,18.20,5.12,2.11,368.2,53522
2026-03-05 15:47:00,-4.01,2.54,1.96,147.69,22.41,5.14,2.82,375.2,73675
2026-03-05 15:48:00,-4.02,2.39,2.01,149.30,23.29,5.09,2.57,368.4,48778
2026-03-05 15:49:00,-3.97,1.40,2.88,160.59,34.34,5.10,2.84,371.0,53542
2026-03-05 15:50:00,-4.19,1.43,2.70,161.19,31.35,5.18,2.83,366.6,51568
2026-03-05 15:51:00,-4.26,1.48,2.61,160.88,30.11,5.21,2.93,371.1,53815
2026-03-05 15:52:00,-4.42,1.75,2.20,158.36,24.90,5.24,2.94,365.9,44438
2026-03-05 15:53:00,-4.46,1.82,2.05,157.82,23.05,5.23,2.14,362.9,39699
2026-03-05 15:54:00,-4.60,1.49,2.21,162.09,24.60,5.32,2.87,369.9,64420
2026-03-05 15:55:00,-4.70,1.41,1.98,163.23,21.98,5.29,2.84,367.9,64839
2026-03-05 15:56:00,-4.77,1.45,1.97,163.07,21.53,5.36,2.50,365.3,58101
2026-03-05 15:57:00,-4.58,1.62,2.15,160.51,23.89,5.31,2.48,365.5,50065
2026-03-05 15:58:00,-4.57,1.20,2.48,165.28,27.73,5.33,2.97,370.2,70264
2026-03-05 16:00:00,-4.81,0.63,2.40,172.49,26.34,5.41,2.96,364.2,58877
2026-03-05 16:01:00,-4.84,-0.27,2.12,183.14,23.62,5.29,2.96,364.2,58877
2026-03-05 16:03:00,-4.83,-0.85,2.05,190.00,22.64,5.31,2.62,366.6,62521
2026-03-05 16:04:00,-4.95,-0.81,1.89,189.35,20.70,5.36,2.30,364.6,47808
2026-03-05 16:05:00,-4.79,0.17,2.33,177.94,25.93,5.33,2.04,360.4,44741
2026-03-05 16:06:00,-4.90,0.04,2.16,179.55,23.82,5.35,3.37,371.5,86664
2026-03-05 16:07:00,-4.90,0.27,2.35,176.80,25.58,5.44,2.58,364.6,53453
2026-03-05 16:08:00,-4.80,0.54,2.42,173.53,26.56,5.40,3.03,366.0,62761
2026-03-05 16:09:00,-4.84,0.51,2.38,174.03,26.06,5.42,2.88,362.3,49025
2026-03-05 16:10:00,-4.94,0.33,2.29,176.22,24.86,5.46,2.92,364.7,52254
2026-03-05 16:11:00,-4.82,0.87,2.39,169.78,25.98,5.45,2.53,364.4,60085
2026-03-05 16:12:00,-4.64,1.42,2.38,162.99,26.18,5.40,2.01,360.6,42052
2026-03-05 16:13:00,-4.67,1.37,2.36,163.65,25.85,5.41,2.96,367.5,67091
2026-03-05 16:14:00,-4.76,1.19,2.19,165.93,24.04,5.37,3.23,368.8,67383
2026-03-05 16:15:00,-4.75,1.04,2.15,167.64,23.83,5.32,2.82,367.4,59421
2026-03-05 16:16:00,-4.57,1.12,2.27,166.25,25.80,5.23,2.70,366.8,57710
2026-03-05 16:17:00,-4.08,2.45,2.07,148.98,23.55,5.19,2.80,367.6,55541
2026-03-05 16:18:00,-4.25,2.27,2.12,151.85,23.76,5.26,2.71,369.2,57562
2026-03-05 16:19:00,-4.23,2.29,2.09,151.54,23.53,5.24,2.44,366.2,51792
2026-03-05 16:20:00,-4.27,2.28,2.09,151.91,23.38,5.27,2.39,364.9,46301
2026-03-05 16:21:00,-4.27,2.33,2.08,151.34,23.17,5.29,2.75,367.1,53818
2026-03-05 16:22:00,-4.36,2.28,1.68,152.44,18.90,5.20,2.50,367.7,55657
2026-03-05 16:23:00,-4.34,2.64,1.30,148.63,14.32,5.24,2.26,370.2,76566
2026-03-05 16:24:00,-4.28,2.77,1.09,147.07,12.10,5.22,1.68,360.7,47871
2026-03-05 16:25:00,-4.35,2.86,0.86,146.70,9.37,5.27,2.57,374.9,93642
2026-03-05 16:26:00,-4.36,2.81,1.27,147.23,13.80,5.34,2.17,369.4,85674
2026-03-05 16:27:00,-4.12,2.48,2.07,148.91,23.33,5.24,2.59,364.1,60542
2026-03-05 16:28:00,-3.89,2.31,2.57,149.24,29.59,5.20,2.98,367.9,65340
2026-03-05 16:29:00,-4.13,2.43,2.36,149.51,26.17,5.34,3.12,367.9,62536
2026-03-05 16:30:00,-4.04,2.62,2.25,147.07,24.99,5.32,3.12,367.5,54850
2026-03-05 16:31:00,-4.19,2.80,1.83,146.27,19.99,5.36,2.53,363.6,45428
2026-03-05 16:32:00,-4.20,2.79,1.69,146.39,18.53,5.32,2.02,359.8,39720
2026-03-05 16:33:00,-4.17,3.02,1.63,144.07,17.52,5.40,2.21,366.7,60429
2026-03-05 16:34:00,-4.15,3.06,1.57,143.63,16.94,5.39,2.21,366.7,58973
2026-03-05 16:35:00,-4.20,3.02,1.46,144.26,15.79,5.37,2.21,366.6,58691
2026-03-05 16:36:00,-4.37,2.93,1.12,146.16,11.98,5.38,2.17,366.2,66468
2026-03-05 16:37:00,-4.31,2.49,1.29,150.02,14.53,5.15,2.18,367.4,66829
2026-03-05 16:38:00,-3.55,1.98,3.35,150.84,39.51,5.27,2.22,367.3,52846
2026-03-05 16:39:00,-3.76,2.19,3.00,149.85,34.58,5.29,2.69,359.3,22036
2026-03-05 16:40:00,-3.65,2.32,2.93,147.63,34.08,5.22,3.77,373.7,69283
2026-03-05 16:41:00,-3.72,2.57,2.67,145.35,30.58,5.25,3.38,367.9,46362
2026-03-05 16:42:00,-3.67,2.53,2.58,145.48,30.01,5.15,3.23,368.2,45519
2026-03-05 16:43:00,-3.88,2.55,2.37,146.67,27.04,5.21,2.88,365.3,45517
2026-03-05 16:44:00,-3.99,2.61,2.23,146.85,25.10,5.26,2.66,365.8,46611
2026-03-05 16:45:00,-4.05,2.59,2.13,147.39,23.83,5.26,2.61,367.0,63799
2026-03-05 16:46:00,-4.05,2.57,2.20,147.58,24.61,5.27,2.14,362.9,52556
2026-03-05 16:47:00,-4.06,2.52,2.15,148.17,24.17,5.24,2.31,363.0,50798
2026-03-05 16:48:00,-4.01,2.57,2.14,147.31,24.21,5.22,2.70,364.7,60870
2026-03-05 16:49:00,-4.01,2.68,2.01,146.31,22.59,5.22,2.70,364.0,64223
2026-03-05 16:50:00,-4.01,2.77,1.79,145.36,20.24,5.19,2.72,365.3,70079
2026-03-05 16:51:00,-4.31,2.34,2.09,151.50,23.13,5.33,2.69,365.7,67440
2026-03-05 16:52:00,-4.54,2.05,2.22,155.69,23.96,5.46,2.76,362.7,55097
2026-03-05 16:53:00,-4.45,2.08,2.29,154.93,24.96,5.42,2.33,361.2,57158
2026-03-05 16:54:00,-4.53,2.25,1.89,153.62,20.53,5.40,2.32,359.3,46332
2026-03-05 16:55:00,-4.15,1.89,2.72,155.53,30.83,5.31,2.11,364.7,57778
2026-03-05 16:56:00,-4.14,1.83,2.72,156.11,31.05,5.28,3.47,366.2,65301
2026-03-05 16:57:00,-4.19,1.97,2.66,154.82,29.92,5.34,2.96,363.3,55313
2026-03-05 16:58:00,-4.23,1.95,2.60,155.24,29.18,5.33,2.65,360.7,36650
2026-03-05 16:59:00,-4.29,1.96,2.55,155.45,28.45,5.36,2.82,364.3,43109
2026-03-05 17:00:00,-4.63,1.75,2.26,159.28,24.54,5.44,3.19,367.4,63711
2026-03-05 17:01:00,-4.25,2.05,2.52,154.27,28.09,5.35,2.92,363.4,52441
2026-03-05 17:02:00,-4.21,2.15,2.53,152.94,28.14,5.36,2.89,365.2,56953
2026-03-05 17:03:00,-4.20,2.23,2.51,152.03,27.85,5.38,2.91,366.2,60944
2026-03-05 17:04:00,-4.54,2.16,2.08,154.60,22.49,5.44,2.32,365.2,59826
2026-03-05 17:05:00,-4.55,2.33,1.82,152.83,19.58,5.42,1.74,365.9,63538
2026-03-05 17:06:00,-4.69,2.16,1.63,155.34,17.50,5.42,1.87,360.0,59573
2026-03-05 17:07:00,-4.63,2.21,1.65,154.45,17.87,5.39,2.06,361.0,67125
2026-03-05 17:08:00,-4.86,2.07,1.55,156.91,16.33,5.50,2.45,363.6,83717
2026-03-05 17:09:00,-4.91,2.02,1.40,157.65,14.80,5.49,1.99,362.9,70525
2026-03-05 17:10:00,-4.82,2.19,1.35,155.60,14.26,5.46,2.16,362.4,92574
2026-03-05 17:11:00,-4.95,2.09,1.03,157.10,10.91,5.47,1.96,360.6,81517
2026-03-05 17:12:00,-4.93,2.00,1.09,157.89,11.56,5.43,1.43,369.3,102190
2026-03-05 17:13:00,-4.99,1.97,1.03,158.41,10.84,5.46,2.31,351.7,28467
2026-03-05 17:14:00,-4.99,1.94,1.05,158.78,11.07,5.45,1.92,369.2,148050
2026-03-05 17:15:00,-5.02,1.81,0.89,160.19,9.50,5.41,1.81,369.2,132663
2026-03-05 17:16:00,-4.82,1.92,1.45,158.24,15.64,5.39,1.90,366.2,102791
2026-03-05 17:17:00,-4.83,1.89,1.61,158.60,17.29,5.43,2.01,362.8,77401
2026-03-05 17:18:00,-4.86,1.92,1.67,158.47,17.77,5.49,2.15,362.7,74660
2026-03-05 17:19:00,-4.91,1.81,1.78,159.77,18.79,5.53,2.10,363.4,76776
2026-03-05 17:20:00,-4.76,1.69,2.14,160.41,22.90,5.49,2.06,360.4,66436
2026-03-05 17:21:00,-4.90,2.13,1.16,156.51,12.30,5.46,2.00,361.7,74896
2026-03-05 17:22:00,-5.17,1.79,1.03,160.95,10.66,5.57,1.85,367.1,97566
2026-03-05 17:23:00,-5.22,1.67,1.09,162.25,11.21,5.59,1.96,364.2,85696
2026-03-05 17:24:00,-5.18,1.85,1.06,160.34,10.95,5.60,1.93,362.9,75867
2026-03-05 17:25:00,-5.04,2.14,0.98,156.95,10.18,5.56,1.97,359.9,68376
2026-03-05 17:26:00,-5.09,1.49,1.48,163.70,15.58,5.51,1.97,372.7,112597
2026-03-05 17:27:00,-4.95,1.84,0.97,159.63,10.39,5.37,2.36,362.0,58238
2026-03-05 17:28:00,-4.37,2.99,-0.66,145.63,-7.10,5.33,1.63,368.9,92032
2026-03-05 17:29:00,-4.60,2.75,-0.69,149.13,-7.28,5.41,1.42,377.3,126107
2026-03-05 17:30:00,-4.63,2.62,-0.58,150.50,-6.25,5.35,1.12,376.9,118406
2026-03-05 17:31:00,-4.75,2.36,-0.63,153.57,-6.78,5.34,1.20,371.6,98748
2026-03-05 17:32:00,-4.84,2.30,-0.40,154.61,-4.25,5.37,1.22,368.5,69893
2026-03-05 17:33:00,-4.81,2.39,-0.36,153.60,-3.81,5.38,1.25,372.8,111029
2026-03-05 17:34:00,-4.83,2.37,-0.54,153.89,-5.75,5.41,1.21,373.0,103690
2026-03-05 17:35:00,-4.75,2.48,-0.35,152.36,-3.70,5.37,1.31,368.4,84450
2026-03-05 17:36:00,-4.77,2.42,-0.41,153.14,-4.35,5.36,1.39,371.0,102577
2026-03-05 17:37:00,-4.88,2.37,-0.56,154.06,-5.92,5.46,1.25,375.5,106277
2026-03-05 17:38:00,-4.87,2.31,-0.62,154.60,-6.52,5.42,1.09,373.1,84220
2026-03-05 17:41:00,-4.64,2.31,-0.99,153.60,-10.79,5.28,1.39,372.0,131071
2026-03-05 17:42:00,-4.38,2.90,-0.89,146.46,-9.58,5.33,1.24,371.8,99461
2026-03-05 17:43:00,-4.22,3.11,-0.70,143.56,-7.66,5.29,1.33,371.3,85926
2026-03-05 17:44:00,-4.31,3.06,-0.74,144.63,-7.96,5.33,1.42,371.6,91754
2026-03-05 17:45:00,-4.24,3.08,-0.68,144.06,-7.43,5.28,1.26,372.4,71928
2026-03-05 17:46:00,-4.28,3.05,-0.58,144.46,-6.26,5.29,1.33,372.6,82456
2026-03-05 17:47:00,-4.36,2.84,-0.58,146.92,-6.31,5.24,1.09,365.2,58149
2026-03-05 17:48:00,-4.31,2.86,-0.65,146.42,-7.19,5.22,1.36,376.1,94802
2026-03-05 17:49:00,-4.32,2.92,-0.57,145.92,-6.27,5.25,1.53,370.0,97047
2026-03-05 17:50:00,-4.20,3.00,-0.58,144.48,-6.43,5.19,1.48,369.7,81971
2026-03-05 17:51:00,-4.18,3.00,-0.60,144.38,-6.70,5.18,1.38,371.6,73573
2026-03-05 17:52:00,-4.12,3.00,-0.60,143.92,-6.75,5.13,1.43,371.1,74548
2026-03-05 17:53:00,-4.13,3.06,-0.70,143.49,-7.73,5.19,1.43,372.1,74159
2026-03-05 17:54:00,-4.06,3.12,-0.63,142.49,-7.05,5.16,1.19,371.1,61886
2026-03-05 17:55:00,-4.03,3.13,-0.67,142.18,-7.46,5.15,1.12,370.5,56108
2026-03-05 17:56:00,-4.16,3.04,-0.82,143.86,-9.01,5.21,1.26,374.3,75614
2026-03-05 17:57:00,-4.14,3.04,-0.88,143.70,-9.67,5.21,1.24,373.7,88298
2026-03-05 17:58:00,-4.28,3.03,-0.68,144.68,-7.35,5.29,1.20,371.9,74425
2026-03-05 17:59:00,-4.19,2.98,-0.66,144.57,-7.33,5.19,1.19,372.0,62792
2026-03-05 18:00:00,-4.69,2.23,-0.77,154.52,-8.40,5.25,1.27,370.9,76280
2026-03-05 18:01:00,-4.37,2.65,-0.95,148.75,-10.50,5.20,1.04,371.4,113807
2026-03-05 18:02:00,-4.36,2.94,-0.39,146.01,-4.20,5.28,1.26,365.2,71170
2026-03-05 18:03:00,-4.40,2.70,-0.61,148.46,-6.71,5.20,1.16,372.3,101409
2026-03-05 18:04:00,-4.45,2.63,-0.80,149.35,-8.77,5.23,1.11,370.4,99354
2026-03-05 18:05:00,-4.46,2.56,-0.67,150.12,-7.41,5.18,1.03,372.8,108739
2026-03-05 18:06:00,-4.36,2.69,-0.63,148.33,-7.04,5.16,1.01,368.7,83632
2026-03-05 18:07:00,-4.47,2.50,-0.56,150.79,-6.19,5.15,1.23,369.8,110490
2026-03-05 18:08:00,-4.54,2.03,-0.89,155.90,-10.18,5.05,1.23,373.5,121615
2026-03-05 18:09:00,-4.69,1.62,-1.23,160.92,-13.93,5.11,1.04,375.3,103114
2026-03-05 18:10:00,-4.77,1.43,-1.33,163.27,-15.00,5.15,1.14,377.6,137732
2026-03-05 18:11:00,-4.46,2.67,-0.15,149.10,-1.64,5.20,1.28,374.5,156312
2026-03-05 18:12:00,-4.37,2.96,0.08,145.88,0.85,5.28,1.41,369.4,73704
2026-03-05 18:13:00,-4.21,3.16,0.20,143.14,2.13,5.27,1.46,367.7,68577
2026-03-05 18:14:00,-4.26,3.07,-0.06,144.19,-0.66,5.25,1.74,356.7,34605
2026-03-05 18:15:00,-4.00,3.24,-0.29,141.04,-3.21,5.15,0.84,351.9,25545
2026-03-05 18:16:00,-4.15,3.11,-0.28,143.11,-3.09,5.19,1.46,366.3,84550
2026-03-05 18:17:00,-4.36,2.89,-0.34,146.51,-3.67,5.24,1.38,365.6,79997
2026-03-05 18:18:00,-4.43,2.83,-0.18,147.48,-2.01,5.26,1.44,366.5,99601
2026-03-05 18:19:00,-4.37,2.86,-0.12,146.75,-1.34,5.23,1.36,369.6,95079
2026-03-05 18:20:00,-4.27,3.02,-0.21,144.67,-2.30,5.23,1.29,365.9,92947
2026-03-05 18:21:00,-4.30,3.05,-0.12,144.61,-1.29,5.27,1.13,361.0,55457
2026-03-05 18:22:00,-4.34,2.98,-0.07,145.49,-0.75,5.26,1.29,367.7,93269
2026-03-05 18:23:00,-4.30,3.01,0.10,145.04,1.04,5.25,1.37,371.1,105015
2026-03-05 18:24:00,-4.29,3.00,0.28,144.97,3.10,5.24,1.38,369.0,83802
2026-03-05 18:25:00,-4.44,2.94,0.24,146.47,2.60,5.34,1.50,368.3,91280
2026-03-05 18:26:00,-4.40,2.95,0.17,146.13,1.88,5.30,1.54,366.7,93249
2026-03-05 18:27:00,-4.35,2.90,0.05,146.30,0.56,5.23,1.51,364.7,80874
2026-03-05 18:28:00,-4.44,2.86,-0.01,147.15,-0.16,5.28,1.37,363.9,81582
2026-03-05 18:29:00,-4.38,2.92,0.13,146.37,1.47,5.27,1.40,361.3,79293
2026-03-05 18:30:00,-4.24,3.08,0.08,143.96,0.86,5.24,1.52,372.0,118860
2026-03-05 18:31:00,-4.14,3.11,0.25,143.07,2.72,5.18,1.49,365.3,77839
2026-03-05 18:32:00,-4.19,3.10,0.23,143.52,2.55,5.22,1.54,366.6,70778
2026-03-05 18:33:00,-4.17,3.12,0.23,143.19,2.51,5.21,1.14,359.8,59322
2026-03-05 18:34:00,-4.26,3.05,0.01,144.45,0.14,5.24,1.40,365.5,110821
2026-03-05 18:35:00,-4.22,3.04,-0.04,144.21,-0.49,5.20,1.42,370.0,87058
2026-03-05 18:36:00,-4.21,3.05,0.12,144.03,1.29,5.20,1.45,366.9,69453
2026-03-05 18:37:00,-4.28,2.90,-0.24,145.92,-2.63,5.17,1.38,369.9,85916
2026-03-05 18:38:00,-4.35,3.02,0.03,145.18,0.30,5.30,1.31,371.0,97536
2026-03-05 18:39:00,-4.15,3.19,0.22,142.45,2.39,5.24,1.35,367.5,87274
2026-03-05 18:40:00,-4.04,3.27,0.12,141.01,1.33,5.20,1.28,361.7,65447
2026-03-05 18:41:00,-3.98,3.26,0.04,140.68,0.43,5.15,1.34,363.6,78402
2026-03-05 18:42:00,-4.16,3.12,0.15,143.18,1.60,5.20,1.54,371.1,103850
2026-03-05 18:43:00,-4.18,2.95,0.49,144.81,5.51,5.14,1.47,367.8,75727
2026-03-05 18:44:00,-4.16,2.96,0.62,144.57,6.96,5.14,1.78,364.8,77463
2026-03-05 18:45:00,-4.20,2.84,0.86,145.91,9.57,5.15,1.88,360.9,57867
2026-03-05 18:46:00,-4.21,2.90,1.02,145.44,11.26,5.21,1.89,361.3,60255
2026-03-05 18:47:00,-4.16,2.91,0.94,145.05,10.48,5.16,1.98,366.6,93696
2026-03-05 18:48:00,-4.21,2.92,0.50,145.23,5.54,5.15,1.83,363.9,76284
2026-03-05 18:49:00,-4.31,2.75,0.87,147.48,9.64,5.18,1.96,369.3,126900
2026-03-05 18:50:00,-4.26,2.85,0.91,146.26,10.03,5.21,1.57,369.3,89003
2026-03-05 18:51:00,-4.19,2.96,0.93,144.83,10.23,5.21,1.71,364.6,90969
2026-03-05 18:52:00,-4.01,3.18,0.67,141.63,7.48,5.16,1.79,366.4,80449
2026-03-05 18:53:00,-4.03,3.09,0.80,142.56,8.92,5.14,1.62,366.5,62131
2026-03-05 18:54:00,-4.16,2.82,1.27,145.84,14.15,5.19,1.45,366.1,69316
2026-03-05 18:55:00,-4.15,2.82,1.27,145.83,14.19,5.17,1.42,361.8,59158
2026-03-05 18:56:00,-4.40,2.60,1.13,149.38,12.48,5.23,1.86,361.7,72890
2026-03-05 18:57:00,-4.54,2.38,0.94,152.36,10.38,5.21,2.14,365.5,101906
2026-03-05 18:58:00,-4.58,2.29,0.84,153.48,9.28,5.19,1.77,363.7,94588
2026-03-05 18:59:00,-4.30,2.71,0.96,147.82,10.71,5.17,1.73,361.3,93255
2026-03-05 19:00:00,-4.31,2.70,1.05,147.99,11.66,5.19,1.86,361.0,81218
2026-03-05 19:01:00,-4.42,2.39,1.39,151.59,15.44,5.21,1.75,363.9,90983
2026-03-05 19:02:00,-4.33,2.13,1.87,153.82,21.24,5.17,2.18,360.9,85010
2026-03-05 19:03:00,-4.36,1.90,2.18,156.46,24.59,5.23,2.62,358.0,45229
2026-03-05 19:04:00,-4.47,2.03,2.11,155.63,23.23,5.34,2.88,361.1,77385
2026-03-05 19:05:00,-4.41,1.99,2.30,155.75,25.47,5.36,2.36,357.5,52979
2026-03-05 19:06:00,-4.31,1.94,2.33,155.76,26.24,5.27,2.50,359.2,55001
2026-03-05 19:07:00,-4.28,1.84,2.37,156.75,26.96,5.22,1.94,349.3,28593
2026-03-05 19:08:00,-4.28,1.75,2.47,157.72,28.06,5.24,2.46,358.8,68871
2026-03-05 19:09:00,-4.10,2.31,2.17,150.65,24.74,5.18,2.74,361.5,72817
2026-03-05 19:10:00,-4.01,2.32,2.22,150.00,25.64,5.14,2.70,360.0,65968
2026-03-05 19:11:00,-3.95,2.33,2.19,149.47,25.52,5.08,2.56,358.2,54542
2026-03-05 19:12:00,-3.93,2.46,2.08,147.92,24.13,5.08,2.53,359.1,53522
2026-03-05 19:13:00,-3.99,2.53,2.07,147.65,23.70,5.15,2.39,360.6,59704
2026-03-05 19:14:00,-3.99,2.51,2.16,147.80,24.64,5.19,2.13,356.3,50051
2026-03-05 19:15:00,-3.97,2.55,2.16,147.31,24.58,5.19,2.26,352.4,46139
2026-03-05 19:16:00,-3.99,2.54,2.02,147.58,23.11,5.14,2.46,359.5,57799
2026-03-05 19:17:00,-3.94,2.48,2.11,147.81,24.43,5.11,2.41,360.9,63736
2026-03-05 19:20:00,-3.97,2.32,2.29,149.67,26.50,5.14,2.67,357.7,55504
2026-03-05 19:21:00,-3.98,2.21,2.38,150.95,27.59,5.14,2.31,357.3,55253
2026-03-05 19:22:00,-3.97,2.34,2.19,149.47,25.47,5.10,2.36,351.4,40104
2026-03-05 19:23:00,-4.07,2.50,1.62,148.43,18.79,5.04,2.58,361.5,79756
2026-03-05 19:24:00,-4.26,2.68,-0.18,147.80,-2.10,5.04,1.78,366.3,94246
2026-03-05 19:25:00,-4.09,2.62,0.87,147.36,10.20,4.94,2.01,362.2,79792
2026-03-05 19:26:00,-4.08,2.67,1.11,146.80,12.80,5.00,2.13,359.5,71950
2026-03-05 19:27:00,-4.16,2.48,1.10,149.26,12.83,4.97,2.04,359.7,84413
2026-03-05 19:28:00,-4.09,2.74,1.13,146.17,12.87,5.06,2.11,360.9,92503
2026-03-05 19:29:00,-4.04,2.77,1.38,145.50,15.72,5.09,2.04,359.0,71489
2026-03-05 19:30:00,-3.79,2.80,1.67,143.53,19.49,5.00,1.98,358.5,62663
2026-03-05 19:31:00,-4.06,2.77,1.32,145.74,15.03,5.09,2.21,365.1,91724
2026-03-05 19:32:00,-3.87,2.84,1.32,143.72,15.42,4.98,2.01,362.1,73634
2026-03-05 19:33:00,-3.57,2.95,1.75,140.37,20.69,4.95,2.40,360.5,71952
2026-03-05 19:34:00,-3.34,3.37,1.54,134.69,18.01,4.99,2.35,360.4,40133
2026-03-05 19:35:00,-3.48,3.47,0.89,135.11,10.22,4.99,2.41,369.7,67791
2026-03-05 19:36:00,-3.59,3.47,0.35,135.99,3.97,5.01,1.89,365.5,78809
2026-03-05 19:37:00,-3.92,3.08,0.87,141.81,9.84,5.06,1.45,359.8,48980
2026-03-05 19:38:00,-4.09,2.87,1.33,145.00,14.95,5.17,2.05,364.9,85456
2026-03-05 19:39:00,-4.16,2.69,1.42,147.07,16.04,5.16,2.18,363.0,85710
2026-03-05 19:40:00,-4.31,2.48,1.46,150.10,16.40,5.18,1.87,360.9,86026
2026-03-05 19:41:00,-4.15,2.56,1.73,148.32,19.58,5.17,1.98,356.5,66617
2026-03-05 19:42:00,-4.07,2.68,1.62,146.60,18.43,5.13,2.15,360.1,84370
2026-03-05 19:43:00,-3.54,2.80,2.44,141.59,28.37,5.13,2.43,362.3,83785
2026-03-05 19:44:00,-3.74,2.76,2.46,143.56,27.83,5.26,2.61,360.0,59799
2026-03-05 19:45:00,-3.89,2.72,2.39,145.04,26.75,5.32,2.63,359.2,56808
2026-03-05 19:46:00,-3.78,2.74,2.43,144.10,27.44,5.26,2.65,359.5,60924
2026-03-05 19:47:00,-3.72,2.82,2.34,142.87,26.60,5.22,2.49,359.8,55336
2026-03-05 19:48:00,-3.66,2.88,2.37,141.77,26.93,5.23,2.25,359.8,55053
2026-03-05 19:49:00,-3.69,2.86,2.38,142.23,27.03,5.24,1.71,352.2,35966
2026-03-05 19:50:00,-3.69,2.84,2.28,142.43,26.15,5.18,2.95,365.5,72830
2026-03-05 19:53:00,-3.65,2.98,2.11,140.76,24.14,5.16,2.80,363.3,79222
2026-03-05 19:54:00,-3.68,3.02,2.16,140.68,24.38,5.23,2.37,360.9,60146
2026-03-05 19:55:00,-3.63,2.91,2.28,141.29,26.15,5.18,2.26,363.1,68471
2026-03-05 19:56:00,-3.59,2.88,2.36,141.19,27.16,5.17,2.37,360.5,54258
2026-03-05 19:57:00,-3.60,3.04,2.02,139.84,23.26,5.12,2.64,362.9,73910
2026-03-05 19:58:00,-3.55,3.21,1.74,137.88,19.95,5.09,2.54,362.8,67724
2026-03-05 19:59:00,-3.60,3.56,0.42,135.34,4.69,5.08,2.07,363.8,71147
2026-03-05 20:00:00,-3.55,3.61,0.62,134.57,7.00,5.10,1.63,363.3,68603
2026-03-05 20:01:00,-3.75,3.37,0.90,138.03,10.13,5.12,1.69,363.6,63838
2026-03-05 20:02:00,-3.60,3.45,0.92,136.26,10.40,5.07,1.90,365.3,79556
2026-03-05 20:03:00,-3.40,3.48,0.96,134.28,11.11,4.96,1.75,359.3,65904
2026-03-05 20:04:00,-3.37,3.50,1.01,133.90,11.73,4.96,1.83,360.7,61308
2026-03-05 20:05:00,-3.27,3.57,1.02,132.47,11.92,4.95,1.94,365.8,66961
2026-03-05 20:06:00,-3.36,3.56,1.06,133.34,12.23,5.01,2.20,364.5,67099
2026-03-05 20:07:00,-3.36,3.55,1.11,133.45,12.84,5.01,1.82,363.0,60841
2026-03-05 20:08:00,-3.37,3.65,0.99,132.72,11.21,5.07,1.97,362.1,57030
2026-03-05 20:09:00,-3.33,3.63,1.09,132.53,12.49,5.05,2.10,369.0,74023
2026-03-05 20:10:00,-3.37,3.60,1.07,133.11,12.25,5.05,2.42,364.3,71884
2026-03-05 20:11:00,-3.26,3.77,0.93,130.85,10.56,5.07,1.97,362.2,47597
2026-03-05 20:12:00,-3.15,3.93,0.85,128.75,9.54,5.11,2.18,366.7,59529
2026-03-05 20:13:00,-3.11,3.96,0.94,128.12,10.55,5.12,2.24,366.8,63479
2026-03-05 20:14:00,-3.07,3.96,1.04,127.75,11.70,5.12,2.11,365.3,52236
2026-03-05 20:15:00,-3.40,3.63,0.75,133.14,8.62,5.04,1.74,361.2,38196
2026-03-05 20:16:00,-3.87,3.29,0.19,139.65,2.16,5.09,1.69,364.5,65242
2026-03-05 20:17:00,-3.66,3.49,0.29,136.41,3.26,5.07,1.88,368.5,88336
2026-03-05 20:18:00,-3.53,3.59,0.35,134.48,3.98,5.05,1.80,364.3,69194
2026-03-05 20:19:00,-3.33,3.82,0.56,131.07,6.26,5.10,1.88,367.0,74251
2026-03-05 20:20:00,-3.35,3.78,0.75,131.59,8.40,5.11,1.86,366.6,66115
2026-03-05 20:21:00,-3.29,3.87,0.59,130.41,6.62,5.11,1.98,361.4,60024
2026-03-05 20:22:00,-3.31,3.86,0.54,130.65,6.04,5.11,1.61,365.9,64939
2026-03-05 20:23:00,-3.53,3.63,1.08,134.20,12.10,5.17,1.41,353.3,21172
2026-03-05 20:25:00,-3.33,3.64,1.22,132.48,13.87,5.08,2.23,363.9,81465
2026-03-05 20:26:00,-3.30,3.70,1.13,131.69,12.84,5.09,2.48,365.6,77780
2026-03-05 20:27:00,-3.44,3.62,1.09,133.59,12.27,5.11,1.99,364.2,57354
2026-03-05 20:28:00,-3.43,3.63,0.91,133.37,10.33,5.08,1.94,363.6,62185
2026-03-05 20:29:00,-3.45,3.71,0.92,132.92,10.32,5.15,1.80,363.0,64151
2026-03-05 20:30:00,-3.34,3.75,0.93,131.69,10.46,5.10,1.76,360.9,52196
2026-03-05 20:31:00,-3.47,3.60,1.02,133.91,11.55,5.10,2.09,363.9,61858
2026-03-05 20:32:00,-3.68,3.53,0.88,136.14,9.76,5.17,2.19,364.8,74871
2026-03-05 20:33:00,-3.47,3.60,1.02,133.91,11.49,5.10,1.91,362.0,67712
2026-03-05 20:34:00,-3.55,3.52,0.95,135.30,10.78,5.09,1.77,362.2,63017
2026-03-05 20:35:00,-3.57,3.45,0.83,136.01,9.52,5.04,1.77,362.6,67941
2026-03-05 20:36:00,-3.64,3.48,1.03,136.30,11.57,5.14,1.83,365.5,68886
2026-03-05 20:37:00,-3.46,3.58,1.27,134.03,14.32,5.14,1.94,363.9,74389
2026-03-05 20:38:00,-3.36,3.58,1.31,133.18,14.89,5.08,1.84,356.2,53630
2026-03-05 20:39:00,-3.35,3.61,1.40,132.84,15.81,5.12,2.18,366.9,77656
2026-03-05 20:40:00,-3.47,3.53,1.46,134.50,16.44,5.16,2.12,360.1,57036
2026-03-05 20:41:00,-3.66,3.34,1.47,137.61,16.58,5.17,2.02,363.4,67130
2026-03-05 20:42:00,-3.05,3.79,1.38,128.83,15.83,5.05,1.91,355.8,55657
2026-03-05 20:43:00,-3.00,3.89,1.31,127.60,14.93,5.08,2.20,364.6,65829
2026-03-05 20:44:00,-3.06,3.83,1.40,128.63,15.90,5.10,2.09,364.7,57489
2026-03-05 20:45:00,-3.05,3.84,1.26,128.47,14.41,5.07,1.86,365.1,44272
2026-03-05 20:46:00,-3.23,3.71,1.21,131.03,13.82,5.06,2.01,365.4,63043
2026-03-05 20:47:00,-3.26,3.68,1.21,131.51,13.79,5.06,2.13,362.4,66872
2026-03-05 20:48:00,-3.96,2.75,2.02,145.26,22.71,5.22,2.08,359.2,57501
2026-03-05 20:49:00,-4.01,2.74,1.99,145.68,22.25,5.25,2.04,355.0,46011
2026-03-05 20:50:00,-4.03,2.64,1.96,146.75,22.13,5.20,2.11,354.1,50648
2026-03-05 20:51:00,-4.08,2.71,1.83,146.46,20.52,5.23,2.30,362.6,93714
2026-03-05 20:52:00,-3.88,2.95,1.76,142.71,19.88,5.18,2.26,362.9,82063
2026-03-05 20:53:00,-4.00,2.82,1.70,144.80,19.17,5.18,2.13,361.9,75068
2026-03-05 20:54:00,-4.06,2.79,1.64,145.53,18.43,5.19,2.05,359.4,67985
2026-03-05 20:55:00,-4.09,2.58,1.76,147.73,20.02,5.15,1.98,356.9,63644
2026-03-05 20:56:00,-4.14,2.52,1.80,148.71,20.33,5.17,2.20,359.5,83366
2026-03-05 20:57:00,-4.14,2.67,1.66,147.22,18.61,5.20,2.20,359.5,83366
2026-03-05 20:58:00,-4.13,2.71,1.61,146.78,18.02,5.19,2.12,352.1,57632
2026-03-05 20:59:00,-4.23,2.82,1.25,146.28,13.82,5.24,2.20,357.0,81767
2026-03-05 21:00:00,-4.20,2.86,1.10,145.73,12.18,5.20,1.92,360.1,80789
2026-03-05 21:01:00,-4.04,3.06,0.95,142.81,10.62,5.15,1.83,361.6,83620
2026-03-05 21:02:00,-3.88,3.26,0.91,139.97,10.21,5.16,1.86,360.6,76847
2026-03-05 21:03:00,-3.93,3.21,0.50,140.82,5.65,5.10,1.83,361.0,79896
2026-03-05 21:04:00,-3.83,3.24,1.17,139.81,13.13,5.15,1.65,362.2,80991
2026-03-05 21:05:00,-3.86,3.28,1.10,139.60,12.26,5.19,1.76,363.1,87935
2026-03-05 21:06:00,-3.75,3.39,1.00,137.84,11.24,5.15,2.03,362.5,96262
2026-03-05 21:07:00,-3.77,3.32,1.07,138.64,12.05,5.14,1.91,359.4,70796
2026-03-05 21:08:00,-3.94,3.16,1.05,141.30,11.77,5.16,2.04,359.6,74088
2026-03-05 21:09:00,-3.93,3.17,1.10,141.14,12.28,5.16,1.81,357.4,59288
2026-03-05 21:10:00,-4.03,3.10,0.93,142.41,10.36,5.17,2.24,363.3,92239
2026-03-05 21:11:00,-4.04,3.05,0.86,143.00,9.65,5.13,1.69,361.0,64543
2026-03-05 21:12:00,-4.09,3.02,1.03,143.63,11.42,5.19,1.89,358.8,92068
2026-03-05 21:13:00,-4.09,2.96,0.95,144.14,10.60,5.14,1.79,364.1,87625
2026-03-05 21:14:00,-4.22,2.86,1.04,145.85,11.52,5.20,2.00,359.5,102910
2026-03-05 21:15:00,-4.18,2.81,1.10,146.06,12.28,5.16,1.79,357.8,81512
2026-03-05 21:16:00,-3.89,3.20,0.93,140.56,10.51,5.12,1.84,358.4,87329
2026-03-05 21:17:00,-3.71,3.41,1.05,137.43,11.79,5.14,1.98,364.3,115222
2026-03-05 21:18:00,-3.62,3.30,1.29,137.59,14.76,5.07,2.09,364.9,107442
2026-03-05 21:19:00,-3.59,3.28,1.32,137.59,15.20,5.03,2.01,361.3,77717
2026-03-05 21:20:00,-3.56,3.24,1.36,137.74,15.82,5.00,2.02,359.8,70348
2026-03-05 21:21:00,-3.50,3.36,1.42,136.20,16.26,5.05,2.16,360.7,71529
2026-03-05 21:22:00,-3.52,3.35,1.59,136.38,18.12,5.12,2.05,363.1,62919
2026-03-05 21:23:00,-3.65,3.12,1.89,139.43,21.46,5.16,1.83,362.2,58110
2026-03-05 21:24:00,-3.61,3.17,1.76,138.77,20.09,5.12,1.96,354.2,49566
2026-03-05 21:25:00,-3.67,3.16,1.67,139.29,19.05,5.13,2.61,365.7,106850
2026-03-05 21:26:00,-3.77,3.16,1.44,140.05,16.35,5.13,2.26,361.9,74488
2026-03-05 21:27:00,-3.73,3.15,1.57,139.87,17.77,5.13,2.14,361.7,92361
2026-03-05 21:28:00,-3.70,3.16,1.67,139.53,18.96,5.15,2.07,359.8,64868
2026-03-05 21:29:00,-3.80,3.09,1.68,140.88,18.90,5.18,2.14,361.4,79735
2026-03-05 21:30:00,-3.79,3.19,1.41,139.96,15.90,5.15,2.15,361.6,80797
2026-03-05 21:31:00,-4.00,2.97,1.27,143.44,14.33,5.14,2.10,350.3,33366
2026-03-05 21:32:00,-4.02,2.97,1.15,143.51,12.91,5.12,1.90,357.0,78391
2026-03-05 21:33:00,-3.91,3.04,1.22,142.11,13.81,5.10,2.10,361.8,102799
2026-03-05 21:34:00,-3.96,2.98,1.51,143.05,16.93,5.18,2.25,359.3,94053
2026-03-05 21:35:00,-4.04,2.91,1.46,144.25,16.36,5.18,2.06,358.0,84511
2026-03-05 21:36:00,-4.06,2.83,1.59,145.13,17.81,5.20,1.86,359.7,87271
2026-03-05 21:37:00,-4.07,2.83,1.58,145.22,17.72,5.20,1.92,360.4,93384
2026-03-05 21:38:00,-4.22,2.82,1.42,146.25,15.63,5.26,1.91,358.0,82569
2026-03-05 21:39:00,-4.15,2.84,1.28,145.57,14.27,5.19,1.76,356.5,77221
2026-03-05 21:40:00,-4.16,2.84,1.40,145.68,15.56,5.23,2.15,363.3,126395
2026-03-05 21:41:00,-4.29,2.76,1.45,147.27,15.87,5.30,2.00,358.7,82300
2026-03-05 21:42:00,-4.42,2.65,1.43,149.02,15.51,5.35,2.16,360.5,95041
2026-03-05 21:43:00,-4.24,2.77,1.56,146.78,17.17,5.30,1.73,357.0,97667
2026-03-05 21:44:00,-4.19,2.76,1.62,146.65,17.86,5.27,2.07,358.6,79373
2026-03-05 21:45:00,-4.50,2.22,1.68,153.71,18.47,5.29,2.04,360.0,89352
2026-03-05 21:46:00,-4.35,2.58,1.67,149.31,18.23,5.33,1.95,357.6,87587
2026-03-05 21:47:00,-4.41,2.55,1.76,149.95,19.02,5.39,2.01,359.6,90174
2026-03-05 21:48:00,-3.96,2.88,1.77,143.95,19.85,5.20,2.13,357.7,79556
2026-03-05 21:49:00,-3.01,3.83,1.33,128.19,15.24,5.05,2.10,360.5,56381
2026-03-05 21:50:00,-3.04,3.82,1.22,128.49,13.98,5.03,1.99,356.9,33761
2026-03-05 21:51:00,-2.78,3.89,1.22,125.56,14.28,4.93,2.10,360.7,48510
2026-03-05 21:52:00,-2.75,3.73,1.69,126.34,20.06,4.93,2.41,365.2,54525
2026-03-05 21:53:00,-3.25,3.72,1.14,131.12,12.98,5.07,2.46,362.3,44680
2026-03-05 21:54:00,-3.14,3.81,1.07,129.51,12.18,5.06,2.08,361.7,51801
2026-03-05 21:55:00,-3.17,3.71,1.32,130.54,15.17,5.06,1.87,361.4,46434
2026-03-05 21:56:00,-3.13,3.65,1.49,130.56,17.20,5.03,2.14,360.1,48863
2026-03-05 21:57:00,-3.02,3.72,1.43,129.02,16.67,5.00,2.08,361.0,47813
2026-03-05 21:58:00,-3.08,3.63,1.53,130.32,17.87,5.00,1.41,352.7,28480
2026-03-05 21:59:00,-2.84,3.93,1.53,125.87,17.50,5.09,2.70,367.2,62138
2026-03-05 22:00:00,-2.56,3.49,2.54,126.27,30.42,5.02,2.71,361.9,31783
2026-03-05 22:01:00,-2.63,3.41,2.63,127.59,31.45,5.05,2.88,361.4,31628
2026-03-05 22:02:00,-2.08,2.87,2.15,125.96,31.29,4.15,2.91,361.9,29338
2026-03-05 22:03:00,-2.56,3.31,2.83,127.73,34.09,5.05,2.91,362.0,28987
2026-03-05 22:04:00,-2.09,3.92,2.15,118.02,25.83,4.93,2.34,361.0,21882
2026-03-05 22:05:00,-2.04,3.95,2.21,117.29,26.50,4.96,2.52,361.8,24302
2026-03-05 22:06:00,-2.50,3.50,2.61,125.59,31.20,5.03,3.21,364.9,33526
2026-03-05 22:07:00,-2.22,3.69,2.53,120.96,30.48,5.00,3.26,364.6,35621
2026-03-05 22:08:00,-2.18,3.60,2.78,121.24,33.46,5.05,2.92,363.0,28877
2026-03-05 22:09:00,-2.19,3.66,2.68,120.88,32.17,5.04,2.97,363.1,22724
2026-03-05 22:10:00,-2.33,3.75,2.49,121.87,29.42,5.07,3.15,364.6,25310
2026-03-05 22:11:00,-2.48,3.88,2.16,122.63,25.11,5.08,3.21,366.9,33326
2026-03-05 22:12:00,-2.59,3.93,1.93,123.42,22.26,5.08,2.79,362.8,27138
2026-03-05 22:13:00,-2.44,3.98,2.09,121.52,24.13,5.12,2.51,361.0,28630
2026-03-05 22:14:00,-2.62,3.89,2.11,123.93,24.27,5.14,3.20,367.1,38968
2026-03-05 22:15:00,-2.70,3.68,2.43,126.32,28.05,5.17,2.56,362.5,29266
2026-03-05 22:16:00,-2.53,3.79,2.26,123.66,26.36,5.09,2.82,363.3,30778
2026-03-05 22:17:00,-2.67,3.59,2.41,126.57,28.27,5.08,1.41,353.6,22261
2026-03-05 22:18:00,-3.34,3.53,1.65,133.50,18.77,5.13,2.71,366.4,63640
2026-03-05 22:19:00,-2.91,3.66,1.93,128.42,22.48,5.06,2.26,362.0,71291
2026-03-05 22:20:00,-2.83,3.79,1.79,126.77,20.67,5.06,2.40,363.5,59588
2026-03-05 22:21:00,-3.18,3.65,1.65,131.06,18.84,5.12,2.24,361.6,53398
2026-03-05 22:22:00,-3.35,3.72,1.50,131.98,16.72,5.22,2.08,362.4,62531
2026-03-05 22:23:00,-3.41,3.68,1.42,132.82,15.82,5.22,1.96,361.1,66047
2026-03-05 22:24:00,-3.00,3.83,1.52,128.03,17.36,5.10,1.86,354.7,47032
2026-03-05 22:25:00,-3.06,3.87,1.50,128.38,16.94,5.16,1.99,356.8,46963
2026-03-05 22:26:00,-2.93,4.08,1.15,125.72,12.91,5.15,2.14,366.2,75330
2026-03-05 22:27:00,-2.90,4.10,1.11,125.24,12.44,5.15,1.96,364.8,71012
2026-03-05 22:28:00,-3.19,3.82,1.30,129.86,14.68,5.14,1.83,361.0,55091
2026-03-05 22:29:00,-3.18,3.78,1.35,130.08,15.32,5.12,1.86,355.8,55547
2026-03-05 22:30:00,-2.78,3.94,1.63,125.27,18.64,5.09,2.29,366.5,69771
2026-03-05 22:31:00,-2.89,3.71,1.96,127.93,22.58,5.10,2.37,363.5,49620
2026-03-05 22:32:00,-3.05,3.72,1.75,129.40,19.99,5.12,1.28,349.6,28723
2026-03-05 22:33:00,-3.31,3.69,1.62,131.88,18.15,5.21,2.41,361.6,72694
2026-03-05 22:34:00,-3.09,3.62,1.89,130.53,21.64,5.12,2.17,361.5,51792
2026-03-05 22:35:00,-3.16,3.65,1.81,130.88,20.53,5.15,2.23,360.6,44044
2026-03-05 22:36:00,-3.28,3.31,2.17,134.77,24.94,5.14,2.26,360.4,43032
2026-03-05 22:37:00,-3.20,3.30,2.42,134.14,27.72,5.20,2.36,354.9,35510
2026-03-05 22:38:00,-3.28,3.51,1.84,133.06,20.97,5.14,2.75,358.2,47092
2026-03-05 22:39:00,-3.34,3.78,1.14,131.46,12.74,5.17,2.44,359.8,52177
2026-03-05 22:40:00,-3.49,3.66,1.19,133.70,13.29,5.20,2.04,361.8,67812
2026-03-05 22:41:00,-3.53,3.56,1.22,134.71,13.68,5.16,2.02,362.0,77195
2026-03-05 22:42:00,-3.74,3.35,1.12,138.15,12.56,5.14,1.81,358.3,70811
2026-03-05 22:43:00,-3.05,3.77,1.49,129.00,17.03,5.07,1.88,358.8,80132
2026-03-05 22:44:00,-3.25,3.74,1.48,130.92,16.62,5.17,2.02,358.6,49423
2026-03-05 22:45:00,-3.13,3.79,1.46,129.55,16.60,5.12,1.87,357.5,51673
2026-03-05 22:46:00,-3.00,3.81,1.68,128.18,19.17,5.13,2.13,361.6,57035
2026-03-05 22:47:00,-3.03,3.89,1.36,127.92,15.41,5.12,2.67,362.3,40248
2026-03-05 22:48:00,-2.84,3.93,1.64,125.87,18.68,5.12,2.21,361.3,52065
2026-03-05 22:49:00,-3.07,3.90,1.23,128.21,13.92,5.11,2.13,361.8,50645
2026-03-05 22:50:00,-3.23,3.91,0.60,129.57,6.71,5.11,1.60,365.3,61349
2026-03-05 22:51:00,-3.22,3.77,1.18,130.47,13.36,5.10,1.89,359.5,56441
2026-03-05 22:52:00,-3.25,3.78,1.24,130.67,13.92,5.14,2.00,358.8,69033
2026-03-05 22:53:00,-3.08,3.86,1.50,128.54,16.93,5.16,1.77,361.5,69786
2026-03-05 22:54:00,-3.06,3.98,1.30,127.54,14.47,5.18,1.94,364.2,56076
2026-03-05 22:55:00,-3.14,3.95,0.76,128.45,8.54,5.10,1.87,364.6,57183
2026-03-05 22:56:00,-3.34,3.86,0.79,130.86,8.82,5.17,1.66,363.8,66761
2026-03-05 22:57:00,-3.05,4.01,1.05,127.28,11.74,5.15,1.70,364.2,61295
2026-03-05 22:58:00,-3.31,3.88,0.59,130.42,6.56,5.13,1.60,366.0,55360
2026-03-05 22:59:00,-3.32,3.78,0.72,131.30,8.10,5.08,1.44,365.9,71620
2026-03-05 23:00:00,-3.41,3.28,1.74,136.12,20.18,5.04,1.75,360.0,81585
2026-03-05 23:01:00,-3.57,3.41,1.54,136.31,17.36,5.17,2.29,357.3,63531
2026-03-05 23:02:00,-3.54,3.49,1.41,135.48,15.80,5.17,2.08,357.7,59808
2026-03-05 23:03:00,-3.54,3.50,1.37,135.32,15.35,5.16,2.06,357.9,63399
2026-03-05 23:04:00,-3.34,3.64,1.26,132.52,14.27,5.10,2.03,358.4,54742
2026-03-05 23:05:00,-3.21,3.73,1.19,130.73,13.63,5.06,1.83,358.7,61745
2026-03-05 23:06:00,-2.99,3.84,1.10,127.95,12.78,4.99,1.92,354.2,52676
2026-03-05 23:07:00,-2.90,4.02,1.05,125.79,11.96,5.06,1.81,360.8,55934
2026-03-05 23:08:00,-2.77,4.06,1.02,124.30,11.78,5.02,1.88,362.4,50383
2026-03-05 23:09:00,-2.89,4.08,0.94,125.32,10.67,5.09,1.92,362.3,47934
2026-03-05 23:10:00,-3.09,4.00,0.95,127.68,10.69,5.14,1.96,358.6,61703
2026-03-05 23:11:00,-2.98,4.06,0.86,126.25,9.66,5.11,1.88,359.4,57616
2026-03-05 23:12:00,-2.73,4.17,0.34,123.27,3.86,5.00,1.47,365.9,54673
2026-03-05 23:13:00,-2.92,4.09,0.80,125.54,9.00,5.09,1.35,368.2,55433
2026-03-05 23:14:00,-2.70,4.19,0.67,122.84,7.67,5.03,1.75,362.4,53594
2026-03-05 23:15:00,-2.65,4.26,0.61,121.86,6.90,5.05,1.70,363.0,51672
2026-03-05 23:16:00,-2.50,4.32,0.62,120.08,7.05,5.03,1.61,361.8,54494
2026-03-05 23:17:00,-2.45,4.37,0.60,119.27,6.85,5.05,1.65,364.2,44496
2026-03-05 23:18:00,-2.42,4.32,0.84,119.26,9.61,5.03,1.72,362.0,39633
2026-03-05 23:19:00,-2.34,4.32,0.91,118.42,10.48,4.99,2.04,363.3,45092
2026-03-05 23:20:00,-2.34,4.39,0.81,118.01,9.22,5.04,1.87,365.4,42486
2026-03-05 23:21:00,-2.34,4.39,0.82,118.07,9.30,5.04,1.72,367.1,39736
2026-03-05 23:22:00,-2.17,4.41,0.83,116.20,9.52,4.99,1.91,366.2,35355
2026-03-05 23:23:00,-2.19,4.37,0.83,116.63,9.69,4.96,1.97,367.5,28603
2026-03-05 23:24:00,-2.23,4.40,0.93,116.90,10.72,5.02,2.05,366.2,34490
2026-03-05 23:25:00,-2.27,4.37,0.94,117.48,10.79,5.01,2.14,365.4,31710
2026-03-05 23:26:00,-2.43,4.33,0.87,119.31,9.89,5.04,2.08,364.3,31771
2026-03-05 23:27:00,-2.58,4.34,0.73,120.77,8.21,5.10,1.93,363.4,41703
2026-03-05 23:28:00,-2.23,4.50,0.58,116.37,6.63,5.06,1.94,364.5,43770
2026-03-05 23:29:00,-2.09,4.55,0.63,114.73,7.18,5.04,2.11,366.6,34644
2026-03-05 23:30:00,-2.35,4.45,0.43,117.83,4.91,5.05,2.27,367.0,30081
2026-03-05 23:31:00,-4.15,2.90,1.31,145.07,14.53,5.23,2.36,363.0,40703
2026-03-05 23:32:00,-3.95,2.78,1.20,144.85,13.98,4.98,2.25,355.1,65005
2026-03-05 23:33:00,-1.96,3.72,0.27,117.81,3.66,4.21,2.31,355.0,55373
2026-03-05 23:34:00,-0.92,3.45,-0.46,104.98,-7.33,3.60,2.18,345.4,39312
2026-03-05 23:35:00,0.77,3.55,-1.02,77.75,-15.62,3.77,1.86,346.8,41436
2026-03-05 23:36:00,1.13,3.93,-0.57,73.96,-7.89,4.13,1.88,360.0,29104
2026-03-05 23:37:00,0.32,4.11,-0.37,85.57,-5.20,4.14,2.77,358.6,30856
2026-03-05 23:38:00,0.57,4.02,-0.59,81.94,-8.33,4.10,2.39,356.4,26675
2026-03-05 23:39:00,0.97,3.85,-0.83,75.79,-11.81,4.06,1.85,358.2,25834
2026-03-05 23:40:00,0.72,4.00,-0.93,79.79,-12.94,4.17,2.07,356.4,26996
2026-03-05 23:41:00,-0.09,4.43,-0.23,91.12,-2.95,4.44,1.96,355.6,23373
2026-03-05 23:42:00,0.55,4.18,-0.31,82.49,-4.16,4.23,1.84,355.7,21343
2026-03-05 23:43:00,1.14,4.05,-1.14,74.24,-15.14,4.36,1.70,362.3,23202
2026-03-05 23:44:00,1.00,4.29,-0.82,76.92,-10.50,4.48,1.78,361.4,22399
2026-03-05 23:45:00,0.96,4.38,-0.55,77.68,-7.01,4.52,1.91,361.4,21807
2026-03-05 23:46:00,0.78,4.37,-0.57,79.87,-7.35,4.48,2.09,361.5,22780
2026-03-05 23:47:00,0.59,4.14,-0.45,81.94,-6.09,4.21,2.28,359.7,25210
2026-03-05 23:48:00,1.49,3.77,-0.76,68.45,-10.68,4.13,2.09,362.8,28582
2026-03-05 23:49:00,1.50,3.88,-0.67,68.81,-9.13,4.21,1.96,366.1,26332
2026-03-05 23:50:00,0.57,4.02,-0.25,81.92,-3.52,4.07,2.07,365.4,27930
2026-03-05 23:51:00,-3.37,3.00,1.40,138.34,17.24,4.72,2.29,367.0,23162
2026-03-05 23:52:00,-3.51,3.05,1.55,139.04,18.49,4.90,2.47,347.1,52183
2026-03-05 23:53:00,-3.14,3.55,1.18,131.50,13.97,4.89,2.56,348.0,47372
2026-03-05 23:54:00,-2.83,3.74,1.28,127.07,15.22,4.86,2.41,347.3,54050
2026-03-05 23:55:00,-2.62,3.91,1.19,123.81,14.17,4.85,2.43,349.2,45866
2026-03-05 23:56:00,-2.49,3.99,1.05,122.00,12.58,4.82,2.34,351.2,44137
2026-03-05 23:57:00,-2.72,3.88,0.97,124.98,11.55,4.84,2.39,350.4,44932
2026-03-05 23:58:00,-2.87,3.82,0.77,126.95,9.14,4.84,1.99,349.9,50101
2026-03-05 23:59:00,-2.53,4.04,0.56,122.02,6.70,4.80,1.79,351.1,44331
2026-03-06 00:00:00,-2.27,4.10,0.31,118.95,3.83,4.69,1.90,354.2,39838
2026-03-06 00:01:00,-2.12,4.13,0.44,117.20,5.42,4.66,1.96,356.2,42552
2026-03-06 00:02:00,-2.22,4.07,0.67,118.61,8.26,4.68,2.00,355.5,43584
2026-03-06 00:03:00,-2.32,4.04,0.40,119.91,4.95,4.68,1.99,355.2,48122
2026-03-06 00:04:00,-2.41,3.95,0.54,121.36,6.62,4.66,2.06,355.2,45787
2026-03-06 00:05:00,-2.20,4.01,0.58,118.75,7.16,4.61,1.92,353.5,47007
2026-03-06 00:06:00,-2.08,4.18,0.71,116.47,8.64,4.72,1.88,355.7,40417
2026-03-06 00:07:00,-2.11,4.21,0.49,116.62,5.94,4.73,1.85,355.5,30931
2026-03-06 00:08:00,-1.85,4.24,0.42,113.58,5.15,4.64,2.10,356.6,38572
2026-03-06 00:09:00,-1.22,4.18,1.15,106.24,14.78,4.50,2.74,361.3,26089
2026-03-06 00:10:00,-1.42,4.08,0.70,109.22,9.19,4.38,3.50,358.3,23592
2026-03-06 00:11:00,-1.46,4.13,0.59,109.47,7.73,4.42,2.70,356.6,27537
2026-03-06 00:12:00,-1.41,4.28,0.27,108.29,3.40,4.52,2.35,356.5,30100
2026-03-06 00:13:00,-1.47,4.12,0.25,109.58,3.28,4.38,2.30,356.1,32721
2026-03-06 00:14:00,-0.98,4.04,-0.16,103.59,-2.24,4.16,2.22,356.9,28669
2026-03-06 00:15:00,-0.54,3.99,0.49,97.69,6.91,4.05,2.17,357.6,25278
2026-03-06 00:16:00,-1.27,3.62,-1.16,109.31,-16.88,4.01,1.52,354.5,33834
2026-03-06 00:17:00,-0.70,3.92,-0.12,100.16,-1.71,3.98,2.00,356.1,29037
2026-03-06 00:18:00,-0.74,4.13,0.07,100.19,0.93,4.19,2.37,360.2,23085
2026-03-06 00:19:00,-0.54,4.10,-0.52,97.57,-7.13,4.17,1.56,362.6,27475
2026-03-06 00:20:00,-0.43,4.33,-0.38,95.61,-5.01,4.36,1.30,360.8,32768
2026-03-06 00:21:00,-0.32,4.40,-0.20,94.10,-2.57,4.41,1.54,361.6,32393
2026-03-06 00:22:00,-0.68,4.24,-0.97,99.17,-12.67,4.40,1.38,363.1,28911
2026-03-06 00:23:00,-0.71,4.15,-1.15,99.67,-15.29,4.37,1.18,361.6,38844
2026-03-06 00:24:00,-0.60,3.90,-1.51,98.71,-20.95,4.22,1.01,364.6,36776
2026-03-06 00:25:00,-0.50,3.97,-1.29,97.23,-17.85,4.20,1.25,365.1,42532
2026-03-06 00:26:00,-0.81,4.12,0.27,101.11,3.67,4.21,1.40,364.2,29112
2026-03-06 00:27:00,-1.14,4.19,0.86,105.21,11.19,4.43,2.12,361.4,26715
2026-03-06 00:28:00,-1.21,4.07,1.35,106.51,17.69,4.46,2.56,357.7,27021
2026-03-06 00:29:00,-1.27,3.90,1.69,107.99,22.46,4.44,3.32,358.0,25434
2026-03-06 00:30:00,-0.94,4.22,0.79,102.52,10.37,4.39,3.21,358.2,26830
2026-03-06 00:31:00,-0.55,4.30,-0.17,97.30,-2.28,4.34,2.69,360.1,25370
2026-03-06 00:32:00,-0.35,4.40,-0.10,94.49,-1.35,4.41,2.35,361.7,25163
2026-03-06 00:33:00,-0.33,4.46,-0.11,94.24,-1.35,4.47,2.30,362.3,26269
2026-03-06 00:34:00,-0.09,4.41,-0.10,91.11,-1.31,4.41,2.45,364.3,22074
2026-03-06 00:35:00,-0.20,4.43,0.06,92.60,0.72,4.43,2.43,365.1,20104
2026-03-06 00:36:00,-0.07,4.41,0.16,90.92,2.02,4.41,2.59,364.7,23599
2026-03-06 00:37:00,0.10,4.29,0.17,88.63,2.24,4.29,2.64,365.4,20457
2026-03-06 00:38:00,0.19,4.16,0.51,87.35,7.00,4.20,2.37,367.7,20054
2026-03-06 00:39:00,0.29,4.24,0.54,86.02,7.29,4.29,3.58,365.5,19813
2026-03-06 00:40:00,0.10,4.36,0.58,88.66,7.61,4.40,2.88,366.7,20527
2026-03-06 00:41:00,0.06,4.36,0.57,89.22,7.43,4.40,3.31,363.5,21434
2026-03-06 00:42:00,0.08,4.33,0.66,88.91,8.68,4.38,3.34,363.5,24449
2026-03-06 00:43:00,0.41,4.30,0.68,84.49,8.98,4.37,3.37,363.5,22148
2026-03-06 00:44:00,0.57,4.27,0.69,82.34,9.09,4.36,3.44,365.7,21124
2026-03-06 00:45:00,0.56,4.26,0.80,82.56,10.52,4.37,3.30,365.8,20976
2026-03-06 00:46:00,0.62,4.30,0.71,81.78,9.29,4.40,3.33,365.3,21958
2026-03-06 00:47:00,0.45,4.39,0.70,84.18,9.05,4.47,3.44,363.5,22383
2026-03-06 00:48:00,0.33,4.42,0.72,85.76,9.18,4.49,3.46,361.9,22174
2026-03-06 00:49:00,0.32,4.41,0.62,85.86,8.02,4.47,3.32,363.0,25718
2026-03-06 00:50:00,0.02,4.42,0.70,89.79,9.04,4.48,3.30,362.8,23848
2026-03-06 00:51:00,0.04,4.41,0.35,89.43,4.61,4.42,3.20,362.7,21496
2026-03-06 00:52:00,-0.10,4.36,0.40,91.33,5.26,4.38,2.84,363.0,24491
2026-03-06 00:53:00,-0.94,4.32,0.67,102.21,8.57,4.47,2.28,359.8,22244
2026-03-06 00:54:00,-0.86,4.28,0.79,101.30,10.24,4.44,2.94,354.0,28719
2026-03-06 00:55:00,-1.53,4.37,0.97,109.31,11.85,4.74,3.22,354.9,22959
2026-03-06 00:56:00,-1.48,4.47,0.81,108.39,9.78,4.78,2.33,354.2,32806
2026-03-06 00:57:00,-1.46,4.30,0.59,108.72,7.40,4.58,2.73,351.5,29728
2026-03-06 00:58:00,-1.49,4.17,1.17,109.67,14.76,4.58,2.77,353.7,31691
2026-03-06 00:59:00,-1.82,4.28,1.19,113.04,14.31,4.80,2.90,354.7,28941
2026-03-06 01:00:00,-2.09,4.26,1.11,116.16,13.20,4.87,2.64,351.1,32581
2026-03-06 01:01:00,-1.90,4.16,0.88,114.52,10.92,4.66,2.89,349.5,33134
2026-03-06 01:02:00,-2.14,4.08,0.64,117.67,7.87,4.65,2.73,348.8,34893
2026-03-06 01:03:00,-1.72,4.22,-0.06,112.12,-0.73,4.56,2.36,350.3,35858
2026-03-06 01:04:00,-1.87,4.20,0.03,114.01,0.35,4.59,2.29,351.4,35532
2026-03-06 01:05:00,-1.50,4.29,-0.07,109.25,-0.84,4.55,2.49,350.5,35834
2026-03-06 01:06:00,-0.64,4.40,0.24,98.25,3.07,4.45,2.64,353.4,33933
2026-03-06 01:07:00,-0.01,4.43,0.82,90.16,10.54,4.51,2.70,359.9,28577
2026-03-06 01:08:00,0.20,4.40,0.70,87.44,8.97,4.46,3.17,361.8,24748
2026-03-06 01:09:00,-0.05,4.33,1.17,90.61,15.19,4.48,3.59,362.2,22633
2026-03-06 01:10:00,-0.46,4.38,1.36,96.00,17.15,4.61,4.14,357.5,22314
2026-03-06 01:11:00,-0.60,4.37,1.11,97.85,14.11,4.55,3.21,356.7,24149
2026-03-06 01:12:00,-0.78,4.42,0.85,100.04,10.70,4.57,3.87,356.7,30431
2026-03-06 01:13:00,-0.63,4.49,-0.01,97.95,-0.17,4.53,3.38,356.7,28320
2026-03-06 01:14:00,-0.38,4.68,0.62,94.62,7.47,4.73,3.02,355.8,27274
2026-03-06 01:15:00,-1.00,4.69,1.37,102.07,15.93,4.99,3.08,355.6,24808
2026-03-06 01:16:00,-1.47,4.69,1.86,107.36,20.73,5.26,3.15,352.5,26214
2026-03-06 01:17:00,-1.39,4.72,1.72,106.46,19.32,5.21,3.11,352.7,28184
2026-03-06 01:18:00,-1.59,4.65,1.70,108.89,19.11,5.20,2.94,352.6,27698
2026-03-06 01:19:00,-2.40,3.95,2.23,121.23,25.79,5.13,2.91,349.6,28454
2026-03-06 01:20:00,-2.49,4.09,2.06,121.28,23.23,5.21,2.90,347.9,30200
2026-03-06 01:21:00,-2.71,4.09,1.84,123.51,20.52,5.23,2.82,348.5,30698
2026-03-06 01:22:00,-2.55,4.27,1.72,120.88,19.12,5.26,2.58,349.3,35655
2026-03-06 01:23:00,-2.82,4.13,1.64,124.33,18.17,5.26,2.56,348.9,35922
2026-03-06 01:24:00,-3.10,3.98,1.42,127.89,15.73,5.25,2.50,347.7,37773
2026-03-06 01:25:00,-2.45,4.37,1.57,119.27,17.40,5.25,2.44,347.5,40878
2026-03-06 01:26:00,-2.66,4.33,1.50,121.59,16.38,5.30,2.60,353.4,32182
2026-03-06 01:27:00,-2.66,4.34,1.36,121.51,15.01,5.27,2.31,347.6,34233
2026-03-06 01:28:00,-2.58,4.37,0.99,120.52,11.00,5.17,2.39,348.7,35773
2026-03-06 01:29:00,-2.20,4.35,1.80,116.81,20.29,5.19,2.30,348.9,38143
2026-03-06 01:30:00,-2.04,4.21,1.61,115.85,19.00,4.95,2.88,351.0,30597
2026-03-06 01:31:00,-2.09,4.26,1.31,116.11,15.41,4.92,2.85,351.2,32735
2026-03-06 01:32:00,-1.88,4.30,1.26,113.56,15.08,4.86,2.80,351.8,30556
2026-03-06 01:33:00,-1.93,4.28,1.23,114.25,14.64,4.86,2.55,352.5,30486
2026-03-06 01:34:00,-2.02,4.20,1.18,115.69,14.22,4.81,2.82,351.6,31991
2026-03-06 01:35:00,-1.80,4.28,1.08,112.80,13.11,4.76,2.95,351.1,33793
2026-03-06 01:36:00,-1.58,4.49,0.55,109.34,6.60,4.80,2.83,351.4,31558
2026-03-06 01:37:00,-1.69,4.48,0.51,110.71,6.03,4.81,2.84,351.7,29261
2026-03-06 01:38:00,-1.44,4.51,0.30,107.65,3.60,4.74,2.79,352.1,32601
2026-03-06 01:39:00,-1.20,4.45,0.25,105.06,3.14,4.62,2.63,352.2,34808
2026-03-06 01:40:00,-1.29,4.43,0.63,106.24,7.75,4.65,2.63,352.9,32711
2026-03-06 01:41:00,-0.67,4.48,-0.03,98.57,-0.39,4.53,2.83,353.9,27713
2026-03-06 01:42:00,-0.05,4.47,-0.58,90.65,-7.41,4.50,2.15,356.9,29256
2026-03-06 01:43:00,-0.22,4.35,-0.77,92.93,-9.99,4.42,2.42,358.2,28750
2026-03-06 01:44:00,-0.10,4.37,-0.66,91.31,-8.55,4.42,1.93,358.0,33816
2026-03-06 01:45:00,0.10,4.41,-0.76,88.65,-9.77,4.47,2.34,357.0,29796
2026-03-06 01:46:00,0.12,4.34,-1.25,88.40,-16.07,4.52,1.82,357.9,32308
2026-03-06 01:47:00,-0.03,4.26,-1.40,90.37,-18.15,4.48,1.55,357.5,29518
2026-03-06 01:48:00,-0.68,4.29,-1.02,99.06,-13.23,4.47,1.43,350.5,32148
2026-03-06 01:49:00,-0.99,4.18,-0.42,103.38,-5.60,4.32,1.83,350.6,37518
2026-03-06 01:50:00,-1.69,4.22,0.34,111.79,4.23,4.56,2.34,347.1,33047
2026-03-06 01:51:00,-1.82,4.23,0.48,113.28,6.00,4.63,2.78,344.5,29842
2026-03-06 01:52:00,-2.71,3.83,0.90,125.29,10.89,4.78,2.94,345.1,36321
2026-03-06 01:53:00,-3.27,3.57,1.25,132.52,14.50,5.00,2.89,344.7,42353
2026-03-06 01:54:00,-2.98,3.83,1.18,127.84,13.68,5.00,2.90,344.0,42016
2026-03-06 01:55:00,-2.83,3.92,1.07,125.77,12.42,4.95,3.06,344.0,46891
2026-03-06 01:56:00,-2.31,4.18,1.14,118.96,13.39,4.91,3.10,344.5,44686
2026-03-06 01:57:00,-2.45,4.07,1.15,121.08,13.56,4.89,3.19,346.6,36209
2026-03-06 01:58:00,-1.42,4.38,-0.25,108.00,-3.05,4.61,2.71,346.3,38318
2026-03-06 01:59:00,-1.37,4.29,-0.77,107.66,-9.71,4.57,1.72,352.9,36468
2026-03-06 02:00:00,-1.85,4.49,-0.02,112.36,-0.28,4.85,2.58,347.8,37639
2026-03-06 02:01:00,-1.23,4.64,-0.78,104.86,-9.17,4.86,2.83,348.7,37145
2026-03-06 02:02:00,-1.50,4.38,-1.17,108.96,-14.19,4.77,2.48,348.9,34607
2026-03-06 02:03:00,-1.60,4.15,-1.56,111.06,-19.33,4.72,2.12,347.6,35321
2026-03-06 02:04:00,-1.19,4.06,-1.89,106.36,-24.12,4.64,1.96,351.0,32465
2026-03-06 02:05:00,-1.12,3.75,-2.39,106.66,-31.47,4.58,1.78,350.3,33315
2026-03-06 02:06:00,-1.00,3.57,-2.74,105.60,-36.48,4.61,1.62,351.7,31889
2026-03-06 02:07:00,-0.43,2.78,-3.40,98.73,-50.46,4.41,1.40,353.1,31006
2026-03-06 02:08:00,-1.17,3.80,-1.95,107.16,-26.12,4.43,1.28,352.2,34311
2026-03-06 02:09:00,-1.70,4.10,-1.48,112.47,-18.49,4.68,1.43,349.6,39574
2026-03-06 02:10:00,-1.68,4.16,-1.57,111.99,-19.28,4.75,1.70,347.3,42417
2026-03-06 02:11:00,-2.31,4.37,-0.55,117.92,-6.39,4.97,2.01,347.2,39670
2026-03-06 02:12:00,-2.05,4.41,-1.14,114.93,-13.24,4.99,2.30,343.7,36084
2026-03-06 02:13:00,-1.78,4.15,-1.85,113.24,-22.26,4.88,2.05,345.6,40967
2026-03-06 02:14:00,-1.09,3.17,-3.24,108.98,-44.02,4.67,1.85,348.4,38246
2026-03-06 02:15:00,-0.78,3.09,-3.32,104.17,-46.21,4.60,1.46,351.2,34409
2026-03-06 02:16:00,-0.63,3.65,-2.57,99.84,-34.77,4.51,1.42,353.1,29499
2026-03-06 02:17:00,-0.39,4.01,-2.06,95.48,-27.12,4.53,1.51,353.5,30805
2026-03-06 02:18:00,-0.62,3.89,-2.09,99.07,-27.91,4.46,1.80,353.2,30581
2026-03-06 02:19:00,-0.57,4.02,-2.18,98.03,-28.26,4.61,1.64,351.5,33379
2026-03-06 02:20:00,-0.79,4.05,-2.18,101.03,-27.81,4.67,1.53,350.5,34179
2026-03-06 02:21:00,-0.66,4.24,-1.95,98.85,-24.44,4.72,1.48,351.8,32979
2026-03-06 02:22:00,-0.45,4.25,-1.87,96.01,-23.56,4.67,1.57,354.9,27089
2026-03-06 02:23:00,-0.36,4.21,-1.96,94.93,-24.87,4.66,1.66,354.8,28152
2026-03-06 02:24:00,-0.26,4.22,-2.04,93.52,-25.80,4.69,1.68,353.6,30412
2026-03-06 02:25:00,-0.04,4.35,-1.79,90.59,-22.42,4.70,1.70,354.6,28472
2026-03-06 02:26:00,-0.12,4.46,-1.55,91.57,-19.17,4.73,1.84,355.0,28939
2026-03-06 02:27:00,-0.08,4.44,-1.49,91.08,-18.61,4.68,2.06,353.4,29708
2026-03-06 02:28:00,-0.33,4.30,-1.67,94.37,-21.22,4.62,1.85,353.9,29231
2026-03-06 02:29:00,-0.76,4.40,-1.56,99.78,-19.24,4.73,1.83,353.0,29720
2026-03-06 02:30:00,-1.24,4.47,-1.60,105.57,-19.05,4.91,1.70,347.1,33025
2026-03-06 02:31:00,-1.05,4.36,-1.80,103.52,-21.94,4.83,1.54,350.0,34776
2026-03-06 02:32:00,-1.20,4.45,-1.53,105.07,-18.41,4.86,1.92,347.3,34356
2026-03-06 02:33:00,-1.96,4.52,-1.09,113.46,-12.51,5.05,1.78,347.9,45636
2026-03-06 02:34:00,-1.85,4.47,-1.24,112.42,-14.39,4.99,2.07,346.7,43900
2026-03-06 02:35:00,-1.81,4.40,-1.41,112.31,-16.49,4.96,1.77,345.9,35923
2026-03-06 02:36:00,-2.10,4.47,-0.97,115.18,-11.14,5.03,2.12,346.2,44537
2026-03-06 02:37:00,-2.20,4.49,-0.93,116.06,-10.52,5.09,1.96,346.5,48714
2026-03-06 02:38:00,-2.32,4.47,-0.86,117.44,-9.69,5.10,2.00,345.6,40305
2026-03-06 02:39:00,-2.33,4.41,-0.80,117.89,-9.09,5.05,2.02,346.0,40237
2026-03-06 02:40:00,-2.41,4.34,-0.86,118.98,-9.84,5.04,1.94,345.0,40934
2026-03-06 02:41:00,-2.46,4.28,-1.17,119.88,-13.37,5.07,1.89,343.9,41580
2026-03-06 02:42:00,-2.33,4.46,-0.91,117.58,-10.25,5.11,1.90,344.7,45668
2026-03-06 02:43:00,-2.07,4.31,-1.34,115.64,-15.60,4.97,1.99,343.3,41679
2026-03-06 02:44:00,-1.91,3.96,-1.51,115.71,-18.95,4.65,1.82,344.6,50872
2026-03-06 02:45:00,-0.43,2.28,-3.42,100.61,-55.78,4.13,2.03,345.7,39357
2026-03-06 02:46:00,-1.22,3.28,-2.48,110.37,-35.36,4.28,1.66,352.2,37094
2026-03-06 02:47:00,-1.88,3.81,-1.92,116.29,-24.37,4.66,1.97,353.4,40035
2026-03-06 02:48:00,-1.97,3.51,-1.53,119.29,-20.84,4.30,2.03,351.9,47820
2026-03-06 02:49:00,-1.46,1.85,-3.97,128.36,-59.32,4.61,1.74,351.8,32885
2026-03-06 02:50:00,-1.86,3.67,-0.13,116.94,-1.84,4.12,1.81,352.5,42048
2026-03-06 02:51:00,-1.54,4.28,-0.53,109.83,-6.68,4.58,2.71,345.4,43988
2026-03-06 02:52:00,-1.86,4.00,-1.82,114.94,-22.48,4.77,2.84,349.6,38571
2026-03-06 02:53:00,-2.21,3.65,-2.51,121.18,-30.50,4.95,2.13,348.8,44099
2026-03-06 02:54:00,-2.11,3.87,-2.35,118.66,-28.04,4.99,1.71,349.3,46013
2026-03-06 02:55:00,-1.92,4.09,-2.26,115.12,-26.62,5.05,1.70,349.2,43983
2026-03-06 02:56:00,-2.81,3.89,-0.92,125.81,-10.89,4.88,1.69,348.4,44732
2026-03-06 02:57:00,-3.28,3.79,0.18,130.92,2.09,5.02,1.95,346.0,44805
2026-03-06 02:58:00,-3.46,3.80,0.10,132.36,1.15,5.14,2.44,342.0,47339
2026-03-06 02:59:00,-3.40,3.77,0.64,132.02,7.14,5.12,2.52,341.2,54517
2026-03-06 03:00:00,-3.62,3.58,1.24,135.26,13.68,5.24,2.74,339.3,47316
2026-03-06 03:01:00,-3.77,3.63,0.70,136.04,7.66,5.28,2.61,339.6,58386
2026-03-06 03:02:00,-3.85,3.69,0.72,136.18,7.74,5.38,2.64,339.4,58651
2026-03-06 03:03:00,-3.87,3.66,1.07,136.62,11.32,5.43,3.10,337.5,62360
2026-03-06 03:04:00,-3.81,3.61,1.31,136.58,14.04,5.41,2.41,341.4,54798
2026-03-06 03:05:00,-3.96,3.52,1.35,138.37,14.32,5.46,2.73,339.6,48717
2026-03-06 03:06:00,-3.96,3.56,0.98,138.08,10.47,5.41,2.45,341.4,40708
2026-03-06 03:07:00,-4.03,3.57,0.88,138.52,9.31,5.46,2.73,340.2,54373
2026-03-06 03:08:00,-3.90,3.76,0.64,135.99,6.77,5.46,2.31,343.3,59003
2026-03-06 03:09:00,-3.92,3.79,0.78,135.97,8.18,5.50,2.22,344.9,56910
2026-03-06 03:10:00,-3.95,3.82,0.80,135.93,8.24,5.56,2.46,344.8,55161
2026-03-06 03:11:00,-4.41,3.09,1.20,145.00,12.55,5.52,2.50,344.4,48964
2026-03-06 03:12:00,-4.66,2.91,1.42,148.04,14.45,5.68,2.52,343.3,44542
2026-03-06 03:13:00,-4.60,3.18,1.23,145.33,12.40,5.72,2.62,342.5,47830
2026-03-06 03:14:00,-4.31,3.62,0.55,140.01,5.61,5.66,2.57,343.4,52798
2026-03-06 03:15:00,-4.65,3.33,1.05,144.38,10.41,5.82,2.44,344.2,51504
2026-03-06 03:16:00,-4.53,3.31,1.48,143.81,14.74,5.80,2.49,343.2,41403
2026-03-06 03:17:00,-4.60,3.35,1.05,143.92,10.44,5.79,2.89,342.3,43090
2026-03-06 03:18:00,-4.47,3.43,1.10,142.50,11.01,5.74,3.02,339.8,49497
2026-03-06 03:19:00,-4.76,3.01,1.03,147.70,10.39,5.72,2.87,342.0,41557
2026-03-06 03:20:00,-4.82,2.86,1.28,149.36,12.87,5.75,2.27,342.4,46306
2026-03-06 03:21:00,-4.68,2.92,1.39,148.04,14.15,5.69,2.95,339.8,55637
2026-03-06 03:22:00,-4.19,3.56,1.39,139.67,14.18,5.67,2.83,341.3,43620
2026-03-06 03:23:00,-3.73,3.89,1.30,133.79,13.53,5.54,2.86,341.8,44879
2026-03-06 03:24:00,-3.68,3.89,1.29,133.36,13.57,5.51,2.89,341.4,45044
2026-03-06 03:25:00,-3.80,3.68,1.36,135.91,14.39,5.46,2.84,341.2,40687
2026-03-06 03:26:00,-3.77,3.69,1.24,135.62,13.25,5.42,2.84,342.0,41017
2026-03-06 03:27:00,-3.80,3.87,1.25,134.45,12.93,5.57,2.74,343.6,38691
2026-03-06 03:28:00,-3.85,3.86,1.08,134.94,11.20,5.56,2.37,344.4,38508
2026-03-06 03:29:00,-3.76,3.99,1.21,133.31,12.45,5.61,2.44,343.1,42448
2026-03-06 03:30:00,-3.55,4.14,1.07,130.66,11.14,5.56,2.90,343.0,39214
2026-03-06 03:31:00,-3.58,4.25,0.77,130.13,7.93,5.61,2.58,346.1,35333
2026-03-06 03:32:00,-3.67,4.03,0.55,132.29,5.77,5.48,2.44,346.3,43124
2026-03-06 03:33:00,-3.99,3.48,1.24,138.97,13.23,5.44,2.42,345.0,38327
2026-03-06 03:34:00,-4.24,3.19,1.38,143.00,14.62,5.49,2.66,341.4,56388
2026-03-06 03:35:00,-4.43,3.18,1.25,144.32,12.92,5.60,2.66,341.4,56388
2026-03-06 03:36:00,-4.33,3.27,1.61,142.88,16.56,5.66,2.93,339.4,48894
2026-03-06 03:37:00,-4.32,3.02,1.56,145.06,16.50,5.50,2.25,340.6,61186
2026-03-06 03:38:00,-3.97,3.33,1.24,140.04,13.41,5.33,3.28,337.4,50196
2026-03-06 03:39:00,-4.01,3.50,1.35,138.84,14.26,5.49,2.97,341.9,49575
2026-03-06 03:40:00,-3.94,3.63,1.26,137.36,13.22,5.50,3.16,343.3,46091
2026-03-06 03:41:00,-3.68,3.78,1.12,134.25,11.98,5.40,3.15,344.5,45230
2026-03-06 03:42:00,-3.77,3.69,1.32,135.60,14.04,5.43,2.93,345.4,43849
2026-03-06 03:43:00,-3.70,3.75,1.23,134.66,13.11,5.41,2.64,346.2,45036
2026-03-06 03:44:00,-3.52,3.78,2.40,132.95,24.96,5.69,2.78,345.3,42927
2026-03-06 03:45:00,-3.48,3.84,2.63,132.23,26.90,5.81,3.11,345.0,36335
2026-03-06 03:46:00,-3.49,3.93,2.50,131.63,25.45,5.82,3.16,347.0,34491
2026-03-06 03:47:00,-3.59,3.94,2.30,132.32,23.36,5.81,3.22,346.2,37620
2026-03-06 03:48:00,-3.72,3.94,2.50,133.33,24.75,5.96,3.06,343.4,40209
2026-03-06 03:49:00,-3.75,3.93,2.27,133.69,22.69,5.89,2.95,345.8,38174
2026-03-06 03:50:00,-3.88,3.80,2.30,135.66,22.99,5.90,2.83,345.9,37123
2026-03-06 03:51:00,-3.81,3.80,2.39,135.10,23.94,5.89,2.70,344.3,38924
2026-03-06 03:52:00,-3.96,3.64,2.38,137.39,23.91,5.88,2.91,345.0,38010
2026-03-06 03:53:00,-4.03,3.61,2.00,138.17,20.29,5.76,3.10,345.4,40660
2026-03-06 03:54:00,-3.85,3.85,1.83,135.01,18.53,5.75,3.05,344.3,41666
2026-03-06 03:55:00,-4.19,3.32,1.89,141.60,19.45,5.68,2.77,341.7,45608
2026-03-06 03:56:00,-4.16,3.20,1.99,142.48,20.77,5.62,3.05,339.5,45036
2026-03-06 03:57:00,-4.03,3.39,2.21,139.99,22.74,5.71,3.00,340.4,42528
2026-03-06 03:58:00,-3.55,3.58,2.24,134.79,23.94,5.52,2.99,342.8,41559
2026-03-06 04:00:00,-4.14,2.95,2.58,144.49,26.94,5.70,3.24,342.4,42017
2026-03-06 04:01:00,-4.12,2.84,2.76,145.37,28.88,5.71,3.01,342.0,42750
2026-03-06 04:02:00,-4.13,3.00,2.82,143.97,28.93,5.83,2.75,342.0,43373
2026-03-06 04:03:00,-4.20,3.13,2.63,143.34,26.66,5.86,2.94,342.9,43138
2026-03-06 04:04:00,-4.39,3.10,2.41,144.79,24.17,5.89,2.99,342.0,45451
2026-03-06 04:05:00,-4.34,3.07,2.33,144.68,23.66,5.80,3.00,341.3,46788
2026-03-06 04:06:00,-4.24,3.27,2.12,142.36,21.55,5.76,2.90,341.7,46501
2026-03-06 04:08:00,-4.27,3.24,2.27,142.86,22.92,5.82,3.06,342.0,45991
2026-03-06 04:09:00,-4.14,3.22,1.88,142.09,19.69,5.57,3.13,338.3,41164
2026-03-06 04:10:00,-4.20,3.14,1.71,143.21,18.09,5.51,2.58,341.4,51724
2026-03-06 04:11:00,-4.10,3.36,1.51,140.68,15.88,5.51,3.01,340.3,52080
2026-03-06 04:12:00,-3.99,3.57,1.00,138.14,10.54,5.45,3.28,339.8,52050
2026-03-06 04:13:00,-3.86,3.80,0.02,135.47,0.22,5.42,2.95,342.3,51609
2026-03-06 04:14:00,-3.84,3.82,0.32,135.20,3.38,5.43,2.58,345.3,56631
2026-03-06 04:15:00,-4.27,2.62,2.26,148.47,24.25,5.50,2.87,343.0,51088
2026-03-06 04:16:00,-4.30,2.55,2.42,149.33,25.83,5.55,3.24,339.9,46274
2026-03-06 04:17:00,-4.41,3.03,1.89,145.48,19.44,5.67,3.23,339.1,51659
2026-03-06 04:18:00,-4.41,3.15,1.73,144.46,17.70,5.69,3.03,339.0,54470
2026-03-06 04:19:00,-4.57,3.09,1.36,145.91,13.88,5.68,2.60,341.3,52106
2026-03-06 04:20:00,-4.25,3.46,1.30,140.79,13.37,5.63,2.46,341.7,46570
2026-03-06 04:21:00,-3.81,3.91,1.20,134.30,12.39,5.59,2.68,341.6,52338
2026-03-06 04:22:00,-3.83,3.87,0.70,134.71,7.30,5.49,2.53,343.5,52456
2026-03-06 04:23:00,-3.79,3.91,0.77,134.10,8.05,5.50,2.70,341.8,59892
2026-03-06 04:24:00,-3.79,3.91,0.94,134.15,9.84,5.52,3.29,342.8,46589
2026-03-06 04:25:00,-3.71,4.06,0.51,132.40,5.28,5.52,3.13,342.6,52871
2026-03-06 04:26:00,-3.75,4.07,0.37,132.66,3.87,5.55,3.16,345.3,47254
2026-03-06 04:27:00,-3.69,4.13,0.25,131.81,2.59,5.54,2.67,346.0,48732
2026-03-06 04:28:00,-3.14,4.41,0.96,125.43,10.06,5.49,2.69,346.5,44365
2026-03-06 04:29:00,-3.53,4.30,-0.23,129.34,-2.40,5.57,2.60,346.5,55739
2026-03-06 04:30:00,-3.41,4.21,-0.36,129.00,-3.79,5.43,2.74,345.1,51684
2026-03-06 04:31:00,-3.25,4.33,-0.26,126.89,-2.72,5.41,2.96,347.0,45335
2026-03-06 04:32:00,-3.27,4.39,-0.23,126.74,-2.36,5.48,3.16,348.6,44845
2026-03-06 04:33:00,-3.25,4.41,-0.25,126.40,-2.65,5.49,3.14,348.2,42443
2026-03-06 04:34:00,-3.02,4.38,-0.51,124.62,-5.47,5.35,2.79,348.3,40214
2026-03-06 04:35:00,-2.38,4.36,-0.81,118.67,-9.22,5.03,2.61,347.6,40794
2026-03-06 04:36:00,-2.19,4.44,-1.06,116.28,-12.12,5.06,2.87,348.4,44759
2026-03-06 04:37:00,-2.28,4.43,-1.26,117.24,-14.21,5.13,3.45,347.2,40559
2026-03-06 04:38:00,-2.45,4.65,-0.92,117.71,-9.94,5.34,2.85,348.5,35147
2026-03-06 04:39:00,-3.11,4.34,-0.24,125.65,-2.60,5.35,3.36,352.8,27028
2026-03-06 04:41:00,-3.17,4.49,-0.26,125.22,-2.68,5.50,3.17,346.2,50772
2026-03-06 04:42:00,-3.91,4.07,0.37,133.81,3.74,5.66,3.28,351.3,43821
2026-03-06 04:43:00,-4.35,3.14,1.14,144.17,12.03,5.49,3.25,348.4,53191
2026-03-06 04:44:00,-4.96,2.09,1.70,157.13,17.50,5.64,3.14,345.4,66125
2026-03-06 04:45:00,-4.95,1.94,2.22,158.61,22.65,5.76,3.06,342.8,75269
2026-03-06 04:46:00,-4.64,2.20,2.69,154.64,27.65,5.80,3.03,342.4,70779
2026-03-06 04:47:00,-4.77,1.66,2.77,160.83,28.75,5.75,3.15,344.3,62495
2026-03-06 04:48:00,-5.15,1.77,1.84,161.02,18.63,5.75,3.36,342.8,66721
2026-03-06 04:49:00,-5.25,1.58,2.00,163.22,20.04,5.84,3.25,341.3,76741
2026-03-06 04:50:00,-5.27,1.72,1.69,161.91,16.99,5.79,2.88,343.8,80246
2026-03-06 04:51:00,-5.16,1.97,1.75,159.15,17.58,5.80,2.96,344.3,77819
2026-03-06 04:52:00,-5.17,1.95,1.96,159.32,19.50,5.87,3.35,348.8,66429
2026-03-06 04:53:00,-7.14,2.62,3.78,159.88,26.44,8.49,3.55,353.3,83312
2026-03-06 04:54:00,-7.62,2.88,3.90,159.30,25.57,9.04,5.87,371.5,179953
2026-03-06 04:55:00,-7.92,3.01,3.94,159.17,24.92,9.34,4.23,375.9,208781
2026-03-06 04:56:00,-8.31,2.94,3.38,160.52,20.96,9.44,6.49,367.8,168787
2026-03-06 04:57:00,-8.20,3.41,4.51,157.43,26.92,9.95,5.28,359.8,75184
2026-03-06 04:58:00,-8.01,3.82,4.26,154.52,25.63,9.84,5.15,361.2,73752
2026-03-06 04:59:00,-7.90,3.88,4.16,153.85,25.29,9.73,5.45,371.5,156134
2026-03-06 05:00:00,-8.21,3.86,3.86,154.79,23.05,9.86,5.62,374.3,178219
2026-03-06 05:01:00,-8.15,4.34,3.81,151.97,22.41,9.99,5.28,365.8,100602
2026-03-06 05:02:00,-7.80,4.39,3.74,150.66,22.69,9.70,5.18,368.0,128495
2026-03-06 05:03:00,-7.94,4.17,2.78,152.28,17.22,9.39,5.72,371.6,167408
2026-03-06 05:04:00,-7.88,3.72,2.06,154.74,13.28,8.95,5.30,361.3,105783
2026-03-06 05:05:00,-7.58,4.02,2.30,152.07,14.99,8.88,4.87,357.8,90039
2026-03-06 05:06:00,-7.57,4.20,2.12,150.97,13.74,8.91,5.79,369.4,171147
2026-03-06 05:07:00,-7.28,4.41,2.59,148.77,16.95,8.90,5.94,369.3,185894
2026-03-06 05:08:00,-7.56,4.27,2.92,150.52,18.63,9.16,5.89,367.9,179348
2026-03-06 05:09:00,-7.22,4.83,2.43,146.19,15.64,9.02,5.81,367.0,148791
2026-03-06 05:10:00,-7.22,4.57,2.69,147.67,17.47,8.96,5.20,360.3,77866
2026-03-06 05:11:00,-7.11,5.09,2.48,144.40,15.80,9.09,5.67,368.1,178187
2026-03-06 05:12:00,-6.80,5.22,2.06,142.52,13.49,8.82,4.93,358.1,51552
2026-03-06 05:13:00,-7.81,2.67,4.33,161.15,27.65,9.32,4.93,358.1,51552
2026-03-06 05:14:00,-7.97,2.09,4.74,165.32,29.90,9.50,5.09,362.2,79642
2026-03-06 05:15:00,-8.07,1.73,4.83,167.93,30.32,9.56,5.46,363.6,85566
2026-03-06 05:16:00,-7.86,1.03,5.16,172.50,33.08,9.46,5.31,370.0,131311
2026-03-06 05:17:00,-8.05,2.41,4.39,163.32,27.57,9.48,5.26,365.9,98736
2026-03-06 05:18:00,-8.01,2.39,4.47,163.40,28.13,9.47,5.62,366.5,123051
2026-03-06 05:19:00,-8.03,2.12,4.48,165.20,28.35,9.43,5.59,370.8,159472
2026-03-06 05:20:00,-8.13,1.68,4.45,168.34,28.22,9.42,5.53,370.4,149684
2026-03-06 05:21:00,-8.14,1.57,4.61,169.07,29.07,9.49,5.38,369.3,140699
2026-03-06 05:22:00,-8.17,1.51,3.76,169.54,24.37,9.12,5.19,369.8,164584
2026-03-06 05:23:00,-6.03,5.61,0.17,137.09,1.19,8.24,6.01,367.7,180602
2026-03-06 05:24:00,-6.75,5.13,1.42,142.78,9.51,8.60,6.64,367.3,144936
2026-03-06 05:25:00,-6.67,5.22,1.54,141.98,10.28,8.61,6.65,367.5,147290
2026-03-06 05:26:00,-7.56,3.96,1.75,152.34,11.60,8.71,6.48,366.8,148167
2026-03-06 05:27:00,-7.72,3.52,2.28,155.49,15.06,8.78,6.78,363.6,157129
2026-03-06 05:28:00,-7.10,4.73,2.29,146.31,15.05,8.83,6.19,355.1,83648
2026-03-06 05:29:00,-6.98,5.04,2.63,144.18,16.98,9.00,5.70,362.2,101318
2026-03-06 05:30:00,-6.87,5.14,3.22,143.18,20.58,9.17,5.69,363.9,103646
2026-03-06 05:31:00,-7.34,5.01,2.50,145.67,15.71,9.23,5.34,366.5,99479
2026-03-06 05:32:00,-7.47,4.72,2.91,147.71,18.23,9.30,6.29,365.3,126410
2026-03-06 05:33:00,-7.38,4.50,3.34,148.60,21.13,9.27,6.22,365.9,143454
2026-03-06 05:34:00,-7.87,2.25,3.80,164.07,24.90,9.02,6.24,365.5,146430
2026-03-06 05:35:00,-7.48,0.95,4.66,172.76,31.73,8.86,6.19,366.4,159473
2026-03-06 05:36:00,-7.88,3.38,3.55,156.76,22.49,9.28,5.73,363.9,138097
2026-03-06 05:37:00,-8.34,2.67,3.37,162.28,21.02,9.38,6.01,361.5,118598
2026-03-06 05:38:00,-8.35,2.25,3.66,164.93,22.90,9.39,6.75,364.3,142844
2026-03-06 05:39:00,-8.14,2.04,3.84,165.92,24.56,9.23,6.28,363.7,127516
2026-03-06 05:40:00,-8.37,2.47,3.58,163.59,22.31,9.43,6.07,363.5,99863
2026-03-06 05:41:00,-8.14,2.98,4.00,159.93,24.79,9.55,6.47,362.7,88728
2026-03-06 05:42:00,-7.93,3.24,4.57,157.81,28.08,9.71,5.90,365.2,92339
2026-03-06 05:43:00,-8.20,3.25,4.25,158.38,25.73,9.79,5.86,365.3,98479
2026-03-06 05:44:00,-8.20,3.46,3.61,157.13,22.08,9.61,5.92,362.8,86508
2026-03-06 05:45:00,-7.96,2.90,4.64,159.99,28.73,9.66,6.13,361.1,106644
2026-03-06 05:46:00,-7.19,2.11,5.68,163.67,37.15,9.40,6.15,361.0,108082
2026-03-06 05:47:00,-6.92,2.16,5.58,162.70,37.59,9.15,6.51,368.5,85190
2026-03-06 05:48:00,-6.76,2.38,5.43,160.61,37.12,8.99,6.33,365.5,91536
2026-03-06 05:49:00,-6.92,3.76,4.32,151.45,28.72,8.98,6.42,364.6,86640
2026-03-06 05:50:00,-6.76,4.50,3.84,146.37,25.33,8.99,6.50,364.7,83038
2026-03-06 05:51:00,-6.45,4.65,3.58,144.19,24.27,8.72,6.78,363.0,72134
2026-03-06 05:52:00,-5.89,3.25,5.39,151.10,38.71,8.62,6.79,363.8,70491
2026-03-06 05:53:00,-6.62,3.30,4.76,153.52,32.74,8.80,6.61,363.3,72092
2026-03-06 05:54:00,-6.07,3.17,5.28,152.39,37.63,8.64,6.47,362.1,74160
2026-03-06 05:55:00,-5.55,3.29,5.23,149.30,39.00,8.30,6.52,364.0,67454
2026-03-06 05:56:00,-6.20,3.11,5.02,153.32,35.90,8.56,6.01,363.7,66036
2026-03-06 05:57:00,-6.33,3.37,4.60,151.93,32.69,8.52,6.69,362.1,65220
2026-03-06 05:58:00,-6.63,3.43,3.73,152.64,26.56,8.34,6.86,360.8,69166
2026-03-06 05:59:00,-6.36,2.74,3.32,156.67,25.63,7.68,6.59,359.3,84545
2026-03-06 06:00:00,-2.29,1.85,0.93,140.97,17.51,3.09,7.70,361.1,71715
2026-03-06 06:01:00,-0.21,0.19,-0.98,138.16,-74.23,1.02,12.15,372.0,50987
2026-03-06 06:02:00,-0.85,0.72,-0.12,139.92,-6.36,1.12,12.78,372.8,43797
2026-03-06 06:03:00,-1.91,1.21,1.04,147.71,24.80,2.49,11.73,372.0,47695
2026-03-06 06:04:00,-2.55,1.40,1.35,151.23,24.94,3.21,17.35,374.0,37572
2026-03-06 06:05:00,-2.30,0.87,1.36,159.18,28.87,2.81,17.89,376.3,35751
2026-03-06 06:06:00,-2.28,1.14,1.47,153.45,29.97,2.94,18.31,376.0,36405
2026-03-06 06:07:00,-2.02,0.94,1.19,154.97,28.12,2.52,20.08,375.4,35398
2026-03-06 06:08:00,-2.41,1.19,1.09,153.73,22.16,2.90,20.66,375.6,33404
2026-03-06 06:09:00,-3.06,1.77,0.90,149.98,14.33,3.65,20.17,375.5,32111
2026-03-06 06:10:00,-3.14,1.69,0.61,151.70,9.66,3.62,19.83,375.0,31549
2026-03-06 06:11:00,-2.91,1.79,0.42,148.42,7.08,3.44,19.19,375.3,30470
2026-03-06 06:12:00,-2.34,1.53,0.36,146.76,7.28,2.82,18.42,377.5,33154
2026-03-06 06:13:00,-1.50,0.49,0.11,161.99,4.08,1.58,20.67,376.5,33035
2026-03-06 06:14:00,-1.47,0.24,0.34,170.60,12.87,1.53,19.51,374.6,31414
2026-03-06 06:15:00,-1.37,0.27,0.19,168.70,7.88,1.41,20.22,375.0,31671
2026-03-06 06:16:00,-1.30,0.37,-0.35,164.21,-14.57,1.40,19.67,375.6,34234
2026-03-06 06:17:00,-1.65,0.93,-0.07,150.73,-2.02,1.90,18.51,377.3,33279
2026-03-06 06:18:00,-1.11,0.62,-0.35,151.04,-15.55,1.32,20.23,374.7,33862
2026-03-06 06:19:00,-1.07,0.53,-0.23,153.64,-10.82,1.21,20.50,374.3,33963
2026-03-06 06:20:00,-0.47,-0.90,-0.31,242.29,-17.14,1.07,18.00,377.5,31262
2026-03-06 06:21:00,0.11,-1.84,-0.99,273.58,-28.18,2.09,19.97,376.5,33158
2026-03-06 06:22:00,0.46,-1.92,-1.32,283.47,-33.72,2.38,24.25,379.9,25599
2026-03-06 06:23:00,0.06,-0.53,-0.95,276.32,-60.50,1.09,22.48,379.3,27609
2026-03-06 06:24:00,0.80,0.14,-1.20,9.95,-56.10,1.45,18.99,380.3,43720
2026-03-06 06:25:00,0.77,0.59,-1.48,37.61,-56.57,1.77,21.31,382.8,51824
2026-03-06 06:26:00,0.45,0.99,-0.90,65.46,-39.80,1.41,23.58,379.0,43646
2026-03-06 06:27:00,0.40,1.17,-0.97,71.18,-38.25,1.57,19.11,375.9,35228
2026-03-06 06:28:00,1.11,0.70,-1.39,32.36,-46.55,1.91,13.62,373.3,34104
2026-03-06 06:29:00,1.49,0.59,-1.57,21.77,-44.33,2.24,14.03,372.3,29922
2026-03-06 06:30:00,1.68,0.66,-1.64,21.42,-42.28,2.44,16.57,372.8,34520
2026-03-06 06:31:00,-0.17,-1.17,-2.05,261.67,-60.05,2.37,4.02,356.1,14234
2026-03-06 06:32:00,-0.25,-1.33,-2.19,259.33,-58.23,2.58,13.47,371.0,36658
2026-03-06 06:33:00,0.39,-1.33,-2.90,286.25,-64.50,3.21,16.42,375.9,49251
2026-03-06 06:34:00,0.51,-1.25,-2.58,291.99,-62.33,2.91,15.64,372.0,40575
2026-03-06 06:35:00,0.61,-1.06,-2.52,299.78,-64.19,2.80,14.63,372.1,37833
2026-03-06 06:36:00,0.46,-1.09,-2.50,292.72,-64.76,2.76,13.91,368.5,32221
2026-03-06 06:37:00,0.30,-1.29,-2.49,282.87,-61.97,2.82,13.10,370.1,34795
2026-03-06 06:38:00,0.50,-1.13,-2.41,293.78,-62.77,2.71,8.80,362.9,23938
2026-03-06 06:39:00,0.84,0.23,-1.97,15.17,-66.14,2.16,13.41,364.4,23956
2026-03-06 06:40:00,0.60,-0.46,-2.06,322.38,-69.88,2.19,20.12,371.8,34209
2026-03-06 06:41:00,0.62,-0.46,-1.60,323.09,-64.25,1.78,22.17,375.3,30712
2026-03-06 06:42:00,0.78,-0.43,-1.35,331.06,-56.51,1.62,22.92,376.0,29758
2026-03-06 06:43:00,0.77,-0.62,-1.43,321.20,-55.46,1.74,19.01,370.4,42081
2026-03-06 06:44:00,1.20,-0.91,-1.88,322.87,-51.30,2.41,16.74,369.8,28847
2026-03-06 06:45:00,0.97,-0.85,-1.88,318.99,-55.45,2.28,11.75,365.4,30933
2026-03-06 06:46:00,1.22,-0.94,-1.89,322.26,-50.82,2.43,8.13,358.9,21858
2026-03-06 06:47:00,1.59,-0.71,-1.88,335.96,-47.23,2.56,16.22,372.5,45567
2026-03-06 06:48:00,1.02,-0.27,-1.11,345.06,-46.56,1.54,13.07,370.7,31607
2026-03-06 06:49:00,0.31,-0.98,-1.34,287.42,-52.46,1.68,13.21,367.9,28831
2026-03-06 06:50:00,0.34,-0.96,-1.34,289.62,-52.86,1.68,8.12,360.6,22349
2026-03-06 06:51:00,0.74,-1.52,-2.10,295.93,-51.15,2.70,13.78,372.8,41701
2026-03-06 06:52:00,1.00,-1.09,-1.95,312.52,-52.80,2.45,15.39,376.1,46781
2026-03-06 06:53:00,0.94,-1.22,-2.19,307.72,-54.76,2.68,12.26,370.3,27716
2026-03-06 06:54:00,1.21,-0.92,-2.10,322.66,-54.01,2.59,13.47,372.1,34050
2026-03-06 06:55:00,1.30,-0.62,-2.05,334.63,-54.99,2.50,14.43,373.2,37676
2026-03-06 06:56:00,1.52,-1.23,-2.27,321.02,-49.19,3.00,16.49,373.0,35017
2026-03-06 06:57:00,0.29,-2.59,-1.50,276.32,-29.92,3.00,13.83,366.6,25601
2026-03-06 06:58:00,0.58,-2.01,-1.62,286.12,-37.68,2.64,9.09,363.8,27502
2026-03-06 06:59:00,1.01,-1.61,-1.65,302.03,-40.95,2.52,15.63,376.0,46802
2026-03-06 07:00:00,1.44,-1.33,-1.57,317.31,-38.68,2.51,18.61,373.5,32165
2026-03-06 07:01:00,1.63,-1.13,-1.84,325.13,-42.82,2.70,15.35,373.7,33463
2026-03-06 07:02:00,1.71,-1.33,-2.14,322.16,-44.73,3.04,21.01,375.8,33226
2026-03-06 07:03:00,1.54,-1.53,-2.25,315.24,-45.96,3.12,19.63,377.8,16429
2026-03-06 07:04:00,1.70,-1.51,-2.02,318.41,-41.59,3.04,15.45,371.6,28261
2026-03-06 07:05:00,1.68,-1.50,-1.98,318.29,-41.30,3.00,56.51,364.3,28261
2026-03-06 07:06:00,1.53,-1.37,-1.97,318.10,-43.72,2.84,36.28,384.4,28954
2026-03-06 07:07:00,1.60,-1.32,-2.17,320.29,-46.34,3.00,23.64,378.4,39765
2026-03-06 07:08:00,1.11,-1.42,-2.62,307.96,-55.55,3.18,17.94,374.1,33444
2026-03-06 07:09:00,2.19,-1.01,-2.20,335.18,-42.36,3.27,21.17,375.7,39845
2026-03-06 07:10:00,1.91,-0.98,-2.31,332.96,-47.13,3.16,23.43,377.7,30132
2026-03-06 07:11:00,0.66,-1.28,-2.35,297.10,-58.41,2.76,20.55,374.8,27145
2026-03-06 07:12:00,-0.27,-1.32,-2.26,258.39,-59.09,2.63,23.92,365.8,33022
2026-03-06 07:13:00,-0.57,-1.43,-2.31,248.11,-56.24,2.77,25.94,370.7,67199
2026-03-06 07:14:00,-0.69,-1.48,-2.28,244.88,-54.35,2.80,22.59,387.9,51939
2026-03-06 07:15:00,-0.27,-1.66,-2.26,260.69,-53.32,2.82,26.93,383.5,23398
2026-03-06 07:16:00,0.42,-1.14,-2.27,290.18,-61.97,2.58,18.04,373.0,29819
2026-03-06 07:17:00,1.00,-0.65,-2.18,326.79,-61.30,2.48,18.59,372.8,32666
2026-03-06 07:18:00,0.61,-0.87,-2.23,305.09,-64.53,2.48,27.80,385.7,26309
2026-03-06 07:19:00,0.89,-0.98,-2.09,312.44,-57.67,2.48,18.44,373.5,35775
2026-03-06 07:20:00,0.02,-0.89,-2.28,271.41,-68.73,2.45,17.93,372.5,29155
2026-03-06 07:21:00,0.15,-0.88,-2.39,279.76,-69.50,2.55,18.03,379.7,43484
2026-03-06 07:22:00,0.32,-0.74,-2.32,293.32,-70.91,2.46,30.75,383.6,25214
2026-03-06 07:23:00,1.29,0.41,-1.00,17.77,-36.49,1.69,21.93,375.2,27003
2026-03-06 07:24:00,1.18,0.39,-1.04,18.16,-39.92,1.61,18.56,372.6,27457
2026-03-06 07:25:00,1.26,0.46,-1.14,20.19,-40.34,1.76,18.31,372.4,27189
2026-03-06 07:26:00,0.90,0.76,-0.77,40.18,-33.15,1.40,19.42,378.9,44856
2026-03-06 07:27:00,0.92,1.19,-0.53,52.41,-19.27,1.60,17.51,374.0,33591
2026-03-06 07:28:00,0.87,1.37,-0.48,57.51,-16.42,1.69,21.29,374.3,35462
2026-03-06 07:29:00,0.85,1.24,-0.79,55.71,-27.83,1.70,24.89,376.4,35586
2026-03-06 07:30:00,0.95,1.42,-0.79,56.23,-24.84,1.89,20.68,372.2,26094
2026-03-06 07:31:00,0.97,1.40,-0.65,55.21,-20.93,1.82,19.98,373.0,41305
2026-03-06 07:32:00,1.04,1.57,-0.72,56.37,-21.02,2.02,20.36,371.9,28701
2026-03-06 07:33:00,0.63,1.37,-0.48,65.34,-17.74,1.58,23.66,375.7,40395
2026-03-06 07:34:00,0.62,1.49,-0.38,67.28,-13.20,1.66,25.01,376.6,40313
2026-03-06 07:35:00,0.57,1.41,-0.36,68.14,-13.38,1.56,21.45,373.7,30521
2026-03-06 07:36:00,0.36,1.37,-0.31,75.24,-12.44,1.45,20.17,371.2,29206
2026-03-06 07:37:00,0.08,0.99,-0.32,85.12,-17.80,1.04,21.22,373.1,31545
2026-03-06 07:38:00,0.21,1.15,-0.47,79.79,-21.96,1.26,17.11,370.8,28915
2026-03-06 07:39:00,0.18,0.92,-0.31,79.00,-18.58,0.99,10.59,361.3,14954
2026-03-06 07:40:00,0.11,1.83,-0.51,86.55,-15.45,1.90,15.01,369.7,25167
2026-03-06 07:41:00,0.20,2.66,-0.84,85.74,-17.49,2.79,21.86,375.9,37458
2026-03-06 07:42:00,-0.02,2.73,-0.89,90.51,-18.03,2.87,22.67,374.3,37824
2026-03-06 07:43:00,0.11,2.86,-0.74,87.73,-14.52,2.96,19.86,370.4,29431
2026-03-06 07:44:00,-0.05,2.63,-0.80,91.00,-17.00,2.75,19.90,370.1,28960
2026-03-06 07:45:00,-0.14,2.76,-0.71,92.87,-14.37,2.85,21.39,371.8,32449
2026-03-06 07:46:00,-0.28,2.75,-0.61,95.84,-12.37,2.83,16.01,366.6,24416
2026-03-06 07:47:00,-0.15,3.13,-0.58,92.79,-10.49,3.19,9.82,360.0,17885
2026-03-06 07:48:00,-0.21,2.97,-0.49,94.07,-9.25,3.02,20.54,369.6,28979
2026-03-06 07:49:00,-0.53,2.92,-0.28,100.24,-5.40,2.98,23.57,373.4,37357
2026-03-06 07:50:00,-0.41,2.61,-0.21,98.82,-4.61,2.65,22.32,371.2,20972
2026-03-06 07:51:00,0.26,2.42,-0.45,83.84,-10.60,2.47,22.00,361.4,13052
2026-03-06 07:52:00,0.74,1.77,-0.61,67.17,-17.67,2.01,16.34,372.5,27540
2026-03-06 07:53:00,0.86,1.69,-0.66,63.02,-19.18,2.01,22.34,376.4,39612
2026-03-06 07:54:00,-0.47,2.94,-0.44,99.07,-8.33,3.01,12.98,366.3,16393
2026-03-06 07:55:00,-0.81,3.05,-0.35,104.85,-6.39,3.18,16.03,370.1,34039
2026-03-06 07:56:00,-1.12,2.96,-0.13,110.72,-2.36,3.17,14.33,368.5,29994
2026-03-06 07:57:00,-0.96,2.88,-0.09,108.50,-1.66,3.04,12.17,366.3,25571
2026-03-06 07:58:00,-0.26,1.99,-0.24,97.50,-6.84,2.02,11.60,365.7,25066
2026-03-06 07:59:00,-0.81,1.57,-0.04,117.32,-1.19,1.76,7.88,364.5,17606
2026-03-06 08:00:00,-1.38,2.34,0.05,120.52,1.14,2.72,10.43,367.0,24596
2026-03-06 08:01:00,-1.45,2.68,-0.20,118.45,-3.76,3.05,13.34,370.3,34393
2026-03-06 08:02:00,-1.91,2.48,-0.58,127.57,-10.52,3.18,13.03,369.5,34011
2026-03-06 08:03:00,-1.82,1.97,-0.40,132.60,-8.53,2.71,12.81,366.9,29163
2026-03-06 08:04:00,-1.92,1.91,-0.30,135.10,-6.27,2.73,13.21,368.0,32375
2026-03-06 08:05:00,-2.16,2.36,-0.41,132.46,-7.38,3.22,10.28,363.6,28620
2026-03-06 08:06:00,-2.02,2.35,-0.43,130.61,-7.84,3.13,5.77,355.3,18543
2026-03-06 08:07:00,-2.10,2.32,-0.32,132.19,-5.81,3.15,14.67,372.2,45693
2026-03-06 08:08:00,-2.25,2.19,-0.30,135.82,-5.51,3.15,13.08,367.7,29172
2026-03-06 08:09:00,-2.09,2.08,-0.28,135.19,-5.48,2.96,14.51,368.6,34163
2026-03-06 08:10:00,-2.20,2.08,-0.32,136.62,-5.96,3.04,13.13,369.2,32609
2026-03-06 08:11:00,-2.10,2.31,-0.41,132.31,-7.51,3.15,12.59,366.6,26995
2026-03-06 08:12:00,-2.17,2.42,-0.56,131.81,-9.81,3.30,12.93,366.9,27573
2026-03-06 08:13:00,-2.01,2.23,-0.93,132.04,-17.09,3.15,8.29,358.3,19635
2026-03-06 08:14:00,-2.15,2.17,-0.82,134.77,-14.96,3.16,11.06,365.5,30572
2026-03-06 08:15:00,-1.54,1.98,-0.63,127.96,-14.18,2.58,15.17,373.4,42118
2026-03-06 08:16:00,-0.44,2.25,-0.53,101.10,-13.06,2.36,14.28,371.4,36475
2026-03-06 08:17:00,-2.07,2.41,-0.64,130.58,-11.36,3.24,11.04,365.1,23173
2026-03-06 08:18:00,-1.88,2.83,-0.53,123.60,-8.88,3.44,11.15,363.6,23147
2026-03-06 08:19:00,-1.90,2.87,-0.55,123.57,-9.01,3.48,15.46,371.4,37520
2026-03-06 08:20:00,-2.01,2.89,-0.45,124.75,-7.27,3.55,12.54,366.3,29075
2026-03-06 08:21:00,-1.97,2.89,-0.29,124.24,-4.73,3.50,8.14,359.6,20369
2026-03-06 08:22:00,-1.70,2.88,-0.01,120.54,-0.22,3.34,16.35,371.7,39425
2026-03-06 08:23:00,-1.00,3.02,-0.81,108.41,-14.27,3.28,13.59,367.7,29257
2026-03-06 08:24:00,-1.36,3.15,-0.42,113.34,-7.04,3.46,18.95,366.2,22608
2026-03-06 08:25:00,-1.63,3.13,0.47,117.52,7.60,3.56,6.42,355.2,15534
2026-03-06 08:26:00,-1.32,3.19,-0.25,112.47,-4.08,3.46,13.59,369.5,39145
2026-03-06 08:27:00,-1.22,2.86,-0.99,113.17,-17.60,3.26,13.71,369.0,31703
2026-03-06 08:28:00,-0.89,2.74,-1.41,108.06,-26.09,3.21,16.92,366.2,22924
2026-03-06 08:29:00,-1.23,3.41,-0.41,109.79,-6.47,3.65,18.54,366.7,23311
2026-03-06 08:30:00,-1.16,3.65,-0.04,107.57,-0.57,3.83,14.98,367.5,28708
2026-03-06 08:31:00,-1.20,3.59,-0.16,108.50,-2.41,3.79,12.48,367.7,31451
2026-03-06 08:32:00,-1.29,3.57,0.00,109.89,0.01,3.79,13.34,366.1,26750
2026-03-06 08:33:00,-1.17,3.39,-0.28,109.10,-4.44,3.60,13.95,368.6,31621
2026-03-06 08:34:00,-1.09,3.39,-0.23,107.85,-3.68,3.57,14.35,371.0,35250
2026-03-06 08:35:00,-1.13,3.53,-0.01,107.83,-0.12,3.71,14.47,367.8,26641
2026-03-06 08:36:00,-1.16,3.52,0.29,108.27,4.44,3.72,16.77,365.9,24400
2026-03-06 08:37:00,-1.11,3.64,0.69,106.92,10.20,3.87,13.74,367.7,28016
2026-03-06 08:38:00,-1.17,3.49,0.86,108.51,13.08,3.78,17.04,364.3,20339
2026-03-06 08:39:00,-1.11,3.43,0.93,107.90,14.46,3.72,10.94,364.6,23144
2026-03-06 08:40:00,-1.10,3.43,1.10,107.84,17.00,3.76,12.09,364.4,26540
2026-03-06 08:41:00,-1.19,3.43,1.21,109.10,18.42,3.83,13.10,370.3,37786
2026-03-06 08:42:00,-0.99,3.48,0.99,105.81,15.26,3.75,15.00,369.6,40342
2026-03-06 08:43:00,-0.90,3.28,1.40,105.39,22.35,3.68,11.52,364.0,28728
2026-03-06 08:44:00,-0.80,3.27,1.59,103.75,25.30,3.73,12.35,363.7,24581
2026-03-06 08:45:00,-0.81,3.27,1.81,103.98,28.25,3.83,12.40,365.2,27288
2026-03-06 08:46:00,-0.71,3.24,1.88,102.38,29.53,3.82,14.77,364.3,29323
2026-03-06 08:47:00,-0.42,3.14,2.16,97.68,34.33,3.84,10.36,357.3,19740
2026-03-06 08:48:00,-0.80,3.26,2.24,103.79,33.78,4.03,8.11,356.9,17416
2026-03-06 08:49:00,-0.92,3.68,1.76,103.97,24.91,4.18,12.64,364.6,28870
2026-03-06 08:50:00,-0.97,3.26,2.03,106.52,30.78,3.96,15.48,366.5,31514
2026-03-06 08:51:00,-1.18,2.96,2.38,111.77,36.75,3.98,16.73,364.2,24331
2026-03-06 08:52:00,-1.27,2.28,2.59,119.02,44.82,3.68,12.68,365.7,27907
2026-03-06 08:53:00,-1.47,1.44,3.01,135.60,55.66,3.65,15.08,368.0,38775
2026-03-06 08:54:00,-1.47,0.96,2.18,146.85,51.18,2.79,12.20,364.8,27982
2026-03-06 08:55:00,-0.27,0.66,1.65,112.00,66.74,1.79,9.56,359.4,17197
2026-03-06 08:56:00,0.28,0.31,1.30,48.59,72.27,1.37,12.63,366.4,29215
2026-03-06 08:57:00,1.01,0.58,0.88,30.02,36.90,1.46,22.18,373.0,59741
2026-03-06 08:58:00,-0.09,0.08,1.45,137.37,85.11,1.45,14.53,368.9,25161
2026-03-06 08:59:00,-0.42,-0.10,1.50,192.97,73.97,1.56,89.06,357.7,19506
2026-03-06 09:00:00,-0.88,-0.18,0.96,191.79,46.79,1.32,37.86,362.8,28991
2026-03-06 09:01:00,-0.68,-0.29,1.08,203.17,55.54,1.31,16.39,371.2,57698
2026-03-06 09:02:00,-0.57,-0.24,1.29,203.00,64.46,1.43,14.90,367.8,38449
2026-03-06 09:03:00,-0.45,-0.25,1.46,209.41,70.51,1.55,13.71,366.4,31765
2026-03-06 09:04:00,-0.41,-0.27,1.59,213.06,72.84,1.66,14.71,369.0,45518
2026-03-06 09:05:00,-0.50,-0.33,1.40,213.74,66.80,1.53,9.12,359.8,23078
2026-03-06 09:06:00,-0.30,-0.84,1.44,250.42,58.15,1.69,9.93,358.1,19230
2026-03-06 09:07:00,-0.34,-0.91,1.05,249.58,47.20,1.43,12.40,359.3,23099
2026-03-06 09:08:00,-0.38,-1.04,1.18,249.69,46.83,1.62,14.91,370.7,52324
2026-03-06 09:09:00,-0.28,-1.24,1.23,257.38,44.02,1.77,15.19,368.0,40407
2026-03-06 09:10:00,-0.21,-1.14,1.23,259.54,46.79,1.69,13.10,365.1,29465
2026-03-06 09:11:00,-0.10,-1.27,1.11,265.42,41.14,1.69,13.20,362.4,23820
2026-03-06 09:12:00,-0.15,-1.19,0.91,262.90,37.28,1.50,12.68,364.5,26401
2026-03-06 09:13:00,-0.15,-1.33,1.10,263.48,39.39,1.74,16.12,363.3,30382
2026-03-06 09:14:00,-0.20,-1.15,1.05,260.28,42.21,1.57,7.12,353.4,14178
2026-03-06 09:15:00,0.20,-2.13,1.39,275.28,33.12,2.55,21.50,369.4,44033
2026-03-06 09:16:00,0.28,-2.25,1.35,277.03,30.74,2.64,20.63,367.6,31710
2026-03-06 09:17:00,0.37,-2.40,1.29,278.88,27.99,2.75,19.83,366.1,26559
2026-03-06 09:18:00,0.46,-2.51,1.22,280.38,25.54,2.83,18.62,365.0,24303
2026-03-06 09:19:00,0.35,-2.54,0.99,277.88,21.01,2.75,18.35,365.4,26508
2026-03-06 09:20:00,0.41,-2.67,0.92,278.72,18.78,2.86,18.57,366.3,27725
2026-03-06 09:21:00,0.82,-2.84,1.33,286.14,24.21,3.24,13.15,360.8,20294
2026-03-06 09:22:00,0.70,-2.98,1.39,283.22,24.37,3.36,10.82,358.4,21240
2026-03-06 09:23:00,0.75,-3.05,1.30,283.72,22.53,3.40,20.84,368.4,36831
2026-03-06 09:24:00,0.74,-3.12,1.08,283.33,18.61,3.38,20.92,367.7,36313
2026-03-06 09:25:00,0.95,-2.93,1.11,287.97,19.78,3.27,16.61,363.0,25462
2026-03-06 09:26:00,1.17,-2.88,1.10,292.02,19.46,3.30,7.29,352.7,15527
2026-03-06 09:27:00,1.08,-2.89,0.85,290.53,15.44,3.20,20.10,367.1,37061
2026-03-06 09:28:00,0.97,-2.90,0.87,288.39,15.90,3.18,17.36,362.1,25124
2026-03-06 09:29:00,0.82,-2.88,0.83,285.90,15.52,3.11,7.45,356.1,19228
2026-03-06 09:30:00,0.76,-2.79,0.73,285.13,14.17,2.98,20.27,369.1,48182
2026-03-06 09:31:00,0.76,-2.82,0.77,285.15,14.86,3.02,19.06,365.3,33448
2026-03-06 09:32:00,0.64,-2.82,0.77,282.75,14.88,2.99,16.55,363.5,25857
2026-03-06 09:33:00,0.42,-2.71,0.94,278.83,18.88,2.90,10.79,352.3,24847
2026-03-06 09:34:00,0.22,-2.68,1.27,274.77,25.29,2.98,15.15,361.3,58063
2026-03-06 09:35:00,0.12,-2.75,1.21,272.53,23.67,3.01,20.15,369.8,47452
2026-03-06 09:36:00,0.59,-2.63,0.46,282.68,9.72,2.73,19.44,366.6,32088
2026-03-06 09:37:00,0.70,-2.69,0.51,284.53,10.45,2.82,18.24,364.0,25140
2026-03-06 09:38:00,0.68,-2.78,0.59,283.68,11.67,2.92,13.58,360.0,20440
2026-03-06 09:39:00,0.79,-2.66,0.57,286.51,11.58,2.83,14.91,362.8,26446
2026-03-06 09:40:00,0.74,-2.80,0.70,284.78,13.53,2.98,16.03,367.2,37881
2026-03-06 09:41:00,0.58,-2.74,0.71,281.98,14.29,2.90,7.88,355.4,20896
2026-03-06 09:42:00,0.30,-2.78,0.44,276.11,8.99,2.83,20.49,368.2,42237
2026-03-06 09:43:00,0.25,-2.80,0.36,275.10,7.22,2.83,19.49,368.4,37574
2026-03-06 09:44:00,0.39,-2.65,0.58,278.39,12.31,2.74,17.88,362.1,24979
2026-03-06 09:45:00,0.41,-2.41,0.70,279.78,16.06,2.54,17.03,362.7,22410
2026-03-06 09:46:00,0.54,-2.73,0.43,281.10,8.79,2.81,18.98,364.2,29439
2026-03-06 09:47:00,0.34,-2.61,0.70,277.37,14.87,2.72,16.50,362.5,25510
2026-03-06 09:48:00,0.43,-2.94,0.18,278.26,3.54,2.98,16.14,364.2,23232
2026-03-06 09:49:00,0.54,-2.86,0.35,280.76,6.85,2.93,19.08,367.1,32556
2026-03-06 09:50:00,0.45,-2.77,0.23,279.23,4.67,2.81,20.42,368.0,39310
2026-03-06 09:51:00,0.57,-2.78,0.14,281.63,2.74,2.84,19.12,366.4,34328
2026-03-06 09:52:00,0.71,-2.84,0.05,284.06,1.04,2.93,17.10,365.1,27088
2026-03-06 09:53:00,0.71,-2.90,0.10,283.69,1.97,2.99,17.81,366.7,29947
2026-03-06 09:54:00,0.64,-2.90,0.16,282.41,3.15,2.98,20.54,368.6,37545
2026-03-06 09:55:00,0.55,-2.89,0.20,280.72,3.89,2.95,17.07,364.8,32688
2026-03-06 09:56:00,0.44,-2.86,0.13,278.75,2.64,2.90,9.35,356.4,19405
2026-03-06 09:57:00,0.57,-2.69,0.13,281.92,2.79,2.75,17.99,361.5,25837
2026-03-06 09:58:00,-0.38,-2.57,-0.15,261.66,-3.28,2.60,16.82,360.9,26196
2026-03-06 09:59:00,-0.58,-2.20,-0.21,255.24,-5.26,2.29,13.53,362.1,33398
2026-03-06 10:00:00,0.00,-2.74,-0.31,270.03,-6.53,2.76,17.62,360.3,24965
2026-03-06 10:01:00,0.62,-3.14,0.14,281.13,2.60,3.20,15.08,371.3,51687
2026-03-06 10:03:00,1.33,-2.18,0.71,301.31,15.44,2.65,18.99,363.2,28071
2026-03-06 10:04:00,1.33,-2.13,0.66,301.90,14.64,2.59,20.58,365.9,34977
2026-03-06 10:05:00,1.31,-2.19,0.49,300.88,10.88,2.59,20.08,364.9,33577
2026-03-06 10:06:00,1.12,-2.66,0.10,292.77,2.03,2.89,16.66,362.0,27262
2026-03-06 10:07:00,1.02,-2.72,0.01,290.56,0.15,2.91,16.58,361.4,23864
2026-03-06 10:08:00,1.04,-2.77,-0.11,290.58,-2.12,2.96,16.16,367.1,41048
2026-03-06 10:09:00,0.81,-2.61,-0.73,287.28,-15.02,2.83,14.98,372.8,59102
2026-03-06 10:10:00,0.74,-2.33,-0.56,287.58,-12.92,2.51,16.63,372.3,55524
2026-03-06 10:11:00,1.05,-2.11,-0.29,296.47,-6.93,2.38,17.67,359.9,26502
2026-03-06 10:12:00,1.05,-1.86,-0.42,299.33,-11.15,2.17,18.30,360.5,28556
2026-03-06 10:13:00,0.94,-2.03,-0.35,294.91,-9.01,2.26,19.97,362.6,35109
2026-03-06 10:14:00,0.97,-2.33,-0.19,292.57,-4.20,2.53,13.87,357.8,23529
2026-03-06 10:15:00,1.05,-3.08,-0.39,288.80,-6.80,3.28,6.23,349.5,12951
2026-03-06 10:16:00,0.93,-2.90,-0.55,287.76,-10.29,3.09,13.97,361.9,26341
2026-03-06 10:17:00,1.03,-2.76,-0.82,290.56,-15.62,3.06,20.49,364.6,32534
2026-03-06 10:18:00,1.03,-2.81,-0.86,290.22,-15.99,3.11,18.08,361.9,29659
2026-03-06 10:19:00,0.97,-2.84,-0.89,288.86,-16.50,3.13,17.57,361.0,26372
2026-03-06 10:20:00,0.45,-2.45,-0.50,280.42,-11.26,2.54,16.61,360.2,23564
2026-03-06 10:21:00,0.26,-1.51,-0.29,279.77,-10.55,1.56,17.92,361.4,25517
2026-03-06 10:22:00,0.93,-0.81,-1.11,318.89,-42.15,1.66,11.89,355.2,25010
2026-03-06 10:23:00,1.34,-1.13,-0.95,319.88,-28.54,1.99,9.91,356.0,29721
2026-03-06 10:24:00,1.56,-1.00,-1.05,327.35,-29.53,2.12,13.88,361.1,35926
2026-03-06 10:25:00,1.41,-1.36,-0.59,316.07,-16.89,2.05,16.56,361.4,36589
2026-03-06 10:26:00,1.07,-1.34,-0.54,308.60,-17.49,1.79,13.85,356.4,30951
2026-03-06 10:27:00,0.78,-1.21,-0.54,302.64,-20.64,1.54,8.00,350.5,24293
2026-03-06 10:28:00,1.25,-1.51,-0.68,309.62,-19.26,2.07,13.56,360.8,34485
2026-03-06 10:29:00,1.25,-0.74,-0.88,329.25,-31.17,1.70,16.02,363.1,37979
2026-03-06 10:30:00,1.20,-1.17,-0.51,315.64,-16.76,1.75,9.37,354.0,26062
2026-03-06 10:31:00,1.46,-1.48,-0.76,314.64,-20.02,2.22,13.52,366.8,50916
2026-03-06 10:32:00,1.26,-1.73,-0.50,306.00,-13.24,2.20,15.79,361.8,34868
2026-03-06 10:33:00,2.14,-3.04,-0.81,305.16,-12.28,3.81,13.55,360.8,32626
2026-03-06 10:34:00,2.80,-3.49,-1.44,308.73,-17.84,4.70,9.74,352.2,20554
2026-03-06 10:35:00,3.13,-3.92,-1.45,308.57,-16.13,5.22,10.70,363.0,55364
2026-03-06 10:36:00,2.82,-3.85,-1.46,306.23,-16.98,4.99,12.54,360.8,45671
2026-03-06 10:37:00,2.94,-3.94,-1.66,306.73,-18.67,5.19,13.04,358.5,42040
2026-03-06 10:38:00,3.37,-3.91,-1.64,310.76,-17.63,5.42,12.38,357.5,36519
2026-03-06 10:39:00,3.40,-3.80,-1.82,311.82,-19.65,5.41,11.36,357.2,33235
2026-03-06 10:40:00,2.88,-3.45,-1.68,309.88,-20.50,4.79,10.81,359.4,34752
2026-03-06 10:41:00,2.43,-3.93,-0.46,301.74,-5.62,4.64,9.18,355.0,27177
2026-03-06 10:42:00,2.52,-3.90,-0.51,302.91,-6.28,4.67,9.25,352.2,40447
2026-03-06 10:43:00,2.64,-3.31,-1.05,308.59,-13.94,4.36,14.18,366.6,90495
2026-03-06 10:44:00,2.71,-3.19,-1.26,310.31,-16.72,4.37,9.73,354.8,43782
2026-03-06 10:45:00,2.88,-3.63,-1.02,308.41,-12.47,4.74,9.84,354.6,41353
2026-03-06 10:46:00,3.06,-3.68,-1.01,309.70,-11.97,4.89,10.42,353.2,25914
2026-03-06 10:47:00,2.99,-3.72,-1.13,308.76,-13.29,4.90,8.49,348.5,30849
2026-03-06 10:48:00,2.99,-3.99,-1.25,306.87,-14.13,5.14,8.11,351.6,33487
2026-03-06 10:49:00,2.64,-3.95,-0.84,303.72,-10.04,4.83,6.94,344.3,21986
2026-03-06 10:50:00,2.73,-3.80,-0.97,305.72,-11.66,4.78,9.67,352.6,43150
2026-03-06 10:51:00,2.92,-3.72,-1.11,308.11,-13.20,4.85,9.08,351.2,37954
2026-03-06 10:52:00,2.89,-3.85,-0.80,306.91,-9.44,4.88,9.58,351.5,36890
2026-03-06 10:53:00,3.02,-3.71,-1.43,309.18,-16.66,5.00,8.56,350.4,33415
2026-03-06 10:54:00,3.21,-3.57,-1.90,311.99,-21.65,5.16,10.70,355.4,52332
2026-03-06 10:55:00,3.27,-3.43,-2.04,313.62,-23.28,5.16,10.21,356.0,52213
2026-03-06 10:56:00,2.75,-3.39,-2.61,309.02,-30.88,5.08,8.33,352.0,31837
2026-03-06 10:57:00,3.29,-3.35,-2.50,314.51,-28.05,5.32,12.81,355.7,29838
2026-03-06 10:58:00,3.34,-3.33,-2.49,315.08,-27.81,5.33,16.44,361.8,35931
2026-03-06 10:59:00,3.21,-3.11,-2.59,315.90,-30.12,5.16,10.14,357.3,29990
2026-03-06 11:00:00,3.37,-3.02,-2.51,318.15,-28.98,5.17,8.11,352.9,36571
2026-03-06 11:01:00,3.54,-2.79,-2.46,321.82,-28.61,5.14,8.15,350.9,24980
2026-03-06 11:02:00,2.58,-3.51,-2.43,306.37,-29.12,4.99,9.14,352.3,42941
2026-03-06 11:03:00,2.36,-3.96,-1.79,300.79,-21.21,4.94,12.80,359.1,67840
2026-03-06 11:04:00,2.46,-3.88,-2.10,302.33,-24.62,5.05,8.29,351.5,33687
2026-03-06 11:05:00,2.96,-3.39,-2.61,311.12,-30.11,5.21,8.34,351.1,30410
2026-03-06 11:06:00,2.97,-3.96,-1.56,306.91,-17.46,5.19,8.11,352.9,37659
2026-03-06 11:07:00,3.18,-4.03,-1.19,308.27,-13.05,5.27,7.32,355.1,41011
2026-03-06 11:08:00,3.40,-3.86,-1.34,311.38,-14.63,5.31,7.73,349.0,27236
2026-03-06 11:09:00,3.51,-3.48,-1.63,315.19,-18.25,5.21,8.05,354.4,47425
2026-03-06 11:10:00,3.39,-3.37,-1.88,315.12,-21.43,5.14,7.91,357.9,51852
2026-03-06 11:11:00,2.95,-4.03,-1.98,306.24,-21.63,5.37,7.76,356.6,40270
2026-03-06 11:12:00,3.25,-3.55,-1.96,312.46,-22.10,5.20,7.68,356.1,38015
2026-03-06 11:13:00,3.45,-3.66,-1.95,313.31,-21.19,5.40,7.89,357.0,40897
2026-03-06 11:14:00,3.48,-3.41,-1.94,315.58,-21.71,5.24,7.88,356.7,39856
2026-03-06 11:15:00,3.28,-3.67,-2.58,311.75,-27.61,5.56,7.36,355.6,39349
2026-03-06 11:16:00,3.10,-3.71,-2.74,309.87,-29.52,5.56,8.32,356.2,38656
2026-03-06 11:17:00,3.13,-3.66,-2.37,310.57,-26.23,5.37,12.42,372.6,121260
2026-03-06 11:18:00,3.12,-3.70,-2.29,310.17,-25.35,5.35,12.21,371.7,116215
2026-03-06 11:19:00,3.25,-3.62,-2.33,311.94,-25.55,5.39,9.17,359.1,45575
2026-03-06 11:20:00,3.25,-3.50,-2.35,312.86,-26.21,5.33,8.76,357.9,53571
2026-03-06 11:21:00,3.27,-3.50,-2.20,313.05,-24.70,5.27,8.73,360.2,55027
2026-03-06 11:22:00,3.23,-3.44,-2.30,313.19,-26.01,5.26,8.18,358.5,49849
2026-03-06 11:23:00,3.46,-3.46,-2.45,314.96,-26.59,5.47,8.43,354.8,25175
2026-03-06 11:24:00,3.42,-3.79,-2.44,312.06,-25.54,5.66,8.63,356.9,47498
2026-03-06 11:25:00,3.52,-3.87,-2.21,312.30,-22.87,5.68,8.53,356.4,47094
2026-03-06 11:26:00,3.62,-3.70,-2.34,314.37,-24.37,5.68,9.65,359.6,59859
2026-03-06 11:27:00,3.67,-3.48,-2.34,316.54,-24.84,5.57,9.27,358.9,57343
2026-03-06 11:28:00,3.44,-3.57,-2.67,313.92,-28.26,5.63,8.21,356.6,47313
2026-03-06 11:29:00,3.31,-3.76,-2.91,311.40,-30.19,5.79,10.18,359.8,54573
2026-03-06 11:30:00,3.42,-3.78,-2.85,312.17,-29.24,5.84,11.81,361.7,47458
2026-03-06 11:31:00,3.36,-3.63,-2.80,312.85,-29.54,5.69,8.94,357.9,26634
2026-03-06 11:32:00,3.43,-3.40,-2.88,315.23,-30.81,5.62,8.61,357.5,44347
2026-03-06 11:33:00,3.51,-3.12,-2.92,318.42,-31.90,5.53,8.47,358.1,51391
2026-03-06 11:34:00,3.47,-3.06,-2.83,318.60,-31.51,5.42,7.73,358.7,49334
2026-03-06 11:35:00,3.73,-2.67,-2.73,324.42,-30.78,5.34,4.89,347.2,15832
2026-03-06 11:36:00,3.86,-2.24,-2.75,329.87,-31.66,5.24,8.33,355.4,47399
2026-03-06 11:37:00,4.00,-0.91,-3.16,347.18,-37.61,5.18,18.94,365.5,47440
2026-03-06 11:38:00,3.91,-0.90,-2.87,347.02,-35.59,4.93,11.08,363.5,71566
2026-03-06 11:39:00,3.69,-0.46,-2.74,352.95,-36.42,4.62,9.05,359.3,65990
2026-03-06 11:40:00,3.42,-0.63,-2.63,349.61,-37.10,4.36,8.44,355.2,55055
2026-03-06 11:41:00,3.46,-0.68,-2.54,348.91,-35.77,4.35,7.79,354.2,57174
2026-03-06 11:42:00,3.33,-0.76,-2.61,347.20,-37.42,4.30,5.65,346.3,33543
2026-03-06 11:43:00,3.22,-1.37,-2.68,336.98,-37.45,4.41,6.23,347.2,33281
2026-03-06 11:44:00,3.81,-0.23,-2.85,356.57,-36.76,4.77,8.99,358.1,72115
2026-03-06 11:45:00,3.86,-0.90,-2.79,346.87,-35.15,4.85,9.30,360.0,80025
2026-03-06 11:46:00,3.65,-0.86,-2.94,346.74,-38.03,4.76,8.42,355.1,44270
2026-03-06 11:47:00,3.97,-1.19,-2.46,343.31,-30.68,4.82,9.24,357.1,37336
2026-03-06 11:48:00,3.92,-1.18,-2.79,343.28,-34.22,4.96,8.10,354.7,56735
2026-03-06 11:49:00,4.11,-0.89,-2.54,347.81,-31.15,4.91,8.37,356.1,58606
2026-03-06 11:50:00,4.20,-0.76,-2.43,349.79,-29.67,4.91,10.48,351.7,41043
2026-03-06 11:51:00,4.20,-0.76,-2.25,349.78,-27.82,4.82,10.48,351.7,41043
2026-03-06 11:52:00,4.28,-0.71,-2.18,350.61,-26.70,4.85,7.78,354.5,52416
2026-03-06 11:53:00,4.30,-0.56,-2.25,352.60,-27.44,4.89,7.45,353.6,50709
2026-03-06 11:54:00,4.41,-0.52,-2.09,353.31,-25.20,4.90,8.12,355.2,58895
2026-03-06 11:55:00,4.38,-0.07,-2.05,359.11,-25.05,4.84,7.81,355.5,54928
2026-03-06 11:56:00,4.36,-0.42,-2.15,354.48,-26.15,4.88,6.99,353.7,44417
2026-03-06 11:57:00,3.92,-0.41,-2.16,353.97,-28.74,4.50,5.67,345.1,27933
2026-03-06 11:58:00,3.82,-0.50,-1.98,352.50,-27.16,4.33,10.52,357.3,65356
2026-03-06 11:59:00,3.17,-0.95,-2.89,343.37,-41.19,4.39,11.73,364.4,79121
2026-03-06 12:00:00,3.03,-1.06,-2.99,340.69,-42.92,4.39,9.17,360.3,61386
2026-03-06 12:01:00,3.02,-1.06,-3.00,340.73,-43.17,4.39,7.32,352.1,39031
2026-03-06 12:02:00,3.15,-1.06,-3.08,341.40,-42.86,4.53,6.20,347.5,39136
2026-03-06 12:03:00,3.35,-1.11,-3.45,341.68,-44.38,4.93,8.03,358.4,82246
2026-03-06 12:04:00,3.24,-0.95,-3.71,343.62,-47.76,5.02,8.43,356.8,52964
2026-03-06 12:05:00,3.06,-0.80,-3.89,345.40,-50.93,5.02,8.65,356.7,48489
2026-03-06 12:06:00,2.70,-1.17,-3.90,336.51,-52.93,4.88,9.25,361.4,61290
2026-03-06 12:07:00,2.23,-0.75,-4.10,341.41,-60.16,4.73,8.40,359.2,51381
2026-03-06 12:08:00,1.75,-2.14,-3.66,309.20,-52.91,4.59,7.70,361.3,42437
2026-03-06 12:09:00,1.84,-2.06,-3.68,311.72,-53.16,4.60,4.51,344.8,13597
2026-03-06 12:10:00,2.11,-1.23,-3.67,329.78,-56.34,4.41,13.44,368.8,77704
2026-03-06 12:11:00,2.40,-0.96,-3.54,338.19,-53.83,4.38,11.67,367.2,67566
2026-03-06 12:12:00,1.91,-2.63,-3.66,305.93,-48.38,4.90,8.89,360.7,46619
2026-03-06 12:13:00,2.03,-2.87,-3.55,305.29,-45.27,4.99,8.20,359.1,43908
2026-03-06 12:14:00,2.39,-2.93,-3.68,309.13,-44.23,5.28,7.47,355.0,32044
2026-03-06 12:15:00,2.22,-3.43,-3.62,302.88,-41.55,5.46,7.66,355.6,45515
2026-03-06 12:16:00,1.68,-3.86,-3.22,293.53,-37.41,5.30,5.95,352.0,41173
2026-03-06 12:17:00,1.49,-3.14,-3.06,295.45,-41.31,4.63,7.21,354.1,43249
2026-03-06 12:18:00,1.96,-2.08,-3.42,313.28,-50.12,4.46,12.13,366.9,75594
2026-03-06 12:19:00,2.09,-1.67,-3.42,321.32,-52.00,4.34,9.88,361.6,50112
2026-03-06 12:20:00,2.00,-1.27,-3.98,327.57,-59.21,4.63,9.04,357.7,45423
2026-03-06 12:21:00,1.68,-1.35,-3.89,321.33,-61.02,4.45,9.57,357.0,45522
2026-03-06 12:22:00,1.73,-1.76,-4.27,314.51,-59.96,4.93,8.33,353.9,35251
2026-03-06 12:24:00,1.62,-1.20,-4.07,323.59,-63.59,4.54,8.54,355.8,38865
2026-03-06 12:25:00,1.93,-1.02,-3.76,332.14,-59.89,4.35,9.04,357.9,40659
2026-03-06 12:26:00,2.31,-1.55,-3.47,326.09,-51.23,4.45,9.13,356.5,41342
2026-03-06 12:27:00,2.93,-1.16,-2.88,338.43,-42.42,4.27,11.41,355.3,33797
2026-03-06 12:28:00,2.65,-1.26,-3.02,334.61,-45.87,4.21,11.23,355.8,39819
2026-03-06 12:29:00,1.96,-0.33,-3.95,350.41,-63.29,4.43,10.50,360.3,52395
2026-03-06 12:30:00,2.44,-0.81,-3.54,341.71,-54.01,4.38,10.14,363.0,57627
2026-03-06 12:31:00,2.69,-1.75,-3.11,326.92,-44.12,4.47,10.82,359.1,43513
2026-03-06 12:32:00,2.71,-1.98,-3.02,323.88,-42.03,4.52,10.25,356.5,38285
2026-03-06 12:33:00,2.80,-2.00,-3.18,324.45,-42.75,4.69,8.48,356.7,43825
2026-03-06 12:34:00,3.16,-2.08,-3.08,326.66,-39.10,4.88,7.59,354.8,40091
2026-03-06 12:35:00,2.93,-2.17,-3.18,323.49,-41.10,4.84,7.13,354.4,40426
2026-03-06 12:36:00,2.71,-2.22,-3.24,320.66,-42.80,4.77,8.04,354.9,43366
2026-03-06 12:37:00,2.83,-2.33,-3.27,320.54,-41.75,4.91,8.68,360.0,66901
2026-03-06 12:38:00,2.39,-2.03,-3.59,319.65,-48.95,4.77,10.10,362.4,85311
2026-03-06 12:39:00,2.65,-2.20,-3.62,320.34,-46.42,4.99,7.91,349.1,38465
2026-03-06 12:40:00,2.79,-2.51,-3.42,318.03,-42.34,5.08,7.54,350.9,35007
2026-03-06 12:41:00,2.65,-2.38,-3.42,318.11,-43.79,4.94,7.47,349.3,33391
2026-03-06 12:42:00,2.74,-2.53,-3.37,317.31,-42.11,5.03,6.76,350.0,25973
2026-03-06 12:43:00,2.25,-2.60,-3.66,310.85,-46.81,5.02,4.39,340.5,15296
2026-03-06 12:44:00,2.43,-2.57,-3.46,313.39,-44.38,4.95,3.83,338.1,12908
2026-03-06 12:45:00,2.62,-2.35,-3.40,318.09,-44.00,4.90,12.20,361.3,89228
2026-03-06 12:46:00,3.09,-2.01,-3.42,326.93,-42.91,5.03,12.02,359.9,83360
2026-03-06 12:47:00,3.20,-1.47,-3.27,335.35,-42.85,4.80,9.88,355.4,63792
2026-03-06 12:48:00,3.21,-0.90,-3.24,344.39,-44.24,4.65,7.91,352.6,52039
2026-03-06 12:49:00,2.22,-2.12,-3.74,316.27,-50.61,4.84,7.59,353.3,55348
2026-03-06 12:50:00,2.26,-1.86,-3.92,320.53,-53.22,4.90,6.33,349.3,42485
2026-03-06 12:51:00,2.26,-1.92,-3.97,319.64,-53.28,4.96,5.21,344.7,22281
2026-03-06 12:52:00,2.23,-1.79,-4.00,321.27,-54.44,4.92,8.37,355.6,48010
2026-03-06 12:53:00,2.28,-1.67,-3.98,323.71,-54.68,4.88,9.02,354.3,51772
2026-03-06 12:54:00,2.35,-1.69,-3.92,324.20,-53.56,4.88,8.09,348.0,34545
2026-03-06 12:55:00,2.41,-1.37,-3.93,330.37,-54.76,4.81,7.40,348.4,33164
2026-03-06 12:57:00,2.48,-2.12,-4.03,319.49,-50.97,5.18,8.80,354.4,59227
2026-03-06 12:58:00,2.45,-1.64,-4.24,326.23,-55.16,5.16,7.20,347.6,24133
2026-03-06 12:59:00,2.38,-1.52,-4.28,327.46,-56.52,5.13,7.39,347.8,28222
2026-03-06 13:00:00,2.29,-1.48,-4.36,327.19,-58.02,5.14,7.81,348.7,28828
2026-03-06 13:01:00,2.07,-1.28,-4.44,328.25,-61.29,5.06,8.26,352.4,47590
2026-03-06 13:02:00,1.91,-1.22,-4.45,327.56,-62.99,4.99,6.31,345.5,32015
2026-03-06 13:03:00,1.89,-1.24,-4.15,326.83,-61.39,4.72,7.04,345.1,25927
2026-03-06 13:04:00,1.82,-1.47,-3.96,321.11,-59.50,4.60,10.16,352.5,49074
2026-03-06 13:05:00,1.74,-1.43,-3.90,320.61,-59.94,4.51,10.15,352.2,53933
2026-03-06 13:06:00,1.94,-1.35,-3.80,325.07,-58.08,4.48,8.03,346.7,35465
2026-03-06 13:07:00,2.02,-1.55,-3.78,322.45,-56.01,4.55,8.05,345.3,31207
2026-03-06 13:08:00,1.94,-1.54,-3.77,321.54,-56.63,4.52,7.70,345.0,30706
2026-03-06 13:09:00,1.85,-1.58,-3.76,319.45,-57.05,4.48,6.90,344.5,25763
2026-03-06 13:10:00,1.90,-1.63,-3.67,319.39,-55.68,4.45,5.69,336.1,22122
2026-03-06 13:11:00,1.78,-1.70,-3.59,316.47,-55.55,4.35,8.63,348.9,51131
2026-03-06 13:12:00,1.55,-1.62,-3.62,313.83,-58.29,4.26,8.90,344.4,36477
2026-03-06 13:13:00,1.46,-1.43,-3.59,315.75,-60.33,4.13,8.15,348.1,36684
2026-03-06 13:14:00,1.41,-1.41,-3.74,315.01,-61.91,4.24,8.94,347.8,39239
2026-03-06 13:15:00,1.17,-2.07,-3.86,299.54,-58.32,4.53,7.90,347.0,35611
2026-03-06 13:16:00,1.25,-1.20,-3.78,316.04,-65.43,4.16,7.38,346.9,31014
2026-03-06 13:17:00,1.25,-1.24,-3.68,315.16,-64.38,4.08,6.23,340.0,20354
2026-03-06 13:18:00,1.15,-1.36,-3.62,310.10,-63.78,4.03,14.19,350.9,39534
2026-03-06 13:19:00,1.00,-1.20,-3.60,309.81,-66.51,3.93,14.54,355.5,43652
2026-03-06 13:20:00,1.26,-1.39,-3.65,312.19,-62.82,4.10,9.89,351.1,33340
2026-03-06 13:21:00,1.18,-1.41,-3.82,309.77,-64.26,4.24,8.88,349.0,37387
2026-03-06 13:22:00,1.35,-1.64,-3.53,309.44,-58.94,4.12,8.91,348.1,33709
2026-03-06 13:23:00,1.63,-2.30,-3.45,305.45,-50.78,4.46,8.74,346.0,26981
2026-03-06 13:24:00,1.45,-2.04,-3.59,305.36,-55.17,4.37,7.86,344.5,25596
2026-03-06 13:25:00,1.64,-1.75,-3.91,313.14,-58.48,4.58,6.96,341.9,14039
2026-03-06 13:26:00,1.64,-1.70,-3.87,313.90,-58.59,4.53,7.40,342.7,20533
2026-03-06 13:27:00,1.51,-1.48,-3.98,315.52,-62.10,4.51,8.71,347.6,30369
2026-03-06 13:28:00,1.70,-1.49,-3.56,318.81,-57.55,4.22,10.31,354.0,48764
2026-03-06 13:29:00,1.85,-1.48,-3.66,321.38,-57.03,4.36,10.31,354.0,48764
2026-03-06 13:30:00,1.86,-1.38,-3.93,323.44,-59.52,4.56,8.19,346.1,35035
2026-03-06 13:31:00,1.94,-1.53,-3.95,321.65,-58.01,4.66,7.94,345.8,25841
2026-03-06 13:32:00,1.92,-2.09,-3.64,312.58,-52.03,4.62,7.65,343.8,23056
2026-03-06 13:33:00,1.72,-1.42,-3.71,320.58,-58.99,4.33,7.43,343.4,28131
2026-03-06 13:34:00,1.96,-1.60,-3.90,320.69,-57.03,4.65,7.47,344.2,31539
2026-03-06 13:35:00,1.73,-1.49,-3.52,319.25,-57.04,4.20,6.97,345.8,30027
2026-03-06 13:36:00,1.68,-1.42,-3.32,319.68,-56.47,3.99,6.33,342.0,23037
2026-03-06 13:37:00,1.92,-2.03,-3.24,313.33,-49.24,4.28,6.82,341.8,33928
2026-03-06 13:38:00,2.01,-1.21,-3.63,329.06,-57.07,4.32,9.41,351.4,60389
2026-03-06 13:39:00,1.95,-1.53,-3.76,321.91,-56.62,4.51,10.95,351.9,56758
2026-03-06 13:40:00,2.19,-3.08,-2.95,305.42,-37.98,4.80,6.29,343.8,39403
2026-03-06 13:41:00,2.23,-3.06,-4.21,306.15,-48.08,5.66,6.04,345.5,35533
2026-03-06 13:42:00,2.12,-3.85,-3.78,298.84,-40.68,5.80,5.69,345.2,30605
2026-03-06 13:43:00,2.48,-3.78,-3.72,303.29,-39.45,5.85,5.26,345.7,19369
2026-03-06 13:44:00,2.46,-3.99,-3.56,301.65,-37.18,5.88,5.59,344.6,31552
2026-03-06 13:45:00,2.69,-3.89,-3.27,304.66,-34.70,5.75,6.37,346.8,36083
2026-03-06 13:46:00,2.85,-4.09,-2.73,304.79,-28.72,5.69,6.63,345.9,33711
2026-03-06 13:47:00,2.54,-4.30,-2.15,300.54,-23.30,5.44,9.93,353.9,50208
2026-03-06 13:48:00,2.54,-4.26,-2.70,300.80,-28.57,5.65,7.60,348.1,38513
2026-03-06 13:49:00,2.33,-3.69,-3.86,302.32,-41.45,5.82,6.44,346.0,32824
2026-03-06 13:50:00,2.52,-3.94,-3.54,302.65,-37.12,5.87,6.76,348.4,48141
2026-03-06 13:51:00,2.56,-4.07,-3.26,302.21,-34.16,5.81,5.26,342.4,36263
2026-03-06 13:52:00,2.49,-4.27,-2.87,300.19,-30.11,5.72,4.84,340.7,22922
2026-03-06 13:53:00,2.34,-4.46,-2.52,297.73,-26.56,5.63,8.28,350.1,40158
2026-03-06 13:54:00,2.25,-4.72,-2.04,295.52,-21.30,5.61,10.11,353.3,49411
2026-03-06 13:55:00,2.49,-4.35,-2.27,299.81,-24.34,5.50,6.98,346.9,34919
2026-03-06 13:56:00,2.47,-4.49,-2.21,298.88,-23.32,5.58,6.51,345.2,32447
2026-03-06 13:57:00,2.64,-4.79,-1.54,298.86,-15.71,5.68,6.66,348.8,39599
2026-03-06 13:58:00,2.26,-4.42,-2.60,297.07,-27.65,5.61,6.19,346.7,27440
2026-03-06 13:59:00,2.31,-4.41,-2.38,297.63,-25.55,5.52,6.66,347.5,20946
2026-03-06 14:01:00,2.21,-4.78,-1.87,294.79,-19.56,5.59,8.57,355.4,62177
2026-03-06 14:02:00,2.20,-4.75,-1.92,294.83,-20.14,5.58,8.57,355.4,62177
2026-03-06 14:03:00,2.30,-4.94,-1.77,295.01,-17.99,5.73,5.18,341.0,15057
2026-03-06 14:04:00,2.15,-4.97,-1.86,293.39,-18.92,5.73,5.18,341.0,15057
2026-03-06 14:05:00,2.04,-5.14,-1.94,291.68,-19.35,5.86,7.07,349.7,39176
2026-03-06 14:06:00,2.29,-5.08,-1.75,294.26,-17.47,5.84,7.40,350.1,46141
2026-03-06 14:07:00,2.26,-5.16,-1.73,293.70,-17.07,5.89,6.82,348.2,42098
2026-03-06 14:08:00,2.38,-5.10,-1.82,295.07,-17.92,5.91,6.03,345.4,32988
2026-03-06 14:09:00,2.40,-5.05,-2.29,295.48,-22.32,6.04,5.40,345.2,33868
2026-03-06 14:10:00,3.06,-4.72,-2.32,302.97,-22.45,6.08,4.04,341.8,31248
2026-03-06 14:11:00,3.18,-4.57,-2.72,304.83,-26.02,6.19,3.19,334.9,20025
2026-03-06 14:12:00,3.20,-4.74,-2.41,304.06,-22.87,6.21,4.44,342.7,34684
2026-03-06 14:13:00,3.19,-4.68,-2.57,304.25,-24.38,6.22,6.15,347.6,74154
2026-03-06 14:14:00,3.05,-4.54,-2.92,303.90,-28.13,6.20,4.97,345.8,78096
2026-03-06 14:15:00,2.92,-4.42,-3.16,303.43,-30.82,6.16,4.96,341.1,42147
2026-03-06 14:16:00,3.04,-4.34,-3.12,305.01,-30.53,6.15,4.35,343.0,29113
2026-03-06 14:17:00,3.03,-4.32,-3.23,305.10,-31.46,6.18,5.69,350.8,81166
2026-03-06 14:18:00,2.81,-4.37,-3.37,302.71,-32.94,6.19,2.86,333.2,28786
2026-03-06 14:19:00,2.90,-4.30,-3.47,303.99,-33.79,6.24,4.46,343.0,47139
2026-03-06 14:20:00,3.03,-3.99,-3.48,307.21,-34.78,6.11,4.19,344.9,48279
2026-03-06 14:21:00,3.04,-4.32,-3.00,305.11,-29.63,6.08,4.20,342.5,43983
2026-03-06 14:22:00,3.01,-4.35,-3.15,304.65,-30.79,6.15,4.20,342.4,51287
2026-03-06 14:23:00,2.75,-4.71,-3.12,300.29,-29.78,6.28,4.57,343.5,42990
2026-03-06 14:24:00,2.63,-4.72,-3.08,299.12,-29.64,6.22,4.88,343.9,35512
2026-03-06 14:25:00,2.49,-5.00,-2.80,296.48,-26.63,6.24,4.21,342.2,31095
2026-03-06 14:26:00,2.47,-5.07,-2.79,295.96,-26.28,6.29,3.88,342.3,24921
2026-03-06 14:27:00,2.43,-5.11,-2.64,295.44,-24.96,6.25,4.94,347.2,39468
2026-03-06 14:28:00,2.51,-5.11,-2.63,296.18,-24.81,6.27,5.14,346.5,39880
2026-03-06 14:29:00,2.57,-5.01,-2.68,297.20,-25.44,6.23,5.23,349.9,63395
2026-03-06 14:30:00,2.76,-4.92,-2.66,299.29,-25.20,6.24,5.04,344.0,31012
2026-03-06 14:31:00,2.66,-5.06,-2.54,297.75,-23.93,6.25,5.42,350.9,69197
2026-03-06 14:32:00,2.97,-4.92,-2.49,301.11,-23.41,6.27,4.95,344.8,37149
2026-03-06 14:33:00,3.21,-4.79,-2.44,303.78,-22.94,6.26,4.87,346.2,27490
2026-03-06 14:34:00,3.59,-4.02,-3.03,311.78,-29.35,6.19,6.78,351.2,67358
2026-03-06 14:35:00,3.11,-4.29,-3.27,305.95,-31.73,6.22,7.07,351.9,73597
2026-03-06 14:36:00,3.72,-3.81,-3.14,314.32,-30.56,6.18,2.68,338.9,69431
2026-03-06 14:37:00,4.08,-3.36,-3.16,320.58,-30.87,6.16,2.52,331.7,36504
2026-03-06 14:38:00,5.17,-1.61,-2.97,342.73,-28.76,6.17,2.99,331.8,23013
2026-03-06 14:39:00,5.27,-1.44,-2.84,344.69,-27.42,6.16,4.72,344.2,72051
2026-03-06 14:40:00,5.34,-1.46,-2.52,344.74,-24.44,6.08,5.91,353.0,113225
2026-03-06 14:41:00,5.37,-1.05,-2.71,348.90,-26.31,6.11,3.83,342.5,77171
2026-03-06 14:42:00,5.31,-0.64,-2.90,353.11,-28.45,6.08,3.99,342.1,75815
2026-03-06 14:43:00,5.26,-0.63,-3.14,353.17,-30.62,6.16,4.10,342.3,77439
2026-03-06 14:44:00,5.24,-0.71,-3.18,352.31,-30.99,6.17,3.46,342.2,77592
2026-03-06 14:45:00,5.16,-0.58,-3.20,353.57,-31.60,6.10,3.11,332.9,38987
2026-03-06 14:46:00,5.12,-0.99,-2.86,349.02,-28.80,5.95,3.69,341.6,98577
2026-03-06 14:47:00,4.88,-2.06,-2.81,337.12,-27.97,5.99,5.29,348.5,159630
2026-03-06 14:48:00,5.06,-0.56,-3.15,353.67,-31.75,5.99,4.24,344.0,72357
2026-03-06 14:49:00,5.22,0.22,-2.96,2.37,-29.55,6.00,4.26,340.4,75193
2026-03-06 14:50:00,5.13,0.08,-3.14,0.85,-31.42,6.01,3.78,341.0,68245
2026-03-06 14:51:00,5.14,-0.54,-3.07,354.03,-30.75,6.01,3.98,340.4,74367
2026-03-06 14:52:00,5.18,-0.44,-3.21,355.15,-31.72,6.11,4.01,338.5,50967
2026-03-06 14:53:00,5.17,-0.37,-2.99,355.88,-30.00,5.98,3.94,338.7,63757
2026-03-06 14:54:00,5.16,-0.66,-2.80,352.73,-28.32,5.91,4.27,345.3,114184
2026-03-06 14:55:00,5.08,-0.80,-2.74,351.06,-28.07,5.83,4.19,344.1,101031
2026-03-06 14:56:00,5.32,0.07,-2.42,0.77,-24.40,5.85,3.87,340.2,74342
2026-03-06 14:57:00,5.42,0.30,-2.10,3.15,-21.13,5.81,3.73,340.4,81410
2026-03-06 14:58:00,5.45,0.36,-2.29,3.79,-22.75,5.92,3.65,340.3,80275
2026-03-06 14:59:00,5.45,0.53,-2.20,5.59,-21.91,5.90,3.84,340.7,81784
2026-03-06 15:00:00,5.58,0.66,-2.43,6.72,-23.39,6.12,3.80,338.3,79908
2026-03-06 15:01:00,5.54,0.60,-2.57,6.19,-24.74,6.13,3.60,341.4,90417
2026-03-06 15:02:00,5.26,1.03,-2.40,11.11,-24.14,5.88,3.46,341.5,74225
2026-03-06 15:03:00,5.33,0.35,-2.52,3.76,-25.25,5.91,3.61,343.3,78811
2026-03-06 15:04:00,5.31,0.20,-2.68,2.19,-26.73,5.95,4.18,343.7,81164
2026-03-06 15:05:00,5.48,0.24,-2.33,2.48,-23.05,5.96,4.14,345.1,93027
2026-03-06 15:06:00,5.45,0.74,-2.19,7.74,-21.72,5.92,4.02,343.7,84234
2026-03-06 15:07:00,5.24,1.99,-2.29,20.82,-22.25,6.05,3.95,342.5,98207
2026-03-06 15:08:00,5.28,1.61,-2.35,16.95,-23.06,6.00,3.94,342.2,102072
2026-03-06 15:09:00,5.45,1.22,-2.35,12.63,-22.87,6.06,3.82,342.1,85170
2026-03-06 15:10:00,5.50,1.13,-2.41,11.58,-23.25,6.11,3.36,342.5,80078
2026-03-06 15:11:00,5.42,0.77,-2.39,8.04,-23.58,5.98,2.99,337.4,59655
2026-03-06 15:12:00,5.34,-0.01,-2.43,359.92,-24.42,5.87,3.36,335.9,66637
2026-03-06 15:13:00,5.46,2.10,-1.72,21.03,-16.40,6.09,4.91,345.4,115593
2026-03-06 15:14:00,5.55,1.18,-2.21,12.02,-21.29,6.09,5.58,351.8,142544
2026-03-06 15:15:00,5.47,1.17,-2.12,12.06,-20.76,5.98,3.78,347.2,123430
2026-03-06 15:16:00,5.15,-0.61,-2.56,353.23,-26.26,5.78,4.02,347.0,117812
2026-03-06 15:17:00,4.91,-0.64,-2.89,352.54,-30.30,5.73,4.44,348.7,102028
2026-03-06 15:18:00,5.18,-0.64,-2.70,352.93,-27.38,5.88,4.59,355.2,59482
2026-03-06 15:19:00,5.37,0.28,-2.75,2.95,-27.07,6.04,4.22,335.0,30662
2026-03-06 15:21:00,5.59,0.23,-2.67,2.35,-25.52,6.20,3.45,329.9,31131
2026-03-06 15:22:00,5.51,-0.23,-2.46,357.56,-24.01,6.04,6.22,351.3,121707
2026-03-06 15:23:00,5.26,-1.54,-2.41,343.62,-23.73,5.98,5.49,352.5,128271
2026-03-06 15:24:00,4.91,-3.32,-2.38,325.90,-21.89,6.39,5.21,351.9,126429
2026-03-06 15:25:00,4.56,-4.05,-2.15,318.37,-19.45,6.46,5.22,347.6,67543
2026-03-06 15:26:00,4.85,-3.67,-2.20,322.86,-19.86,6.46,4.47,343.1,46935
2026-03-06 15:27:00,4.37,-4.42,-1.93,314.65,-17.30,6.51,4.42,343.7,49220
2026-03-06 15:28:00,4.19,-4.61,-2.18,312.28,-19.28,6.60,4.82,345.6,58147
2026-03-06 15:29:00,4.00,-4.90,-1.94,309.24,-17.04,6.61,4.71,343.8,49320
2026-03-06 15:30:00,3.73,-5.11,-1.88,306.12,-16.58,6.60,4.61,343.1,47592
2026-03-06 15:31:00,3.37,-5.59,-1.50,301.05,-12.91,6.70,4.70,343.1,49770
2026-03-06 15:32:00,3.16,-5.57,-1.88,299.57,-16.40,6.67,4.66,343.5,39207
2026-03-06 15:33:00,2.94,-5.76,-1.69,297.03,-14.63,6.68,5.27,345.4,34667
2026-03-06 15:34:00,3.14,-5.55,-1.52,299.54,-13.43,6.55,5.11,342.8,37839
2026-03-06 15:35:00,2.80,-5.79,-1.28,295.85,-11.26,6.56,5.00,344.0,40285
2026-03-06 15:36:00,2.04,-6.18,-1.24,288.30,-10.81,6.63,5.94,347.1,86138
2026-03-06 15:37:00,1.80,-6.33,-1.00,285.84,-8.61,6.66,5.00,345.0,32606
2026-03-06 15:38:00,2.14,-6.09,-1.12,289.36,-9.87,6.55,3.59,337.2,25468
2026-03-06 15:39:00,2.12,-6.05,-0.84,289.28,-7.43,6.47,5.95,344.6,43115
2026-03-06 15:40:00,2.06,-6.10,-0.99,288.70,-8.71,6.51,5.49,344.5,35671
2026-03-06 15:41:00,1.81,-6.11,-1.11,286.52,-9.85,6.47,5.08,343.7,31313
2026-03-06 15:42:00,1.61,-6.18,-1.09,284.60,-9.65,6.48,5.79,347.7,47269
2026-03-06 15:43:00,1.81,-6.11,-1.12,286.46,-9.93,6.47,5.72,346.3,39751
2026-03-06 15:44:00,2.03,-5.97,-1.28,288.77,-11.50,6.44,5.12,344.7,32670
2026-03-06 15:45:00,2.11,-5.94,-1.37,289.55,-12.30,6.45,4.77,341.2,26492
2026-03-06 15:46:00,2.11,-6.05,-0.95,289.25,-8.40,6.48,5.24,340.0,29840
2026-03-06 15:47:00,2.12,-6.04,-0.88,289.37,-7.87,6.46,5.33,346.1,49672
2026-03-06 15:48:00,1.95,-6.19,-0.76,287.46,-6.71,6.53,5.15,343.3,37765
2026-03-06 15:49:00,1.86,-6.30,-0.63,286.40,-5.46,6.60,5.35,342.8,30525
2026-03-06 15:50:00,2.69,-5.70,-0.99,295.28,-8.91,6.38,4.80,343.7,33655
2026-03-06 15:51:00,3.54,-5.12,-1.17,304.69,-10.66,6.33,8.02,349.7,76773
2026-03-06 15:52:00,3.32,-5.31,-1.36,301.97,-12.27,6.41,5.04,345.7,38629
2026-03-06 15:53:00,3.70,-4.92,-1.18,306.96,-10.90,6.26,5.08,338.5,30550
2026-03-06 15:54:00,3.38,-5.16,-1.20,303.21,-11.01,6.29,4.90,341.6,61489
2026-03-06 15:55:00,3.76,-5.00,-0.71,306.91,-6.46,6.30,7.42,350.6,82954
2026-03-06 15:56:00,4.04,-4.69,-0.99,310.77,-9.09,6.27,8.06,352.7,87109
2026-03-06 15:57:00,3.95,-4.47,-2.04,311.48,-18.88,6.30,5.02,341.8,62913
2026-03-06 15:58:00,3.64,-5.09,-1.31,305.59,-11.80,6.39,4.66,342.5,54433
2026-03-06 16:00:00,4.11,-4.39,-2.17,313.11,-19.88,6.40,4.13,337.3,59583
2026-03-06 16:01:00,3.97,-4.64,-2.02,310.56,-18.30,6.43,4.82,341.9,78984
2026-03-06 16:02:00,4.29,-4.46,-1.33,313.90,-12.12,6.33,5.37,346.1,93813
2026-03-06 16:03:00,4.27,-4.42,-1.63,314.02,-14.87,6.36,4.43,340.8,66675
2026-03-06 16:04:00,3.97,-4.62,-2.06,310.63,-18.73,6.43,4.63,341.6,68203
2026-03-06 16:05:00,3.79,-4.72,-2.26,308.75,-20.51,6.46,5.13,341.1,59651
2026-03-06 16:06:00,4.09,-4.77,-1.20,310.65,-10.79,6.39,5.20,342.4,64322
2026-03-06 16:07:00,4.30,-4.67,-0.98,312.61,-8.74,6.42,5.26,343.2,57046
2026-03-06 16:08:00,4.34,-4.67,-1.22,312.92,-10.83,6.49,4.80,342.1,78333
2026-03-06 16:09:00,4.51,-4.54,-1.34,314.85,-11.79,6.54,4.77,340.9,62043
2026-03-06 16:10:00,4.50,-4.54,-1.17,314.73,-10.36,6.50,4.58,342.2,75302
2026-03-06 16:11:00,4.70,-4.59,-1.00,315.64,-8.63,6.65,4.24,342.9,72434
2026-03-06 16:12:00,4.59,-4.67,-0.89,314.51,-7.70,6.60,3.20,337.8,41901
2026-03-06 16:13:00,4.67,-4.56,-0.86,315.71,-7.47,6.59,3.95,340.3,72995
2026-03-06 16:14:00,4.73,-4.53,-1.05,316.23,-9.12,6.64,4.50,342.5,93862
2026-03-06 16:17:00,5.17,-4.36,-0.81,319.87,-6.80,6.81,4.69,339.5,69111
2026-03-06 16:18:00,5.09,-4.41,-0.90,319.07,-7.62,6.80,4.57,341.1,78147
2026-03-06 16:19:00,5.02,-4.61,-0.81,317.43,-6.75,6.86,4.44,342.5,63097
2026-03-06 16:20:00,4.89,-4.67,-1.03,316.28,-8.69,6.84,4.56,336.6,68841
2026-03-06 16:21:00,4.23,-5.17,-0.91,309.27,-7.79,6.75,4.36,339.7,79768
2026-03-06 16:22:00,4.23,-5.18,-0.84,309.19,-7.13,6.74,4.66,339.8,52017
2026-03-06 16:23:00,4.25,-5.17,-0.76,309.38,-6.51,6.74,5.12,340.9,57573
2026-03-06 16:24:00,4.38,-5.12,-0.97,310.53,-8.21,6.81,6.45,346.8,97936
2026-03-06 16:25:00,4.32,-5.08,-0.98,310.38,-8.40,6.74,5.30,345.6,49864
2026-03-06 16:26:00,4.22,-5.17,-0.96,309.22,-8.18,6.74,5.92,348.4,87293
2026-03-06 16:27:00,4.27,-5.18,-0.86,309.51,-7.33,6.76,4.97,340.9,62931
2026-03-06 16:28:00,4.51,-5.00,-0.84,312.07,-7.15,6.79,6.78,349.1,98007
2026-03-06 16:29:00,4.48,-5.03,-0.86,311.69,-7.28,6.79,5.98,347.0,70630
2026-03-06 16:30:00,4.41,-5.08,-0.73,310.94,-6.19,6.77,5.61,344.0,84490
2026-03-06 16:31:00,4.22,-5.37,-0.84,308.16,-7.03,6.88,5.34,340.2,79986
2026-03-06 16:32:00,3.86,-5.72,-0.59,304.01,-4.85,6.93,4.74,338.7,55236
2026-03-06 16:33:00,4.17,-5.43,-0.90,307.53,-7.51,6.91,4.58,339.7,53503
2026-03-06 16:34:00,4.10,-5.34,-1.11,307.54,-9.38,6.82,4.65,337.5,50798
2026-03-06 16:35:00,4.27,-5.29,-1.03,308.90,-8.59,6.87,4.70,335.9,51459
2026-03-06 16:36:00,4.24,-5.34,-1.07,308.48,-8.93,6.90,4.80,338.4,64811
2026-03-06 16:37:00,4.13,-5.36,-1.10,307.64,-9.22,6.85,6.13,344.6,93736
2026-03-06 16:38:00,4.20,-5.30,-0.99,308.36,-8.33,6.83,4.72,344.4,46853
2026-03-06 16:39:00,4.30,-5.20,-1.10,309.57,-9.26,6.84,5.16,335.1,40062
2026-03-06 16:40:00,4.26,-5.28,-1.27,308.91,-10.62,6.90,4.47,341.4,73674
2026-03-06 16:41:00,4.39,-5.12,-1.49,310.63,-12.44,6.91,7.72,349.8,100467
2026-03-06 16:42:00,4.37,-5.19,-1.36,310.14,-11.37,6.92,6.01,345.5,52639
2026-03-06 16:43:00,4.34,-5.21,-1.27,309.82,-10.59,6.90,6.51,347.8,87305
2026-03-06 16:44:00,4.19,-5.28,-1.44,308.44,-12.08,6.90,5.58,347.5,59804
2026-03-06 16:45:00,4.26,-5.13,-1.71,309.69,-14.43,6.88,5.44,349.0,86525
2026-03-06 16:46:00,3.73,-5.58,-1.49,303.76,-12.48,6.87,4.34,339.6,57647
2026-03-06 16:47:00,3.65,-5.62,-1.71,303.04,-14.30,6.91,3.52,332.8,24873
2026-03-06 16:48:00,3.75,-5.58,-1.75,303.92,-14.59,6.95,6.36,353.5,158709
2026-03-06 16:49:00,3.82,-5.55,-1.90,304.49,-15.76,7.00,5.81,349.0,109823
2026-03-06 16:50:00,3.83,-5.41,-1.79,305.28,-15.12,6.86,5.09,341.8,42096
2026-03-06 16:51:00,3.78,-5.45,-1.70,304.76,-14.39,6.85,5.26,341.6,50609
2026-03-06 16:52:00,3.65,-5.75,-1.49,302.40,-12.38,6.97,5.15,342.5,45863
2026-03-06 16:53:00,4.03,-5.22,-1.90,307.70,-16.04,6.86,5.33,339.1,52856
2026-03-06 16:54:00,4.06,-5.17,-1.92,308.13,-16.27,6.85,5.39,336.4,31928
2026-03-06 16:55:00,4.46,-4.86,-1.84,312.53,-15.62,6.85,5.13,344.4,66258
2026-03-06 16:56:00,3.93,-5.36,-1.98,306.28,-16.60,6.93,4.56,340.0,66123
2026-03-06 16:57:00,3.79,-5.49,-1.90,304.62,-15.92,6.94,5.47,343.2,50189
2026-03-06 16:58:00,4.21,-5.12,-1.83,309.42,-15.39,6.88,5.66,346.7,86525
2026-03-06 16:59:00,3.97,-5.50,-1.97,305.78,-16.21,7.06,6.12,347.5,49769
2026-03-06 17:00:00,4.02,-5.35,-2.16,306.92,-17.89,7.03,5.19,342.2,44465
2026-03-06 17:01:00,4.00,-5.41,-2.12,306.48,-17.47,7.06,4.78,339.5,43995
2026-03-06 17:02:00,3.67,-5.69,-2.11,302.79,-17.29,7.09,5.00,343.3,55505
2026-03-06 17:03:00,3.57,-5.68,-2.26,302.20,-18.64,7.08,5.39,343.7,54594
2026-03-06 17:04:00,3.55,-5.72,-2.15,301.84,-17.73,7.07,5.45,341.4,46846
2026-03-06 17:05:00,3.78,-5.41,-2.28,304.99,-19.07,6.98,5.34,342.0,47194
2026-03-06 17:06:00,4.50,-4.96,-1.86,312.22,-15.53,6.95,5.52,344.2,65947
2026-03-06 17:07:00,4.63,-4.82,-1.98,313.83,-16.50,6.97,5.79,344.6,93755
2026-03-06 17:08:00,4.57,-4.64,-2.16,314.57,-18.40,6.86,6.09,342.0,61796
2026-03-06 17:09:00,4.70,-4.51,-2.48,316.19,-20.85,6.97,6.07,344.2,48739
2026-03-06 17:10:00,4.66,-4.58,-2.37,315.51,-19.91,6.95,5.58,340.1,60998
2026-03-06 17:11:00,4.87,-4.47,-2.20,317.48,-18.44,6.97,5.04,338.7,53803
2026-03-06 17:12:00,4.72,-4.57,-2.39,315.92,-19.97,6.99,4.85,341.2,65767
2026-03-06 17:13:00,4.76,-4.53,-2.43,316.39,-20.30,7.01,3.98,335.6,27962
2026-03-06 17:14:00,4.97,-4.26,-2.44,319.43,-20.46,6.99,4.91,340.7,62672
2026-03-06 17:15:00,4.99,-4.07,-2.76,320.77,-23.19,7.01,5.13,340.7,72314
2026-03-06 17:16:00,4.57,-5.06,-2.21,312.08,-17.98,7.17,5.31,341.0,60039
2026-03-06 17:17:00,4.85,-4.77,-2.40,315.48,-19.40,7.21,5.17,341.2,51211
2026-03-06 17:18:00,5.10,-4.40,-2.53,319.21,-20.59,7.20,6.43,347.9,77712
2026-03-06 17:19:00,5.15,-4.37,-2.64,319.67,-21.33,7.25,5.80,346.8,77903
2026-03-06 17:20:00,5.18,-4.10,-2.76,321.61,-22.65,7.16,4.47,341.9,61442
2026-03-06 17:21:00,5.32,-3.57,-3.04,326.14,-25.36,7.10,5.50,351.1,120901
2026-03-06 17:22:00,5.17,-3.74,-2.83,324.17,-23.89,6.98,5.54,349.7,99796
2026-03-06 17:23:00,4.86,-4.23,-2.70,318.99,-22.75,6.99,5.73,345.6,60345
2026-03-06 17:24:00,4.87,-4.12,-2.83,319.81,-23.89,6.98,5.94,342.6,64174
2026-03-06 17:25:00,4.97,-3.94,-2.96,321.57,-25.03,7.00,5.72,345.9,49165
2026-03-06 17:26:00,5.07,-3.78,-2.80,323.31,-23.85,6.92,5.91,347.3,49888
2026-03-06 17:27:00,5.19,-3.82,-2.69,323.62,-22.64,6.99,4.82,339.5,57716
2026-03-06 17:28:00,5.26,-3.81,-2.62,324.09,-21.96,7.00,4.82,338.1,49097
2026-03-06 17:29:00,5.13,-4.06,-2.63,321.60,-21.92,7.05,5.01,339.6,54673
2026-03-06 17:30:00,5.10,-4.08,-2.64,321.31,-22.04,7.05,5.10,342.6,61375
2026-03-06 17:31:00,4.66,-4.56,-2.72,315.62,-22.68,7.06,5.19,343.4,68776
2026-03-06 17:32:00,4.85,-4.53,-2.60,316.99,-21.41,7.13,5.06,343.6,66709
2026-03-06 17:33:00,5.26,-4.25,-2.58,321.07,-20.85,7.24,5.06,341.2,62043
2026-03-06 17:34:00,5.83,-3.68,-2.48,327.78,-19.78,7.32,4.63,339.3,62238
2026-03-06 17:35:00,5.79,-3.57,-2.69,328.36,-21.56,7.32,4.40,337.5,61431
2026-03-06 17:36:00,5.71,-3.69,-2.73,327.14,-21.93,7.32,4.28,337.7,60850
2026-03-06 17:37:00,5.55,-3.79,-2.79,325.70,-22.58,7.28,4.17,338.7,61160
2026-03-06 17:38:00,5.71,-3.91,-2.37,325.65,-18.93,7.32,4.42,338.4,59148
2026-03-06 17:39:00,5.62,-4.19,-2.05,323.26,-16.31,7.31,4.58,338.6,55726
2026-03-06 17:40:00,5.63,-4.32,-1.99,322.53,-15.65,7.37,4.69,336.5,52134
2026-03-06 17:41:00,5.58,-4.33,-2.05,322.24,-16.18,7.36,4.87,340.5,65412
2026-03-06 17:42:00,5.52,-4.27,-2.05,322.26,-16.35,7.27,4.55,337.7,58165
2026-03-06 17:43:00,5.59,-4.27,-2.02,322.65,-16.02,7.32,4.70,337.4,54080
2026-03-06 17:44:00,5.49,-4.43,-2.00,321.09,-15.84,7.34,4.93,336.5,49778
2026-03-06 17:45:00,5.56,-4.33,-1.96,322.10,-15.55,7.31,4.55,338.5,54583
2026-03-06 17:46:00,5.68,-4.21,-1.84,323.48,-14.57,7.31,3.90,338.7,51879
2026-03-06 17:47:00,5.66,-4.24,-1.80,323.16,-14.28,7.30,5.86,334.4,27300
2026-03-06 17:48:00,5.48,-4.40,-1.96,321.26,-15.57,7.30,4.89,341.0,69903
2026-03-06 17:49:00,5.54,-4.37,-1.97,321.76,-15.62,7.33,4.69,342.2,73015
2026-03-06 17:50:00,5.42,-4.44,-1.90,320.68,-15.20,7.26,4.57,338.6,59719
2026-03-06 17:51:00,5.40,-4.47,-1.84,320.40,-14.68,7.25,4.55,337.8,56232
2026-03-06 17:52:00,5.29,-4.55,-1.89,319.30,-15.17,7.22,4.49,338.1,56208
2026-03-06 17:53:00,5.14,-4.76,-1.99,317.18,-15.85,7.28,4.25,337.4,55660
2026-03-06 17:54:00,5.12,-4.87,-2.03,316.41,-16.05,7.35,7.15,334.2,25215
2026-03-06 17:55:00,4.96,-4.99,-2.05,314.88,-16.23,7.33,6.38,334.6,33040
2026-03-06 17:56:00,4.79,-5.13,-1.97,313.03,-15.69,7.30,4.31,336.4,55972
2026-03-06 17:57:00,4.70,-5.16,-2.09,312.36,-16.65,7.29,4.52,339.0,60685
2026-03-06 17:58:00,4.78,-5.16,-2.06,312.84,-16.34,7.33,4.40,337.1,54334
2026-03-06 17:59:00,4.84,-5.09,-1.95,313.57,-15.52,7.29,4.69,340.1,50740
2026-03-06 18:00:00,4.25,-5.23,-2.73,309.09,-22.05,7.27,4.60,337.2,53389
2026-03-06 18:01:00,4.69,-5.03,-2.59,312.99,-20.63,7.35,4.97,342.3,45837
2026-03-06 18:02:00,3.42,-4.94,-3.69,304.66,-31.55,7.05,4.65,337.4,44780
2026-03-06 18:03:00,2.92,-4.92,-4.10,300.65,-35.60,7.04,5.81,342.6,48441
2026-03-06 18:04:00,2.91,-4.51,-4.54,302.86,-40.25,7.03,5.50,340.8,44472
2026-03-06 18:05:00,2.93,-4.95,-4.06,300.63,-35.26,7.04,5.38,340.2,42122
2026-03-06 18:06:00,3.16,-5.14,-3.66,301.57,-31.25,7.06,5.53,340.3,41406
2026-03-06 18:07:00,3.17,-4.77,-4.02,303.60,-35.06,7.00,5.55,341.4,39755
2026-03-06 18:08:00,3.07,-4.74,-4.00,302.96,-35.34,6.92,5.40,341.3,40023
2026-03-06 18:09:00,2.77,-4.53,-3.74,301.43,-35.18,6.49,5.59,340.6,42924
2026-03-06 18:10:00,2.94,-4.30,-3.72,304.35,-35.54,6.40,6.23,342.6,58539
2026-03-06 18:11:00,3.46,-4.16,-4.23,309.71,-38.00,6.87,6.36,344.0,72699
2026-03-06 18:12:00,3.17,-4.69,-4.04,304.10,-35.55,6.95,5.54,341.1,37951
2026-03-06 18:13:00,2.85,-4.21,-4.46,304.13,-41.21,6.76,5.27,340.1,41737
2026-03-06 18:14:00,2.84,-4.84,-3.53,300.38,-32.18,6.62,10.25,335.2,16912
2026-03-06 18:15:00,2.92,-5.05,-3.02,300.04,-27.36,6.57,5.45,343.9,63813
2026-03-06 18:16:00,3.02,-5.51,-2.22,298.78,-19.43,6.66,6.05,337.9,41801
2026-03-06 18:17:00,3.19,-6.05,-1.12,297.77,-9.31,6.93,5.50,337.0,40785
2026-03-06 18:18:00,3.65,-6.17,-0.55,300.57,-4.41,7.19,5.05,337.1,48643
2026-03-06 18:19:00,3.43,-6.33,0.63,298.49,5.01,7.22,4.91,335.8,48148
2026-03-06 18:20:00,3.29,-6.44,2.60,297.06,19.76,7.68,4.23,338.8,50251
2026-03-06 18:21:00,3.28,-6.43,2.55,297.02,19.46,7.66,6.97,332.6,24246
2026-03-06 18:22:00,3.46,-6.47,1.87,298.13,14.32,7.57,5.41,335.8,48535
2026-03-06 18:23:00,3.65,-6.37,1.63,299.82,12.54,7.52,4.10,342.6,69712
2026-03-06 18:24:00,3.45,-6.35,0.97,298.54,7.61,7.29,4.55,342.3,58475
2026-03-06 18:25:00,3.31,-6.35,0.44,297.56,3.53,7.17,4.35,339.4,49573
2026-03-06 18:26:00,3.20,-6.00,-0.30,298.07,-2.54,6.81,4.34,338.9,49495
2026-03-06 18:29:00,3.25,-5.29,2.45,301.59,21.51,6.67,4.04,329.6,55991
2026-03-06 18:30:00,3.48,-5.24,2.43,303.56,21.15,6.74,4.90,335.5,66548
2026-03-06 18:31:00,3.77,-5.36,0.92,305.12,8.00,6.62,4.72,336.8,59725
2026-03-06 18:32:00,3.55,-5.70,0.84,301.95,7.17,6.77,5.02,334.1,50653
2026-03-06 18:33:00,3.39,-5.89,0.29,299.91,2.41,6.80,4.48,337.6,54193
2026-03-06 18:34:00,3.33,-5.85,-0.08,299.65,-0.67,6.73,4.41,338.2,44988
2026-03-06 18:35:00,3.64,-5.41,-0.92,303.91,-8.00,6.59,4.61,332.4,53536
2026-03-06 18:36:00,3.18,-5.80,-0.91,298.71,-7.86,6.68,5.07,334.0,47222
2026-03-06 18:37:00,3.22,-5.76,-0.60,299.17,-5.23,6.62,5.39,335.3,47524
2026-03-06 18:38:00,3.29,-5.61,-0.42,300.35,-3.67,6.52,5.25,335.7,47257
2026-03-06 18:39:00,3.68,-5.10,0.03,305.81,0.27,6.29,4.61,333.3,51653
2026-03-06 18:40:00,3.32,-5.55,0.15,300.91,1.34,6.47,4.59,332.5,53732
2026-03-06 18:41:00,3.19,-5.53,0.48,299.97,4.31,6.41,5.09,334.0,49515
2026-03-06 18:42:00,3.13,-5.78,0.19,298.44,1.62,6.57,5.17,334.4,47750
2026-03-06 18:43:00,3.27,-5.70,-0.74,299.84,-6.44,6.61,5.16,335.9,46253
2026-03-06 18:44:00,3.02,-5.61,-0.01,298.31,-0.09,6.37,5.11,334.9,44187
2026-03-06 18:45:00,3.09,-6.08,-0.16,296.90,-1.37,6.82,5.79,332.5,41572
2026-03-06 18:46:00,2.88,-6.10,-1.10,295.26,-9.28,6.83,4.57,338.1,42091
2026-03-06 18:47:00,2.96,-6.27,-1.11,295.31,-9.12,7.02,5.23,336.4,46095
2026-03-06 18:48:00,3.68,-4.70,1.89,308.07,17.57,6.26,5.16,334.3,41746
2026-03-06 18:49:00,3.83,-4.60,2.78,309.79,24.91,6.61,4.35,324.5,46323
2026-03-06 18:50:00,3.71,-4.90,2.59,307.14,22.83,6.66,4.72,332.7,65902
2026-03-06 18:51:00,3.85,-5.14,1.31,306.84,11.52,6.55,4.87,334.4,53225
2026-03-06 18:52:00,3.58,-5.32,0.73,303.91,6.53,6.46,5.18,333.8,51308
2026-03-06 18:53:00,3.51,-5.39,0.65,303.12,5.80,6.46,5.20,334.1,55095
2026-03-06 18:54:00,3.45,-5.33,0.72,302.89,6.51,6.39,4.56,334.5,56653
2026-03-06 18:55:00,3.18,-5.61,1.12,299.55,9.83,6.54,4.57,334.2,55293
2026-03-06 18:56:00,2.79,-5.56,-0.40,296.68,-3.72,6.23,4.63,333.6,57410
2026-03-06 18:57:00,3.31,-5.60,0.11,300.57,1.00,6.50,4.81,334.2,62855
2026-03-06 18:58:00,2.69,-6.65,1.15,292.05,9.12,7.26,5.53,337.9,59078
2026-03-06 18:59:00,1.34,-6.84,0.98,281.10,8.00,7.04,5.40,343.1,46583
2026-03-06 19:00:00,0.89,-6.54,1.45,277.79,12.41,6.75,6.09,342.5,41709
2026-03-06 19:01:00,2.69,-6.57,0.88,292.28,7.04,7.15,5.93,341.9,40840
2026-03-06 19:02:00,4.01,-5.74,-0.16,304.98,-1.33,7.00,4.80,337.9,35432
2026-03-06 19:03:00,3.63,-6.16,-0.03,300.53,-0.22,7.15,4.00,331.8,38790
2026-03-06 19:04:00,3.33,-6.33,0.03,297.75,0.21,7.15,4.50,336.6,55562
2026-03-06 19:05:00,3.53,-5.29,-1.76,303.73,-15.42,6.60,4.81,334.7,52801
2026-03-06 19:06:00,3.96,-4.80,-1.89,309.54,-16.93,6.51,4.61,335.7,69583
2026-03-06 19:07:00,3.44,-6.10,-0.07,299.41,-0.56,7.00,4.81,335.1,56140
2026-03-06 19:08:00,2.86,-6.30,0.04,294.41,0.35,6.92,4.92,335.3,47418
2026-03-06 19:09:00,3.28,-6.21,0.02,297.86,0.14,7.02,5.20,334.3,41809
2026-03-06 19:10:00,3.99,-6.03,-0.16,303.50,-1.30,7.23,5.24,333.8,38512
2026-03-06 19:11:00,4.24,-5.86,-0.55,305.92,-4.32,7.25,4.99,336.8,51715
2026-03-06 19:12:00,4.35,-5.87,-0.84,306.51,-6.55,7.36,4.57,338.2,60094
2026-03-06 19:13:00,4.28,-5.91,-1.12,305.96,-8.72,7.38,4.37,337.0,55677
2026-03-06 19:14:00,4.31,-5.51,-1.57,308.07,-12.63,7.17,4.75,335.6,50418
2026-03-06 19:15:00,4.42,-5.28,-1.70,309.92,-13.85,7.10,5.11,333.6,51109
2026-03-06 19:16:00,4.37,-5.38,-1.70,309.11,-13.77,7.14,4.70,338.3,83455
2026-03-06 19:17:00,4.35,-5.38,-1.82,308.99,-14.75,7.15,4.83,338.6,81309
2026-03-06 19:18:00,4.29,-5.17,-1.92,309.64,-15.95,6.99,4.71,336.1,52026
2026-03-06 19:19:00,4.27,-4.96,-2.04,310.75,-17.27,6.86,4.61,335.6,60096
2026-03-06 19:20:00,4.66,-4.52,-2.17,315.85,-18.50,6.85,4.69,334.3,51293
2026-03-06 19:21:00,3.91,-5.69,-1.96,304.49,-15.83,7.17,3.96,335.9,58176
2026-03-06 19:22:00,3.98,-5.45,-2.31,306.14,-18.93,7.13,12.35,330.5,23357
2026-03-06 19:23:00,4.02,-5.58,-1.97,305.80,-16.02,7.15,5.76,336.1,65631
2026-03-06 19:24:00,3.85,-5.80,-1.80,303.55,-14.47,7.19,4.55,337.5,67899
2026-03-06 19:25:00,4.18,-5.47,-2.17,307.38,-17.48,7.21,4.66,338.9,65349
2026-03-06 19:26:00,3.86,-5.63,-2.26,304.42,-18.32,7.19,4.67,339.2,58170
2026-03-06 19:27:00,3.91,-5.51,-2.42,305.32,-19.72,7.18,4.62,337.6,50655
2026-03-06 19:28:00,3.79,-5.68,-2.31,303.71,-18.69,7.20,5.35,340.7,70949
2026-03-06 19:29:00,3.75,-5.67,-2.27,303.52,-18.45,7.17,5.58,341.4,68785
2026-03-06 19:30:00,3.67,-5.65,-2.22,302.99,-18.26,7.09,4.89,336.3,34446
2026-03-06 19:31:00,3.82,-5.63,-2.19,304.19,-17.83,7.14,5.36,338.2,50322
2026-03-06 19:32:00,3.61,-5.52,-1.95,303.20,-16.45,6.88,4.49,337.3,53774
2026-03-06 19:33:00,3.02,-6.03,-0.75,296.57,-6.37,6.79,5.68,336.5,59807
2026-03-06 19:34:00,2.89,-5.96,-0.06,295.92,-0.50,6.62,5.64,336.3,58231
2026-03-06 19:35:00,3.19,-5.80,-0.75,298.80,-6.46,6.66,5.11,332.9,36172
2026-03-06 19:36:00,3.26,-5.89,-0.29,298.98,-2.49,6.74,5.12,335.8,50674
2026-03-06 19:37:00,3.43,-5.75,0.26,300.82,2.21,6.70,5.12,332.8,43987
2026-03-06 19:38:00,3.66,-5.75,-0.74,302.48,-6.21,6.86,5.73,334.7,45537
2026-03-06 19:39:00,4.08,-5.78,-1.18,305.17,-9.49,7.17,5.76,332.4,48791
2026-03-06 19:40:00,4.23,-5.67,-1.27,306.74,-10.17,7.19,4.88,337.1,51529
2026-03-06 19:41:00,4.16,-5.78,-1.42,305.75,-11.27,7.26,4.72,336.0,49002
2026-03-06 19:42:00,4.02,-6.08,-1.43,303.48,-11.10,7.43,5.29,337.5,53433
2026-03-06 19:43:00,3.91,-6.15,-1.38,302.50,-10.72,7.42,5.52,337.8,52369
2026-03-06 19:44:00,3.95,-6.18,-1.40,302.55,-10.79,7.47,5.51,337.1,43696
2026-03-06 19:45:00,3.71,-6.55,-0.84,299.54,-6.37,7.57,5.66,338.8,41752
2026-03-06 19:46:00,3.69,-6.58,-0.83,299.29,-6.29,7.59,5.64,339.4,46357
2026-03-06 19:47:00,3.88,-6.29,-1.22,301.66,-9.34,7.49,5.16,338.5,47141
2026-03-06 19:48:00,3.70,-6.19,-1.27,300.84,-9.96,7.32,5.11,337.1,41742
2026-03-06 19:49:00,4.13,-5.35,-1.51,307.64,-12.59,6.92,7.82,335.1,27110
2026-03-06 19:50:00,4.37,-5.04,-1.98,310.93,-16.53,6.96,5.54,346.5,84407
2026-03-06 19:51:00,4.40,-5.15,-1.78,310.50,-14.70,7.00,6.65,351.0,86591
2026-03-06 19:53:00,4.93,-1.33,-4.19,344.88,-39.34,6.60,11.23,357.4,71206
2026-03-06 19:54:00,4.94,-0.72,-4.61,351.73,-42.70,6.80,6.61,348.6,64269
2026-03-06 19:55:00,4.79,-3.27,-3.92,325.64,-34.04,7.00,6.71,351.6,54311
2026-03-06 19:56:00,5.09,-1.76,-4.50,340.91,-39.85,7.02,6.92,352.7,52088
2026-03-06 19:57:00,5.21,-1.04,-4.47,348.75,-40.04,6.94,5.65,343.0,52275
2026-03-06 19:58:00,4.86,-1.27,-4.79,345.33,-43.66,6.94,6.07,348.3,76992
2026-03-06 19:59:00,4.93,-1.32,-4.81,345.04,-43.33,7.01,6.17,349.6,76007
2026-03-06 20:00:00,5.25,-0.87,-4.88,350.57,-42.49,7.22,6.18,348.5,64632
2026-03-06 20:01:00,5.30,-0.96,-4.84,349.71,-41.93,7.25,6.08,347.8,63958
2026-03-06 20:02:00,5.00,-1.48,-4.93,343.48,-43.38,7.17,5.83,346.5,61805
2026-03-06 20:03:00,4.94,-1.13,-5.11,347.14,-45.22,7.20,6.05,347.9,66985
2026-03-06 20:04:00,5.03,-1.03,-5.16,348.38,-45.12,7.28,5.82,345.6,53705
2026-03-06 20:05:00,5.02,-1.15,-5.14,347.14,-44.93,7.28,6.64,349.1,65689
2026-03-06 20:06:00,5.00,-1.24,-5.12,346.08,-44.85,7.26,6.79,352.2,74633
2026-03-06 20:07:00,5.12,-1.22,-5.36,346.62,-45.48,7.51,6.79,352.2,74633
2026-03-06 20:08:00,4.78,-1.60,-5.40,341.52,-46.97,7.39,5.23,343.9,46450
2026-03-06 20:09:00,5.01,-1.47,-5.24,343.67,-45.11,7.40,6.87,352.0,67199
2026-03-06 20:10:00,5.09,-1.10,-5.11,347.77,-44.46,7.29,6.40,349.6,69593
2026-03-06 20:11:00,5.25,-1.58,-4.89,343.26,-41.73,7.34,6.26,346.8,57350
2026-03-06 20:12:00,5.67,-1.62,-4.38,344.06,-36.61,7.35,6.25,347.0,66946
2026-03-06 20:13:00,5.48,-1.58,-4.49,343.93,-38.20,7.25,6.23,345.7,65480
2026-03-06 20:14:00,5.70,-1.67,-4.24,343.69,-35.57,7.30,5.79,347.7,74412
2026-03-06 20:15:00,5.78,-1.60,-4.18,344.57,-34.89,7.31,6.67,344.3,56133
2026-03-06 20:16:00,5.77,-1.59,-4.27,344.56,-35.47,7.35,7.38,344.5,63889
2026-03-06 20:17:00,5.80,-1.99,-4.35,341.02,-35.35,7.52,6.68,348.5,90947
2026-03-06 20:18:00,5.46,-2.14,-4.57,338.64,-37.89,7.43,6.15,346.4,75068
2026-03-06 20:19:00,5.40,-2.07,-4.65,339.05,-38.78,7.42,6.25,346.4,68845
2026-03-06 20:20:00,5.40,-2.00,-4.69,339.71,-39.18,7.43,6.48,347.1,70059
2026-03-06 20:21:00,5.44,-2.08,-4.89,339.07,-40.04,7.60,5.64,348.0,61655
2026-03-06 20:22:00,5.27,-0.97,-5.09,349.52,-43.54,7.39,5.52,350.5,69231
2026-03-06 20:23:00,5.09,-0.50,-5.06,354.38,-44.69,7.19,5.94,344.0,43998
2026-03-06 20:24:00,4.74,-1.06,-5.65,347.39,-49.31,7.45,7.06,348.9,57830
2026-03-06 20:25:00,4.93,-1.10,-6.20,347.43,-50.84,8.00,6.40,354.1,60023
2026-03-06 20:26:00,5.00,-1.51,-6.36,343.24,-50.60,8.23,6.26,354.6,60580
2026-03-06 20:27:00,4.57,-1.42,-6.34,342.73,-52.99,7.94,5.98,353.5,53410
2026-03-06 20:28:00,4.34,-1.46,-6.16,341.42,-53.34,7.67,6.30,352.8,50931
2026-03-06 20:29:00,4.52,-0.58,-5.87,352.70,-52.13,7.43,5.99,351.2,52763
2026-03-06 20:30:00,5.09,0.30,-5.05,3.39,-44.71,7.17,5.77,350.5,53801
2026-03-06 20:31:00,4.51,0.24,-5.94,3.01,-52.73,7.47,6.21,349.5,57843
2026-03-06 20:32:00,4.94,-0.82,-5.81,350.61,-49.20,7.67,6.42,352.0,55491
2026-03-06 20:33:00,5.78,-1.63,-6.22,344.26,-46.02,8.65,6.67,354.8,52803
2026-03-06 20:35:00,3.72,0.20,-6.38,3.04,-59.69,7.38,6.78,351.1,50907
2026-03-06 20:36:00,3.80,0.37,-6.30,5.62,-58.76,7.37,6.84,350.4,49992
2026-03-06 20:37:00,3.60,0.23,-6.39,3.73,-60.58,7.34,7.09,348.0,46334
2026-03-06 20:40:00,2.71,0.91,-7.01,18.56,-67.78,7.57,6.56,349.5,43876
2026-03-06 20:41:00,3.81,-0.73,-5.95,349.16,-56.87,7.10,6.19,352.2,45670
2026-03-06 20:42:00,4.94,-1.95,-6.05,338.48,-48.74,8.05,6.32,352.7,84807
2026-03-06 20:43:00,4.53,-1.20,-7.57,345.16,-58.24,8.90,5.66,358.9,59602
2026-03-06 20:44:00,4.33,-1.13,-7.59,345.33,-59.48,8.81,5.49,359.7,53089
2026-03-06 20:45:00,4.33,-1.11,-7.60,345.60,-59.51,8.82,5.71,359.8,50272
2026-03-06 20:46:00,4.37,-1.40,-7.47,342.17,-58.45,8.77,5.56,359.4,53487
2026-03-06 20:47:00,5.09,-0.53,-6.31,354.09,-50.96,8.12,5.91,355.9,62895
2026-03-06 20:48:00,5.67,-0.85,-6.32,351.44,-47.75,8.53,5.76,356.9,66694
2026-03-06 20:49:00,5.90,-0.72,-6.19,353.06,-46.16,8.58,5.73,357.6,74023
2026-03-06 20:50:00,5.08,0.27,-5.86,3.03,-49.03,7.76,6.58,352.7,81851
2026-03-06 20:51:00,5.14,-0.26,-5.69,357.09,-47.86,7.68,6.18,353.7,70750
2026-03-06 20:52:00,5.35,-0.36,-5.36,356.14,-44.95,7.58,6.08,353.7,71803
2026-03-06 20:53:00,4.86,-0.67,-6.10,352.21,-51.18,7.83,6.55,352.2,67497
2026-03-06 20:54:00,4.89,-0.70,-6.35,351.87,-52.13,8.05,6.01,353.5,62466
2026-03-06 20:55:00,4.37,-0.73,-6.54,350.51,-55.89,7.89,6.23,352.5,53748
2026-03-06 20:56:00,4.41,-0.44,-6.68,354.27,-56.46,8.01,5.51,350.9,56732
2026-03-06 20:57:00,4.41,-0.48,-6.47,353.74,-55.58,7.85,5.90,352.9,61490
2026-03-06 20:58:00,4.91,-0.93,-5.73,349.33,-48.88,7.60,6.14,353.8,70804
2026-03-06 20:59:00,6.00,-1.26,-4.98,348.12,-39.07,7.90,6.26,353.3,77649
2026-03-06 21:00:00,6.01,-1.09,-4.94,349.67,-38.98,7.86,6.35,353.0,77509
2026-03-06 21:01:00,6.01,-0.73,-4.86,353.12,-38.74,7.76,6.17,351.7,70832
2026-03-06 21:02:00,5.71,-0.83,-5.19,351.74,-41.98,7.76,5.84,351.6,73914
2026-03-06 21:03:00,5.51,-0.67,-5.32,353.02,-43.79,7.68,5.81,352.3,73917
2026-03-06 21:04:00,5.39,-0.56,-5.26,354.03,-44.18,7.55,6.00,353.7,79531
2026-03-06 21:05:00,5.81,-0.58,-5.10,354.32,-41.18,7.75,6.00,355.0,90377
2026-03-06 21:06:00,6.16,-0.67,-4.71,353.78,-37.27,7.78,5.87,355.6,87201
2026-03-06 21:07:00,6.39,-0.44,-4.57,356.03,-35.49,7.86,6.02,356.0,88284
2026-03-06 21:08:00,5.59,-0.86,-5.00,351.30,-41.48,7.55,6.47,353.9,104435
2026-03-06 21:09:00,5.16,-0.86,-5.74,350.58,-47.66,7.76,6.61,351.1,74350
2026-03-06 21:10:00,5.32,-0.29,-5.61,356.86,-46.49,7.74,7.16,351.5,62367
2026-03-06 21:13:00,4.96,-0.70,-6.16,351.91,-50.88,7.93,6.22,348.8,65994
2026-03-06 21:14:00,4.73,-0.86,-6.26,349.71,-52.46,7.90,6.71,349.7,59226
2026-03-06 21:15:00,4.05,-0.99,-6.72,346.22,-58.18,7.91,5.93,349.7,55297
2026-03-06 21:16:00,4.00,-0.19,-6.82,357.27,-59.54,7.91,6.19,350.4,54678
2026-03-06 21:17:00,4.43,-1.31,-6.30,343.49,-53.73,7.81,6.77,349.6,51881
2026-03-06 21:18:00,4.82,-2.36,-5.38,333.90,-45.09,7.60,6.59,349.7,64570
2026-03-06 21:19:00,4.04,-1.67,-6.25,337.60,-55.02,7.63,6.63,350.5,67154
2026-03-06 21:20:00,4.33,-1.48,-6.17,341.11,-53.46,7.68,6.84,351.8,60482
2026-03-06 21:21:00,4.31,-1.90,-6.08,336.20,-52.22,7.70,7.05,351.6,59615
2026-03-06 21:22:00,4.40,-1.89,-6.12,336.79,-51.95,7.77,6.95,351.1,59185
2026-03-06 21:23:00,4.30,-1.31,-6.37,343.09,-54.81,7.80,6.05,353.3,58343
2026-03-06 21:24:00,5.13,-1.29,-5.61,345.90,-46.65,7.71,6.42,352.4,58352
2026-03-06 21:25:00,5.33,-1.56,-5.86,343.74,-46.55,8.08,6.88,350.9,59661
2026-03-06 21:26:00,5.29,-1.70,-5.82,342.24,-46.33,8.05,7.04,350.5,56567
2026-03-06 21:27:00,5.08,-1.73,-5.91,341.19,-47.74,7.99,6.80,349.6,66062
2026-03-06 21:28:00,5.22,-1.72,-5.82,341.75,-46.63,8.01,7.04,349.8,55110
2026-03-06 21:29:00,5.19,-1.71,-5.79,341.77,-46.69,7.96,6.54,348.4,66920
2026-03-06 21:30:00,4.86,-1.64,-5.99,341.42,-49.41,7.89,6.79,346.4,60272
2026-03-06 21:31:00,3.92,-0.71,-6.84,349.79,-59.82,7.91,7.10,348.4,54342
2026-03-06 21:32:00,3.91,-1.35,-6.74,340.97,-58.48,7.91,7.09,349.5,50118
2026-03-06 21:33:00,4.14,-1.61,-6.57,338.71,-55.89,7.93,6.58,350.1,53384
2026-03-06 21:34:00,3.67,-0.98,-6.99,345.04,-61.47,7.96,6.43,349.4,56926
2026-03-06 21:35:00,3.77,-0.20,-6.98,356.96,-61.57,7.94,6.53,348.8,56751
2026-03-06 21:36:00,4.06,-0.78,-6.71,349.17,-58.37,7.88,6.71,348.1,53726
2026-03-06 21:37:00,4.10,-0.43,-6.62,353.98,-58.09,7.80,6.97,347.6,51074
2026-03-06 21:38:00,4.19,-0.56,-6.53,352.36,-57.10,7.78,7.19,347.9,51185
2026-03-06 21:39:00,4.41,-1.07,-6.23,346.39,-53.92,7.71,7.24,347.8,53859
2026-03-06 21:40:00,4.30,-1.05,-6.33,346.26,-55.02,7.72,6.99,348.0,58650
2026-03-06 21:41:00,4.60,-1.00,-6.15,347.69,-52.57,7.74,6.86,347.5,60684
2026-03-06 21:42:00,4.39,-1.34,-6.28,343.05,-53.84,7.78,5.99,347.7,65153
2026-03-06 21:43:00,4.44,-1.58,-6.29,340.37,-53.17,7.86,7.55,347.7,57227
2026-03-06 21:46:00,4.71,-1.04,-6.27,347.52,-52.44,7.91,7.01,347.9,59856
2026-03-06 21:47:00,4.45,-0.85,-6.43,349.19,-54.82,7.86,6.55,350.5,61987
2026-03-06 21:48:00,4.30,-0.99,-6.43,347.02,-55.50,7.80,7.05,348.4,62040
2026-03-06 21:49:00,4.88,-0.63,-6.65,352.66,-53.47,8.27,6.21,348.2,56512
2026-03-06 21:50:00,4.95,-0.63,-6.87,352.74,-54.03,8.49,5.60,348.3,44941
2026-03-06 21:51:00,4.60,-0.56,-6.99,353.00,-56.45,8.38,5.45,348.2,49340
2026-03-06 21:52:00,4.91,-0.49,-6.99,354.25,-54.76,8.56,5.45,347.4,57100
2026-03-06 21:53:00,4.79,-0.90,-7.05,349.32,-55.38,8.57,5.47,346.4,56520
2026-03-06 21:54:00,4.81,-0.95,-7.08,348.80,-55.30,8.61,5.56,346.1,55481
2026-03-06 21:55:00,4.70,-0.90,-7.24,349.17,-56.54,8.67,5.78,345.8,52438
2026-03-06 21:56:00,4.67,-1.40,-7.24,343.28,-56.08,8.73,5.38,347.0,55527
2026-03-06 21:57:00,4.50,-1.02,-7.43,347.29,-58.12,8.74,5.53,347.0,50436
2026-03-06 22:03:00,5.03,-0.23,-6.92,357.44,-53.93,8.56,6.02,350.1,75979
2026-03-06 22:04:00,4.74,-0.77,-7.29,350.72,-56.63,8.73,5.52,352.1,66997
2026-03-06 22:05:00,4.14,-1.53,-7.42,339.77,-59.24,8.63,6.06,356.5,62023
2026-03-06 22:06:00,3.66,-2.72,-7.38,323.38,-58.29,8.67,6.52,358.2,57269
2026-03-06 22:07:00,3.42,-2.08,-7.44,328.73,-61.74,8.44,6.42,357.8,54328
2026-03-06 22:08:00,3.29,-1.54,-7.59,334.87,-64.42,8.42,6.46,359.5,54820
2026-03-06 22:09:00,3.01,-2.43,-7.21,321.01,-61.77,8.18,6.81,362.8,55297
2026-03-06 22:10:00,3.55,-0.80,-7.81,347.24,-65.02,8.62,6.69,365.2,58353
2026-03-06 22:11:00,3.28,-2.51,-7.83,322.64,-62.17,8.85,5.85,366.4,63749
2026-03-06 22:12:00,4.17,-1.97,-7.80,334.76,-59.40,9.06,5.55,364.2,59424
2026-03-06 22:13:00,3.33,-2.22,-8.23,326.40,-64.06,9.15,5.85,361.4,63486
2026-03-06 22:14:00,3.21,-1.73,-8.13,331.71,-65.86,8.91,5.13,368.3,59835
2026-03-06 22:15:00,2.52,-1.04,-8.25,337.55,-71.71,8.68,5.62,367.7,60260
2026-03-06 22:16:00,4.87,-1.28,-7.07,345.25,-54.51,8.68,4.53,365.0,67466
2026-03-06 22:19:00,4.27,-0.10,-7.38,358.64,-59.94,8.53,5.52,361.0,67793
2026-03-06 22:20:00,4.02,0.09,-7.59,1.27,-62.08,8.59,5.39,362.2,64991
2026-03-06 22:21:00,4.20,-1.36,-7.28,342.03,-58.74,8.52,5.46,367.0,71667
2026-03-06 22:22:00,4.97,-2.75,-6.51,331.05,-48.88,8.64,5.70,363.9,77991
2026-03-06 22:23:00,5.38,-2.31,-6.47,336.70,-47.86,8.72,5.49,359.5,80589
2026-03-06 22:24:00,5.72,-0.11,-6.51,358.91,-48.70,8.66,5.37,357.6,82528
2026-03-06 22:25:00,4.97,-0.83,-7.14,350.49,-54.76,8.74,5.65,354.9,78934
2026-03-06 22:26:00,4.21,-2.12,-7.28,333.23,-57.09,8.67,5.75,354.4,70213
2026-03-06 22:27:00,5.71,0.39,-6.88,3.88,-50.25,8.95,5.67,358.1,75279
2026-03-06 22:28:00,5.95,1.04,-6.27,9.92,-46.08,8.71,5.69,358.5,96669
2026-03-06 22:29:00,5.69,0.75,-6.65,7.54,-49.16,8.78,5.65,357.4,94749
2026-03-06 22:30:00,6.23,1.00,-6.50,9.13,-45.85,9.06,5.44,362.5,94096
2026-03-06 22:31:00,6.27,1.50,-5.63,13.48,-41.13,8.55,5.77,367.7,115460
2026-03-06 22:32:00,6.53,3.24,-4.21,26.41,-30.03,8.42,5.45,364.9,151849
2026-03-06 22:33:00,7.01,2.58,-3.88,20.20,-27.45,8.41,4.85,361.0,159861
2026-03-06 22:34:00,6.54,1.25,-5.46,10.78,-39.36,8.61,5.10,357.0,122945
2026-03-06 22:35:00,6.95,1.44,-4.99,11.73,-35.09,8.67,5.09,365.3,155219
2026-03-06 22:36:00,5.32,-2.47,-6.54,335.14,-48.10,8.79,5.62,362.1,120639
2026-03-06 22:37:00,4.93,-2.62,-7.10,332.00,-51.85,9.03,5.85,360.9,70229
2026-03-06 22:38:00,4.62,-3.63,-6.96,321.83,-49.82,9.11,5.85,362.6,57442
2026-03-06 22:39:00,4.60,-3.88,-6.86,319.85,-48.73,9.12,5.87,362.2,51485
2026-03-06 22:40:00,4.94,-2.87,-6.90,329.79,-50.39,8.96,6.15,360.8,60786
2026-03-06 22:41:00,5.22,-2.38,-6.95,335.48,-50.47,9.02,6.35,358.5,78011
2026-03-06 22:42:00,5.63,-1.52,-6.32,344.86,-47.31,8.60,5.95,358.9,83111
2026-03-06 22:43:00,5.93,-0.81,-5.78,352.26,-43.99,8.32,5.59,365.1,101885
2026-03-06 22:44:00,6.20,-1.73,-5.60,344.40,-41.02,8.54,6.10,365.1,112549
2026-03-06 22:45:00,5.88,-1.22,-6.10,348.31,-45.44,8.56,6.57,366.1,132546
2026-03-06 22:46:00,5.93,-2.01,-6.20,341.28,-44.73,8.81,5.61,360.5,104174
2026-03-06 22:47:00,5.81,-1.74,-6.63,343.34,-47.55,8.98,5.57,357.8,87014
2026-03-06 22:48:00,6.27,1.24,-6.68,11.15,-46.28,9.25,5.98,359.3,84500
2026-03-06 22:49:00,6.39,6.48,-2.71,45.39,-16.56,9.49,4.77,361.4,94381
2026-03-06 22:52:00,7.39,6.47,-3.23,41.19,-18.21,10.34,4.74,364.9,63388
2026-03-06 22:53:00,7.89,6.06,-3.75,37.56,-20.66,10.63,4.85,365.0,62687
2026-03-06 22:54:00,7.83,6.26,-3.64,38.64,-19.96,10.67,4.83,365.5,65131
2026-03-06 22:55:00,8.16,5.63,-4.34,34.62,-23.63,10.82,4.36,367.3,67828
2026-03-06 22:56:00,7.96,5.36,-4.41,33.98,-24.71,10.56,3.89,365.2,73401
2026-03-06 22:57:00,7.71,5.23,-4.45,34.18,-25.55,10.32,3.72,361.7,77549
2026-03-06 22:58:00,7.78,5.39,-4.54,34.72,-25.63,10.50,3.72,362.0,77095
2026-03-06 22:59:00,8.07,5.74,-4.59,35.41,-24.85,10.91,4.06,362.4,74197
2026-03-06 23:00:00,8.30,6.16,-4.09,36.61,-21.57,11.11,4.48,365.6,58699
2026-03-06 23:01:00,7.95,6.10,-4.62,37.53,-24.75,11.03,4.11,369.0,64393
2026-03-06 23:02:00,8.13,5.32,-5.12,33.22,-27.80,10.98,3.08,372.0,63855
2026-03-06 23:03:00,8.20,4.57,-5.81,29.12,-31.76,11.03,3.87,370.3,48828
2026-03-06 23:04:00,8.04,5.43,-5.18,34.04,-28.08,10.99,3.76,369.5,54608
2026-03-06 23:05:00,8.23,5.16,-5.11,32.06,-27.75,10.98,3.78,367.2,62693
2026-03-06 23:06:00,8.47,2.69,-6.24,17.59,-35.10,10.86,3.28,374.6,75582
2026-03-06 23:07:00,8.37,0.38,-6.98,2.62,-39.78,10.90,3.65,378.1,77534
2026-03-06 23:08:00,8.36,-0.02,-6.94,359.87,-39.71,10.86,3.54,378.9,76208
2026-03-06 23:09:00,8.19,0.10,-7.21,0.72,-41.35,10.91,3.10,384.7,76676
2026-03-06 23:10:00,8.14,0.07,-7.24,0.50,-41.66,10.89,3.00,387.4,73317
2026-03-06 23:11:00,8.15,0.16,-7.27,1.12,-41.73,10.92,3.17,387.6,71565
2026-03-06 23:12:00,8.17,-0.65,-7.36,355.42,-41.91,11.02,3.17,387.3,68290
2026-03-06 23:13:00,8.13,-0.98,-7.44,353.10,-42.28,11.07,3.17,387.5,66090
2026-03-06 23:14:00,8.06,0.16,-7.56,1.12,-43.18,11.05,3.26,388.3,65499
2026-03-06 23:15:00,8.16,1.70,-7.50,11.75,-42.00,11.21,3.12,387.9,57881
2026-03-06 23:16:00,7.97,2.86,-7.49,19.73,-41.50,11.31,3.10,388.2,59748
2026-03-06 23:17:00,8.08,2.24,-7.50,15.51,-41.83,11.25,2.91,387.7,60792
2026-03-06 23:18:00,8.10,2.44,-7.52,16.76,-41.61,11.32,3.33,388.0,62025
2026-03-06 23:19:00,8.37,1.77,-7.43,11.96,-40.98,11.33,3.47,389.5,61656
2026-03-06 23:20:00,8.34,2.00,-7.41,13.48,-40.80,11.34,3.03,387.4,57918
2026-03-06 23:21:00,8.48,1.47,-7.42,9.86,-40.76,11.37,3.09,387.6,59848
2026-03-06 23:22:00,8.38,2.15,-7.30,14.41,-40.15,11.32,2.93,387.8,56567
2026-03-06 23:25:00,8.30,2.71,-7.36,18.06,-40.14,11.42,3.54,388.8,58170
2026-03-06 23:26:00,7.82,3.10,-7.70,21.67,-42.46,11.40,3.58,389.3,55940
2026-03-06 23:27:00,7.83,2.83,-7.73,19.89,-42.86,11.37,3.73,388.9,53756
2026-03-06 23:28:00,8.10,2.33,-7.72,16.06,-42.48,11.43,3.57,387.8,52771
2026-03-06 23:29:00,8.05,2.19,-7.76,15.23,-42.93,11.39,3.42,387.0,54829
2026-03-06 23:31:00,6.65,2.56,-7.75,21.07,-47.42,10.52,3.51,386.4,67000
2026-03-06 23:32:00,6.50,1.57,-8.03,13.62,-50.23,10.45,3.29,379.1,81119
2026-03-06 23:33:00,6.97,0.57,-7.67,4.66,-47.62,10.38,3.64,375.0,83805
2026-03-06 23:34:00,6.89,0.01,-7.78,0.07,-48.48,10.40,3.53,374.9,89256
2026-03-06 23:35:00,6.98,-0.36,-7.88,357.04,-48.45,10.54,3.82,374.2,89260
2026-03-06 23:36:00,7.23,-0.65,-8.00,354.83,-47.78,10.81,3.25,381.1,87662
2026-03-06 23:37:00,7.06,-0.27,-8.29,357.78,-49.57,10.89,3.28,379.9,97827
2026-03-06 23:38:00,6.08,-1.15,-8.73,349.25,-54.69,10.70,2.90,384.4,90346
2026-03-06 23:39:00,5.50,-0.94,-8.68,350.28,-57.29,10.32,3.14,380.1,88458
2026-03-06 23:40:00,5.66,-0.98,-8.47,350.18,-55.87,10.23,3.22,379.9,82478
2026-03-06 23:41:00,4.83,-1.66,-9.04,341.04,-60.55,10.38,3.70,381.5,88675
2026-03-06 23:42:00,4.53,-1.77,-9.13,338.68,-61.96,10.35,3.71,387.0,87835
2026-03-06 23:43:00,4.60,-1.70,-9.20,339.67,-61.96,10.43,3.53,388.7,90727
2026-03-06 23:44:00,4.97,-2.04,-8.62,337.65,-58.07,10.16,3.58,384.7,91042
2026-03-06 23:45:00,4.65,-3.33,-8.34,324.40,-55.56,10.11,3.60,382.3,85208
2026-03-06 23:46:00,2.17,-5.49,-8.08,291.56,-53.87,10.01,3.49,390.0,89393
2026-03-06 23:47:00,3.79,-4.04,-8.90,313.18,-58.09,10.49,3.41,403.1,95794
2026-03-06 23:48:00,4.65,-2.44,-8.69,332.37,-58.85,10.15,3.23,401.5,94814
2026-03-06 23:49:00,5.48,-0.92,-8.38,350.44,-56.44,10.05,3.62,394.8,111204
2026-03-06 23:50:00,6.92,0.79,-7.61,6.50,-47.53,10.32,3.41,396.0,109009
2026-03-06 23:51:00,7.17,0.77,-7.46,6.11,-45.95,10.38,3.97,396.0,107570
2026-03-06 23:52:00,7.21,0.33,-7.32,2.65,-45.40,10.28,4.24,398.6,103414
2026-03-06 23:53:00,7.12,0.28,-7.26,2.29,-45.54,10.18,4.37,396.4,102339
2026-03-06 23:54:00,7.39,0.06,-7.44,0.50,-45.20,10.48,4.73,390.3,104175
2026-03-06 23:55:00,7.53,0.55,-7.29,4.15,-43.98,10.50,4.44,395.8,91670
2026-03-06 23:56:00,7.45,0.92,-7.61,7.04,-45.39,10.69,4.12,402.0,78654
2026-03-06 23:57:00,8.14,1.05,-6.62,7.38,-38.89,10.54,4.03,403.7,75085
2026-03-06 23:58:00,8.46,1.20,-6.29,8.09,-36.35,10.61,3.72,395.2,93354
2026-03-06 23:59:00,8.96,1.22,-5.84,7.75,-32.84,10.76,3.84,393.7,95552
2026-03-07 00:00:00,9.07,1.82,-5.20,11.35,-29.33,10.62,4.06,390.4,107306
2026-03-07 00:01:00,8.85,2.14,-4.65,13.62,-27.05,10.23,4.02,385.7,108111
2026-03-07 00:02:00,8.26,1.72,-6.52,11.77,-37.70,10.67,3.62,385.7,87674
2026-03-07 00:03:00,7.83,1.46,-7.65,10.56,-43.84,11.04,3.45,394.7,78831
2026-03-07 00:04:00,7.71,1.72,-7.90,12.56,-45.03,11.17,3.73,400.4,78383
2026-03-07 00:05:00,8.40,2.75,-6.57,18.14,-36.62,11.02,3.38,396.4,71298
2026-03-07 00:06:00,8.60,2.94,-6.18,18.90,-34.22,10.99,2.52,389.2,89982
2026-03-07 00:07:00,8.40,2.81,-6.43,18.49,-35.97,10.94,2.78,391.4,87507
2026-03-07 00:08:00,8.38,3.14,-5.91,20.52,-33.43,10.72,2.89,392.1,90910
2026-03-07 00:09:00,8.21,3.02,-5.90,20.22,-33.99,10.55,2.70,395.7,104238
2026-03-07 00:10:00,8.19,2.66,-6.07,18.01,-35.18,10.53,2.68,394.7,88790
2026-03-07 00:11:00,8.29,2.81,-5.84,18.69,-33.70,10.53,3.05,398.0,106869
2026-03-07 00:12:00,8.32,2.75,-6.01,18.28,-34.45,10.63,2.88,397.7,105628
2026-03-07 00:13:00,8.34,3.10,-5.90,20.38,-33.55,10.67,3.12,399.4,106081
2026-03-07 00:14:00,8.21,3.31,-5.92,21.94,-33.79,10.65,3.34,400.7,99528
2026-03-07 00:15:00,8.52,3.63,-5.41,23.08,-30.31,10.73,3.35,399.3,84430
2026-03-07 00:16:00,8.63,4.21,-4.53,26.01,-25.28,10.62,3.44,396.7,73182
2026-03-07 00:17:00,8.39,4.35,-4.86,27.38,-27.22,10.63,3.64,398.3,93975
2026-03-07 00:18:00,7.75,4.12,-6.10,28.01,-34.81,10.69,3.68,403.4,139410
2026-03-07 00:19:00,8.41,4.36,-4.97,27.41,-27.69,10.70,3.31,403.7,157043
2026-03-07 00:20:00,8.52,4.48,-4.54,27.74,-25.22,10.64,2.87,400.1,140760
2026-03-07 00:21:00,8.05,4.44,-5.05,28.86,-28.78,10.49,3.17,398.4,97929
2026-03-07 00:22:00,7.86,6.10,-3.71,37.81,-20.43,10.61,3.06,402.8,117963
2026-03-07 00:23:00,8.04,3.17,-6.16,21.51,-35.47,10.61,3.49,399.8,72479
2026-03-07 00:24:00,7.78,4.28,-6.04,28.81,-34.24,10.74,3.49,398.6,84866
2026-03-07 00:25:00,7.68,4.76,-5.80,31.77,-32.71,10.74,3.32,401.1,83946
2026-03-07 00:26:00,7.51,5.09,-5.85,34.14,-32.79,10.80,3.55,399.3,96794
2026-03-07 00:27:00,8.58,2.30,-6.02,15.03,-34.11,10.73,3.48,396.2,93264
2026-03-07 00:28:00,8.54,3.13,-5.63,20.14,-31.75,10.69,3.09,394.2,79153
2026-03-07 00:29:00,7.77,4.60,-5.74,30.60,-32.43,10.70,2.69,403.1,113610
2026-03-07 00:30:00,8.22,2.76,-6.44,18.54,-36.62,10.80,2.56,407.9,133153
2026-03-07 00:31:00,8.37,3.22,-6.14,21.03,-34.40,10.87,3.40,396.8,111841
2026-03-07 00:32:00,8.41,4.10,-5.63,26.00,-31.03,10.92,2.98,394.3,91122
2026-03-07 00:33:00,8.19,4.69,-5.62,29.78,-30.76,10.99,2.77,394.5,83276
2026-03-07 00:34:00,8.16,4.85,-5.16,30.76,-28.51,10.80,3.23,399.4,115812
2026-03-07 00:35:00,8.08,3.12,-6.42,21.09,-36.54,10.78,3.41,399.1,125303
2026-03-07 00:36:00,8.07,1.72,-6.96,12.04,-40.16,10.79,3.52,397.6,101804
2026-03-07 00:37:00,8.32,1.73,-6.50,11.72,-37.41,10.70,3.43,399.5,99974
2026-03-07 00:38:00,7.20,0.25,-7.83,1.99,-47.36,10.64,4.07,402.7,119047
2026-03-07 00:39:00,7.86,2.07,-6.94,14.78,-40.49,10.69,3.84,405.2,87231
2026-03-07 00:40:00,7.05,2.31,-7.89,18.16,-46.79,10.83,3.44,403.3,89778
2026-03-07 00:41:00,6.97,3.31,-6.88,25.41,-41.71,10.34,3.42,399.7,84433
2026-03-07 00:42:00,7.47,-2.62,-8.24,340.68,-46.13,11.43,2.45,418.8,84534
2026-03-07 00:43:00,8.03,-0.97,-8.19,353.14,-45.35,11.51,2.55,417.3,92193
2026-03-07 00:44:00,8.14,-0.64,-8.11,355.49,-44.79,11.51,2.52,420.4,90820
2026-03-07 00:45:00,8.00,-0.96,-8.31,353.14,-45.88,11.58,2.64,421.1,91780
2026-03-07 00:46:00,8.10,-0.95,-8.20,353.31,-45.17,11.56,2.68,420.8,94876
2026-03-07 00:47:00,8.35,-0.22,-7.72,358.48,-42.73,11.38,2.67,421.4,96982
2026-03-07 00:48:00,8.87,1.37,-7.08,8.79,-38.25,11.43,2.80,417.2,109386
2026-03-07 00:49:00,8.53,-0.47,-7.66,356.87,-41.89,11.47,2.86,413.9,110536
2026-03-07 00:50:00,7.37,-2.01,-8.16,344.72,-46.88,11.18,2.85,417.5,93202
2026-03-07 00:51:00,8.91,1.20,-6.47,7.66,-35.73,11.08,3.00,417.7,103122
2026-03-07 00:52:00,8.97,1.44,-6.49,9.13,-35.56,11.16,2.75,415.0,124710
2026-03-07 00:53:00,8.18,-1.48,-7.50,349.75,-42.03,11.20,2.84,418.6,121468
2026-03-07 00:54:00,8.45,-2.69,-6.71,342.32,-37.09,11.12,2.84,420.8,96614
2026-03-07 00:55:00,8.05,-2.65,-7.34,341.77,-40.89,11.21,2.80,422.1,108466
2026-03-07 00:56:00,7.83,-2.25,-7.80,343.99,-43.76,11.28,2.56,420.0,71643
2026-03-07 00:57:00,7.66,-2.91,-7.72,339.20,-43.28,11.26,2.60,420.8,71970
2026-03-07 00:58:00,7.61,-4.22,-7.00,331.00,-38.79,11.17,2.20,417.9,92993
2026-03-07 00:59:00,6.88,-5.07,-7.38,323.63,-40.80,11.29,2.83,421.9,83582
2026-03-07 01:00:00,5.44,-7.92,-6.02,304.47,-32.07,11.34,2.48,426.3,73325
2026-03-07 01:01:00,3.37,-10.39,-4.34,287.99,-21.65,11.75,2.57,425.2,87624
2026-03-07 01:02:00,3.61,-10.32,-4.11,289.30,-20.59,11.68,2.96,425.4,89713
2026-03-07 01:03:00,3.77,-10.61,-4.19,289.54,-20.43,12.02,3.12,426.3,85479
2026-03-07 01:04:00,5.42,-8.93,-5.57,301.25,-28.09,11.83,1.92,426.3,68963
2026-03-07 01:05:00,7.64,-6.54,-6.04,319.42,-30.98,11.73,2.25,421.5,70019
2026-03-07 01:06:00,8.45,-5.58,-6.18,326.55,-31.38,11.86,2.59,414.2,76360
2026-03-07 01:07:00,8.41,-4.40,-7.01,332.38,-36.47,11.80,2.40,414.3,86172
2026-03-07 01:08:00,8.10,-1.63,-8.37,348.62,-45.36,11.77,2.82,414.7,82974
2026-03-07 01:09:00,8.19,-0.61,-8.29,355.74,-45.27,11.67,3.01,411.7,66619
2026-03-07 01:10:00,8.27,-0.16,-8.10,358.87,-44.41,11.58,3.10,412.2,64735
2026-03-07 01:11:00,8.50,0.67,-7.74,4.51,-42.22,11.51,2.54,411.9,62583
2026-03-07 01:12:00,8.57,2.38,-7.56,15.51,-40.34,11.67,3.10,410.3,56304
2026-03-07 01:13:00,8.54,1.12,-7.84,7.46,-42.32,11.64,3.12,412.3,61320
2026-03-07 01:14:00,8.77,0.24,-7.53,1.55,-40.64,11.57,3.12,408.8,54618
2026-03-07 01:15:00,8.78,-0.05,-7.22,359.67,-39.43,11.37,2.92,409.6,62565
2026-03-07 01:16:00,8.88,0.46,-7.16,2.96,-38.83,11.42,2.87,405.5,53848
2026-03-07 01:17:00,8.79,-0.49,-7.13,356.83,-39.01,11.33,2.72,406.0,60094
2026-03-07 01:18:00,8.63,-0.90,-7.44,354.04,-40.61,11.43,2.78,407.9,58964
2026-03-07 01:19:00,8.51,-1.53,-7.33,349.79,-40.30,11.33,2.85,407.6,50605
2026-03-07 01:20:00,8.96,-1.45,-6.79,350.83,-36.78,11.33,2.99,407.8,56441
2026-03-07 01:21:00,8.23,-3.01,-6.99,339.88,-38.58,11.21,3.14,409.9,89797
2026-03-07 01:22:00,7.37,-4.42,-7.21,329.04,-39.97,11.22,3.05,409.2,103872
2026-03-07 01:23:00,7.85,-4.19,-6.79,331.93,-37.35,11.19,2.96,404.3,65432
2026-03-07 01:24:00,7.50,-4.57,-6.91,328.62,-38.18,11.17,2.96,403.0,82195
2026-03-07 01:25:00,7.21,-4.96,-6.92,325.47,-38.34,11.16,3.09,405.1,130264
2026-03-07 01:26:00,6.74,-5.94,-6.64,318.62,-36.46,11.17,2.72,400.5,72288
2026-03-07 01:27:00,5.37,-7.94,-5.72,304.08,-30.84,11.17,2.87,401.5,95613
2026-03-07 01:28:00,5.71,-7.30,-6.08,308.05,-33.27,11.09,3.19,410.7,156243
2026-03-07 01:29:00,7.80,-2.64,-6.61,341.32,-38.78,10.56,2.58,405.4,96062
2026-03-07 01:30:00,7.90,-1.60,-6.87,348.53,-40.43,10.59,2.40,403.4,84014
2026-03-07 01:31:00,8.30,-1.91,-6.14,347.01,-35.78,10.50,2.82,405.3,107438
2026-03-07 01:32:00,7.74,-4.51,-5.53,329.80,-31.70,10.53,2.56,407.8,131287
2026-03-07 01:33:00,7.38,-4.50,-6.23,328.63,-35.79,10.65,2.43,407.5,99997
2026-03-07 01:34:00,6.81,-5.18,-6.28,322.77,-36.29,10.62,2.81,413.5,105927
2026-03-07 01:35:00,8.08,-3.42,-5.63,337.05,-32.69,10.43,2.54,408.2,94210
2026-03-07 01:36:00,7.85,-1.23,-6.48,351.10,-39.20,10.25,2.09,399.8,69496
2026-03-07 01:37:00,7.41,-0.85,-7.12,353.46,-43.67,10.31,2.33,414.2,200000
2026-03-07 01:38:00,8.20,0.65,-6.21,4.50,-37.06,10.31,2.58,413.0,195822
2026-03-07 01:39:00,7.99,-0.52,-6.26,356.29,-38.03,10.16,3.02,410.4,188074
2026-03-07 01:40:00,8.51,-1.79,-5.20,348.10,-30.85,10.13,2.78,408.0,164831
2026-03-07 01:41:00,8.29,-2.45,-5.39,343.52,-31.95,10.18,2.57,400.7,82662
2026-03-07 01:42:00,8.10,-3.26,-5.18,338.10,-30.71,10.15,2.96,411.8,194072
2026-03-07 01:43:00,5.54,-6.48,-5.95,310.52,-34.93,10.39,3.01,416.9,161793
2026-03-07 01:44:00,6.93,-5.45,-5.22,321.82,-30.61,10.25,3.34,430.5,151665
2026-03-07 01:45:00,8.22,-3.96,-4.18,334.30,-24.60,10.03,1.81,404.6,111445
2026-03-07 01:46:00,8.06,-3.54,-4.62,336.32,-27.68,9.94,1.92,414.2,265116
2026-03-07 01:47:00,7.32,-3.40,-5.67,335.09,-35.10,9.86,2.90,413.1,217589
2026-03-07 01:48:00,4.53,-4.48,-8.06,315.37,-51.68,10.28,3.14,430.1,159477
2026-03-07 01:49:00,5.54,-4.76,-7.50,319.36,-45.77,10.47,2.82,423.0,105929
2026-03-07 01:50:00,3.74,-5.98,-7.77,301.99,-47.74,10.49,2.98,422.7,119009
2026-03-07 01:51:00,4.13,-6.11,-7.54,304.10,-45.63,10.54,3.35,427.0,143859
2026-03-07 01:52:00,2.41,-7.51,-7.21,287.79,-42.45,10.69,3.44,436.5,135669
2026-03-07 01:53:00,5.19,-6.48,-6.49,308.69,-37.99,10.54,3.34,437.5,137158
2026-03-07 01:54:00,5.87,-5.54,-6.61,316.65,-39.32,10.43,3.28,421.9,168847
2026-03-07 01:55:00,6.28,-5.95,-5.82,316.53,-33.93,10.42,3.11,417.0,162340
2026-03-07 01:56:00,6.36,-6.20,-5.45,315.73,-31.56,10.42,2.59,409.7,104146
2026-03-07 01:57:00,6.99,-4.57,-5.95,326.79,-35.46,10.25,2.67,417.8,176779
2026-03-07 01:58:00,7.86,-4.31,-5.70,331.26,-32.49,10.62,3.02,410.0,162378
2026-03-07 01:59:00,5.98,-8.06,-3.29,306.58,-18.12,10.57,2.73,393.7,72499
2026-03-07 02:00:00,4.94,-9.64,-2.08,297.13,-10.88,11.03,1.82,436.3,157216
2026-03-07 02:01:00,5.39,-8.25,-4.45,303.18,-24.32,10.81,2.65,429.4,134594
2026-03-07 02:02:00,6.82,-7.44,-3.59,312.49,-19.57,10.71,2.46,408.4,105202
2026-03-07 02:03:00,5.88,-8.09,-3.89,306.01,-21.23,10.73,2.57,405.3,93353
2026-03-07 02:04:00,5.80,-8.52,-3.22,304.25,-17.36,10.80,1.90,414.7,171946
2026-03-07 02:05:00,5.12,-9.04,-3.74,299.51,-19.78,11.04,2.22,418.6,149899
2026-03-07 02:06:00,5.52,-8.83,-3.72,302.02,-19.65,11.05,2.61,419.0,135907
2026-03-07 02:07:00,6.44,-8.31,-2.68,307.79,-14.31,10.85,2.27,413.8,115209
2026-03-07 02:08:00,5.81,-8.58,-3.40,304.11,-18.18,10.91,2.16,412.1,129068
2026-03-07 02:09:00,6.07,-8.15,-3.90,306.69,-21.01,10.88,2.44,415.5,173381
2026-03-07 02:10:00,5.89,-8.50,-3.35,304.71,-17.95,10.87,2.46,406.5,104174
2026-03-07 02:11:00,6.42,-8.08,-3.05,308.47,-16.49,10.76,2.29,404.2,98456
2026-03-07 02:12:00,5.32,-9.03,-2.89,300.48,-15.42,10.87,1.87,400.3,90544
2026-03-07 02:13:00,4.97,-8.75,-4.30,299.59,-23.16,10.94,2.24,411.6,125377
2026-03-07 02:14:00,4.30,-8.96,-4.71,295.67,-25.36,11.00,3.78,421.3,147765
2026-03-07 02:15:00,4.60,-8.80,-4.34,297.61,-23.60,10.83,3.03,421.2,135442
2026-03-07 02:16:00,8.08,-5.65,-4.57,325.03,-24.87,10.87,2.51,397.2,75069
2026-03-07 02:17:00,7.25,-7.01,-4.17,315.98,-22.44,10.91,2.63,394.8,71308
2026-03-07 02:18:00,5.23,-9.07,-3.38,299.98,-17.90,11.01,2.90,412.1,159442
2026-03-07 02:19:00,5.19,-8.83,-3.41,300.45,-18.40,10.79,2.13,413.4,106402
2026-03-07 02:20:00,3.49,-9.68,-0.92,289.81,-5.10,10.33,2.59,412.1,173013
2026-03-07 02:21:00,3.06,-9.54,-0.61,287.79,-3.48,10.04,2.38,429.4,181909
2026-03-07 02:22:00,5.18,-7.17,-0.91,305.84,-5.86,8.90,2.30,422.8,182136
2026-03-07 02:23:00,3.53,-10.26,0.08,288.96,0.45,10.85,2.07,420.1,188229
2026-03-07 02:24:00,1.86,-10.68,-0.29,279.90,-1.52,10.85,1.70,431.6,152855
2026-03-07 02:25:00,1.97,-10.59,-0.11,280.54,-0.58,10.78,1.92,431.6,144346
2026-03-07 02:26:00,2.19,-10.63,0.26,281.65,1.37,10.86,2.17,427.6,177490
2026-03-07 02:27:00,1.36,-10.59,-0.03,277.34,-0.14,10.67,1.82,437.7,145304
2026-03-07 02:28:00,3.04,-9.83,-2.02,287.19,-11.12,10.49,2.07,439.2,129056
2026-03-07 02:29:00,4.60,-8.68,-3.42,297.91,-19.23,10.40,1.96,426.7,128851
2026-03-07 02:30:00,4.01,-9.28,-3.18,293.39,-17.48,10.60,2.67,409.5,102207
2026-03-07 02:31:00,4.20,-9.24,-2.93,294.43,-16.12,10.57,2.82,415.9,119996
2026-03-07 02:32:00,3.87,-9.50,-2.56,292.18,-14.01,10.57,2.57,413.4,122951
2026-03-07 02:33:00,4.63,-9.10,-2.39,296.96,-13.19,10.48,2.85,408.0,109271
2026-03-07 02:34:00,5.78,-7.87,-3.27,306.31,-18.54,10.30,2.48,411.9,161007
2026-03-07 02:35:00,2.83,-10.05,-2.39,285.71,-12.92,10.71,3.09,429.5,157313
2026-03-07 02:36:00,2.28,-10.43,-1.77,282.32,-9.40,10.82,2.97,434.3,130017
2026-03-07 02:37:00,2.39,-10.52,-0.50,282.81,-2.67,10.80,2.32,438.2,133180
2026-03-07 02:38:00,3.00,-10.21,-0.92,286.39,-4.93,10.68,1.95,435.7,158023
2026-03-07 02:39:00,3.57,-10.07,-0.62,289.52,-3.34,10.70,1.88,426.2,162802
2026-03-07 02:40:00,3.74,-9.92,-0.71,290.66,-3.82,10.63,2.27,428.9,156386
2026-03-07 02:41:00,2.70,-10.41,-0.13,284.54,-0.68,10.76,2.37,436.7,162395
2026-03-07 02:42:00,2.81,-10.46,-0.04,285.01,-0.22,10.83,1.83,433.9,170743
2026-03-07 02:43:00,2.21,-10.65,-0.12,281.75,-0.65,10.88,1.92,435.9,120317
2026-03-07 02:44:00,2.37,-10.50,-0.18,282.72,-0.93,10.77,1.99,435.9,130467
2026-03-07 02:45:00,0.12,-10.99,1.00,270.61,5.18,11.03,2.16,437.4,167697
2026-03-07 02:46:00,0.41,-10.92,0.90,272.15,4.73,10.97,1.45,447.3,145934
2026-03-07 02:47:00,-0.58,-10.65,2.21,266.87,11.70,10.89,1.73,449.9,147989
2026-03-07 02:48:00,-0.95,-10.87,2.73,264.99,14.05,11.25,0.87,444.5,124832
2026-03-07 02:49:00,-2.38,-10.82,1.58,257.61,8.12,11.19,1.30,461.2,146300
2026-03-07 02:50:00,-3.52,-10.67,0.80,251.74,4.08,11.27,2.14,482.9,161832
2026-03-07 02:51:00,-2.66,-11.06,1.11,256.46,5.55,11.43,1.81,465.3,150639
2026-03-07 02:52:00,-4.95,-10.34,0.18,244.42,0.92,11.46,2.15,476.4,165561
2026-03-07 02:53:00,-3.32,-10.55,2.04,252.54,10.45,11.24,1.70,470.0,139972
2026-03-07 02:54:00,-2.56,-10.76,2.81,256.61,14.28,11.41,1.25,462.1,132998
2026-03-07 02:55:00,-1.49,-10.36,4.37,261.82,22.66,11.34,0.85,456.4,139360
2026-03-07 02:56:00,-2.20,-10.80,2.73,258.47,13.92,11.35,0.77,453.5,132607
2026-03-07 02:57:00,-2.29,-10.64,2.84,257.87,14.62,11.25,1.08,459.9,128311
2026-03-07 02:58:00,-1.23,-10.68,2.99,263.42,15.53,11.16,1.16,460.9,148297
2026-03-07 02:59:00,-2.10,-10.65,-0.82,258.85,-4.31,10.88,1.67,451.9,168987
2026-03-07 03:00:00,-2.81,-9.56,3.17,253.64,17.68,10.46,2.64,461.6,143983
2026-03-07 03:01:00,2.81,-3.58,-7.90,308.13,-60.06,9.12,0.65,451.8,144914
2026-03-07 03:02:00,3.55,-2.75,-8.90,322.24,-63.24,9.96,2.43,437.3,213038
2026-03-07 03:03:00,4.53,-4.48,-7.78,315.34,-50.68,10.05,2.39,438.1,193752
2026-03-07 03:04:00,5.09,-5.94,-6.41,310.58,-39.37,10.11,2.34,414.0,131908
2026-03-07 03:05:00,5.07,-6.75,-5.65,306.93,-33.79,10.16,2.40,420.0,216588
2026-03-07 03:06:00,4.67,-7.44,-5.34,302.11,-31.28,10.28,2.72,422.1,211618
2026-03-07 03:07:00,1.37,-9.67,1.66,278.07,9.66,9.91,3.16,414.9,177385
2026-03-07 03:08:00,0.04,-10.31,4.63,270.20,24.17,11.30,1.16,438.9,186681
2026-03-07 03:09:00,0.57,-10.38,3.94,273.13,20.78,11.12,0.29,448.3,187555
2026-03-07 03:10:00,1.44,-10.56,3.04,277.78,15.92,11.09,0.74,441.0,170391
2026-03-07 03:11:00,0.80,-10.62,2.95,274.33,15.45,11.05,1.11,440.4,156597
2026-03-07 03:12:00,1.60,-10.64,2.20,278.53,11.59,10.98,1.38,440.4,144834
2026-03-07 03:13:00,1.39,-10.54,2.75,277.52,14.49,10.99,1.38,435.3,141197
2026-03-07 03:14:00,0.07,-10.89,1.93,270.38,10.06,11.06,1.22,438.8,148296
2026-03-07 03:15:00,-0.63,-10.96,1.97,266.72,10.18,11.16,1.68,448.2,145596
2026-03-07 03:16:00,0.23,-10.91,2.38,271.22,12.28,11.17,1.35,444.5,162716
2026-03-07 03:17:00,-0.48,-11.08,2.06,267.54,10.53,11.28,1.40,445.3,158925
2026-03-07 03:18:00,0.20,-10.98,2.14,271.05,11.01,11.19,1.69,449.8,135238
2026-03-07 03:19:00,0.54,-10.94,2.19,272.81,11.29,11.17,1.51,440.6,148531
2026-03-07 03:20:00,0.32,-10.94,2.45,271.66,12.61,11.21,1.34,440.1,124925
2026-03-07 03:21:00,-1.67,-10.48,3.61,260.94,18.80,11.21,1.95,449.3,191242
2026-03-07 03:22:00,-2.24,-10.21,3.36,257.63,17.82,10.98,1.16,469.3,175700
2026-03-07 03:23:00,-1.47,-10.57,3.28,262.06,17.10,11.16,1.19,457.5,173284
2026-03-07 03:24:00,-0.19,-8.59,1.09,268.71,7.23,8.67,2.12,447.7,116899
2026-03-07 03:25:00,-0.54,-7.57,6.71,265.93,41.51,10.13,1.10,456.0,125472
2026-03-07 03:26:00,-0.64,-8.38,6.62,265.60,38.23,10.69,0.36,463.0,191002
2026-03-07 03:27:00,-0.20,-8.71,6.30,268.68,35.89,10.75,0.31,460.0,204415
2026-03-07 03:28:00,-1.05,-9.70,4.72,263.81,25.80,10.84,0.66,456.7,148503
2026-03-07 03:29:00,-2.34,-10.16,3.51,257.03,18.59,11.00,0.96,459.8,123285
2026-03-07 03:30:00,-3.51,-9.98,3.53,250.62,18.44,11.15,0.81,467.6,134635
2026-03-07 03:31:00,-0.32,-10.17,3.36,268.18,18.26,10.72,0.76,472.5,114205
2026-03-07 03:32:00,0.94,-10.25,3.49,275.25,18.75,10.87,0.72,461.9,149062
2026-03-07 03:33:00,0.32,-10.43,2.26,271.73,12.20,10.68,1.20,448.4,163195
2026-03-07 03:34:00,0.89,-10.52,0.74,274.84,4.03,10.58,1.92,450.9,152952
2026-03-07 03:35:00,1.44,-10.41,-0.23,277.86,-1.24,10.51,1.44,439.2,168123
2026-03-07 03:36:00,0.90,-10.14,-3.32,275.06,-18.06,10.71,2.55,439.4,159661
2026-03-07 03:37:00,0.08,-10.42,-3.18,270.46,-16.95,10.89,3.26,444.9,160789
2026-03-07 03:38:00,0.10,-10.20,-3.78,270.54,-20.31,10.88,3.56,443.4,156616
2026-03-07 03:39:00,-0.71,-9.97,-4.22,265.92,-22.88,10.85,3.56,448.2,163922
2026-03-07 03:40:00,-0.87,-9.74,-4.66,264.89,-25.47,10.83,3.18,450.3,155609
2026-03-07 03:41:00,-1.17,-9.74,-4.46,263.15,-24.41,10.78,3.34,452.1,144269
2026-03-07 03:42:00,-1.31,-10.34,-2.59,262.75,-13.98,10.74,3.20,452.2,153048
