time_tag,bx_gsm,by_gsm,bz_gsm,lon_gsm,lat_gsm,bt,density,speed,temperature
2026-02-24 09:20:00,2.73,0.50,-2.47,10.42,-41.76,3.71,2.07,598.0,152119
2026-02-24 09:21:00,3.62,1.08,-0.25,16.60,-3.85,3.78,1.28,589.7,147911
2026-02-24 09:22:00,3.21,1.49,1.75,24.90,26.29,3.95,1.45,579.4,175119
2026-02-24 09:23:00,2.69,1.80,1.79,33.80,28.92,3.69,2.23,595.3,195057
2026-02-24 09:24:00,3.49,1.45,-0.81,22.54,-12.15,3.86,1.63,581.4,157721
2026-02-24 09:25:00,3.57,1.54,0.39,23.37,5.65,3.91,1.13,572.7,139006
2026-02-24 09:26:00,3.43,1.71,1.40,26.51,20.06,4.08,2.48,592.1,210902
2026-02-24 09:27:00,3.60,1.58,0.22,23.65,3.15,3.94,2.00,588.9,177018
2026-02-24 09:28:00,3.89,0.53,0.21,7.69,3.01,3.94,2.03,583.5,170828
2026-02-24 09:29:00,3.70,0.86,-0.66,13.13,-9.85,3.86,0.75,565.3,109293
2026-02-24 09:30:00,3.12,2.39,-0.38,37.44,-5.57,3.95,2.15,591.6,199898
2026-02-24 09:31:00,3.47,0.66,-0.88,10.75,-14.03,3.64,2.39,591.6,170786
2026-02-24 09:32:00,3.59,-0.27,-1.14,355.64,-17.59,3.78,3.75,594.1,111256
2026-02-24 09:33:00,3.64,0.12,-1.04,1.93,-15.87,3.79,2.61,583.1,131907
2026-02-24 09:34:00,3.75,0.52,-0.36,7.90,-5.37,3.81,2.10,581.1,201294
2026-02-24 09:35:00,3.47,-0.36,-1.04,354.06,-16.62,3.64,1.92,583.4,202085
2026-02-24 09:36:00,3.61,0.21,-0.35,3.40,-5.57,3.64,1.02,574.6,165271
2026-02-24 09:37:00,3.76,0.53,0.03,8.07,0.45,3.80,1.40,578.2,200974
2026-02-24 09:38:00,3.82,0.15,0.05,2.21,0.74,3.83,2.57,593.2,235041
2026-02-24 09:39:00,3.75,-0.25,-0.12,356.14,-1.85,3.76,1.93,578.8,162531
2026-02-24 09:40:00,3.81,-0.08,0.13,358.84,1.99,3.81,1.86,578.8,162119
2026-02-24 09:41:00,3.57,1.02,-0.52,15.96,-8.00,3.75,0.86,564.6,119826
2026-02-24 09:42:00,3.66,-0.64,-0.03,350.15,-0.54,3.72,2.69,604.7,253780
2026-02-24 09:43:00,3.43,-1.15,-0.55,341.38,-8.71,3.66,2.36,584.4,174831
2026-02-24 09:44:00,3.34,-1.49,-0.52,335.97,-8.06,3.69,1.66,582.1,183387
2026-02-24 09:45:00,1.40,-2.99,-0.45,295.15,-7.83,3.33,1.88,593.2,218533
2026-02-24 09:46:00,0.36,-4.29,0.51,274.76,6.73,4.33,1.12,607.8,187374
2026-02-24 09:47:00,0.25,-4.28,-0.73,273.29,-9.65,4.35,1.47,618.9,176044
2026-02-24 09:48:00,0.77,-4.09,-0.60,280.61,-8.17,4.20,1.19,590.4,108576
2026-02-24 09:49:00,1.23,-3.25,-1.16,290.66,-18.45,3.66,1.35,604.9,155632
2026-02-24 09:50:00,0.23,-3.55,0.50,273.78,8.07,3.59,1.64,622.8,233007
2026-02-24 09:51:00,0.85,-4.06,0.00,281.86,-0.01,4.15,1.72,624.1,258790
2026-02-24 09:52:00,-0.17,-4.47,0.49,267.83,6.21,4.50,1.90,636.1,224494
2026-02-24 09:53:00,0.05,-4.53,0.34,270.65,4.27,4.54,1.82,632.5,201938
2026-02-24 09:54:00,0.02,-4.53,0.50,270.24,6.25,4.56,1.59,620.7,154974
2026-02-24 09:55:00,1.08,-4.11,-0.07,284.69,-0.94,4.24,1.33,606.0,140428
2026-02-24 09:56:00,0.99,-3.98,0.38,283.98,5.25,4.12,1.43,602.2,160367
2026-02-24 09:57:00,0.32,-4.20,0.59,274.34,7.97,4.25,1.55,613.3,185303
2026-02-24 09:58:00,0.98,-4.08,0.78,283.51,10.58,4.27,1.10,602.2,126038
2026-02-24 09:59:00,0.01,-4.23,0.56,270.10,7.54,4.27,2.23,610.3,206268
2026-02-24 10:00:00,0.62,-4.19,0.65,278.37,8.67,4.29,1.49,613.7,147808
2026-02-24 10:01:00,0.84,-4.18,1.25,281.41,16.33,4.44,1.86,632.4,259738
2026-02-24 10:02:00,0.07,-4.32,0.71,270.92,9.39,4.38,1.57,628.0,192582
2026-02-24 10:03:00,0.13,-4.29,0.65,271.78,8.59,4.34,1.48,620.5,137336
2026-02-24 10:04:00,1.15,-4.06,0.64,285.85,8.56,4.27,1.79,615.2,161447
2026-02-24 10:05:00,0.86,-4.16,0.27,281.68,3.57,4.26,1.75,607.8,172901
2026-02-24 10:06:00,1.07,-4.00,-0.58,285.03,-8.01,4.18,1.45,607.5,169040
2026-02-24 10:07:00,1.66,-3.55,-0.68,295.13,-9.86,3.98,0.88,586.6,117303
2026-02-24 10:08:00,1.39,-3.49,-1.35,291.71,-19.81,4.00,1.09,587.7,164157
2026-02-24 10:09:00,0.88,-2.62,-2.45,288.55,-41.48,3.69,1.78,608.8,238777
2026-02-24 10:10:00,0.84,-2.02,-3.58,292.49,-58.59,4.20,1.45,593.5,149822
2026-02-24 10:11:00,1.87,-1.35,-3.28,324.22,-54.87,4.01,1.23,597.1,147211
2026-02-24 10:12:00,2.53,-1.42,-1.44,330.69,-26.45,3.24,1.16,583.3,137201
2026-02-24 10:13:00,2.36,-2.85,0.56,309.57,8.54,3.74,1.25,588.3,206390
2026-02-24 10:14:00,1.96,-3.13,1.52,302.04,22.35,3.99,1.82,594.7,139600
2026-02-24 10:15:00,3.04,-1.84,0.64,328.87,10.16,3.61,1.94,597.4,151068
2026-02-24 10:16:00,3.10,-1.91,1.15,328.42,17.53,3.82,2.76,600.8,212441
2026-02-24 10:17:00,2.87,-2.33,-0.27,320.93,-4.19,3.70,3.51,601.1,109625
2026-02-24 10:18:00,2.89,-2.20,0.00,322.74,-0.07,3.64,1.66,595.5,195068
2026-02-24 10:19:00,2.92,-1.90,0.90,326.90,14.48,3.60,1.82,587.0,184610
2026-02-24 10:20:00,0.07,-3.13,-1.79,271.24,-29.81,3.60,4.48,602.6,181738
2026-02-24 10:21:00,-0.87,-3.39,-2.13,255.57,-31.27,4.10,2.77,617.6,171964
2026-02-24 10:22:00,-0.42,-2.63,-2.96,260.83,-48.08,3.98,1.39,623.0,208274
2026-02-24 10:23:00,0.67,-1.24,-3.33,298.62,-67.06,3.61,1.58,618.2,215932
2026-02-24 10:24:00,1.24,0.55,-3.08,23.96,-66.19,3.37,1.60,612.6,190316
2026-02-24 10:25:00,1.39,-0.55,-2.10,338.55,-54.65,2.58,1.28,591.7,137638
2026-02-24 10:26:00,2.49,-1.12,-1.85,335.86,-34.14,3.30,1.32,590.7,159247
2026-02-24 10:27:00,2.87,-1.88,-0.01,326.78,-0.23,3.43,1.53,592.6,232819
2026-02-24 10:28:00,2.20,-2.42,-1.29,312.31,-21.52,3.52,1.80,604.1,288802
2026-02-24 10:29:00,1.26,-2.10,-1.31,301.08,-28.07,2.78,1.16,590.8,195341
2026-02-24 10:30:00,-1.40,-0.88,4.37,212.02,69.29,4.67,1.41,599.4,253863
2026-02-24 10:31:00,-1.05,-2.60,3.10,248.00,47.82,4.18,1.64,632.8,129107
2026-02-24 10:32:00,1.14,-1.92,3.66,300.65,58.55,4.29,1.80,647.9,222890
2026-02-24 10:33:00,1.15,-2.87,2.75,291.79,41.66,4.13,2.30,617.1,202131
2026-02-24 10:34:00,1.13,-3.73,0.18,286.88,2.69,3.90,3.28,597.9,88103
2026-02-24 10:35:00,0.32,-4.08,-0.37,274.54,-5.10,4.11,1.87,601.2,145170
2026-02-24 10:36:00,1.38,-2.63,-2.29,297.64,-37.59,3.75,1.26,602.0,158443
2026-02-24 10:37:00,1.64,-1.96,-2.58,310.04,-45.29,3.63,1.31,599.6,181805
2026-02-24 10:38:00,1.54,-2.15,-2.15,305.68,-39.16,3.41,0.92,576.4,144049
2026-02-24 10:39:00,0.92,-1.61,-3.16,299.69,-59.56,3.66,1.14,591.9,196174
2026-02-24 10:40:00,2.78,-1.66,0.53,329.10,9.37,3.28,1.74,613.5,310294
2026-02-24 10:41:00,1.60,-1.56,0.56,315.69,13.95,2.31,1.84,595.4,280040
2026-02-24 10:42:00,1.81,-1.64,2.09,317.83,40.55,3.21,1.82,587.9,176637
2026-02-24 10:43:00,2.88,-1.79,1.12,328.06,18.28,3.57,1.75,587.3,176066
2026-02-24 10:44:00,3.26,-1.10,-0.50,341.31,-8.31,3.48,2.15,589.2,206307
2026-02-24 10:45:00,-0.05,0.90,4.54,93.16,78.81,4.62,1.44,584.8,186700
2026-02-24 10:46:00,0.95,0.20,4.33,12.12,77.34,4.44,0.67,578.5,67876
2026-02-24 10:47:00,0.59,-0.06,4.27,354.14,82.07,4.31,1.59,604.8,140315
2026-02-24 10:48:00,0.74,-0.51,3.94,325.50,77.17,4.05,1.49,631.3,133044
2026-02-24 10:49:00,1.86,-1.01,3.21,331.46,56.64,3.85,1.77,613.0,173559
2026-02-24 10:50:00,2.20,-1.46,2.96,326.40,48.28,3.96,0.82,569.5,76665
2026-02-24 10:51:00,2.07,-1.46,0.76,324.87,16.67,2.64,1.42,583.7,130061
2026-02-24 10:52:00,3.05,-1.01,1.54,341.65,25.52,3.56,2.04,595.8,181795
2026-02-24 10:53:00,3.27,-0.85,1.62,345.40,25.55,3.75,2.05,586.7,174486
2026-02-24 10:54:00,3.16,-0.43,2.05,352.27,32.81,3.79,1.98,582.4,172288
2026-02-24 10:55:00,3.49,-0.89,0.07,345.66,1.04,3.60,2.06,580.8,178657
2026-02-24 10:56:00,3.42,-1.18,0.01,341.02,0.14,3.62,1.97,576.6,176276
2026-02-24 10:57:00,3.52,-0.79,-0.31,347.31,-4.97,3.62,1.77,575.5,174139
2026-02-24 10:58:00,3.62,-0.29,0.18,355.49,2.79,3.64,2.22,581.4,209888
2026-02-24 10:59:00,3.71,0.25,-0.08,3.92,-1.24,3.72,1.98,576.2,181748
2026-02-24 11:00:00,3.65,0.65,-0.38,10.14,-5.88,3.73,1.37,562.6,102180
2026-02-24 11:01:00,3.56,1.19,-0.68,18.42,-10.32,3.82,2.19,579.3,162364
2026-02-24 11:02:00,3.52,1.28,-0.79,20.00,-11.99,3.83,1.57,572.1,124792
2026-02-24 11:03:00,3.58,1.05,-0.79,16.32,-11.92,3.81,2.22,579.8,149706
2026-02-24 11:04:00,3.39,-0.22,-0.32,356.36,-5.45,3.41,2.48,583.2,164685
2026-02-24 11:05:00,2.29,-3.13,0.93,306.16,13.46,3.98,2.25,570.2,103720
2026-02-24 11:06:00,3.56,-1.39,0.21,338.70,3.21,3.83,2.34,590.3,250643
2026-02-24 11:07:00,3.45,-1.35,0.85,338.57,12.87,3.80,2.23,579.4,200711
2026-02-24 11:08:00,3.45,-1.66,0.51,334.35,7.58,3.86,2.55,583.1,208146
2026-02-24 11:09:00,3.52,-1.45,0.38,337.57,5.75,3.83,1.62,566.8,156807
2026-02-24 11:10:00,3.69,-0.53,0.08,351.79,1.30,3.73,1.88,573.9,177055
2026-02-24 11:11:00,3.75,0.44,-0.56,6.63,-8.43,3.82,2.40,580.4,195987
2026-02-24 11:12:00,3.90,-0.11,0.04,358.37,0.53,3.91,2.33,574.0,177227
2026-02-24 11:13:00,3.65,-0.99,0.64,344.82,9.68,3.83,2.40,575.6,191213
2026-02-24 11:14:00,3.50,-1.12,0.71,342.28,10.90,3.74,2.23,576.2,200585
2026-02-24 11:15:00,3.25,-1.67,0.70,332.78,10.85,3.72,2.08,578.6,198346
2026-02-24 11:16:00,3.68,0.48,-0.27,7.45,-4.12,3.72,1.88,576.2,175441
2026-02-24 11:17:00,3.40,-0.33,-0.91,354.38,-14.83,3.54,1.12,559.6,106650
2026-02-24 11:18:00,3.24,-0.30,-1.56,354.63,-25.58,3.60,5.75,597.8,152359
2026-02-24 11:19:00,2.20,-1.29,-2.49,329.68,-44.26,3.57,1.32,583.1,195546
2026-02-24 11:20:00,2.02,-0.84,-3.07,337.46,-54.59,3.77,1.18,581.1,177936
2026-02-24 11:21:00,1.78,-0.51,-3.51,344.10,-62.27,3.97,1.22,572.3,149079
2026-02-24 11:22:00,1.79,-0.80,-3.40,335.86,-60.00,3.93,1.61,610.7,246843
2026-02-24 11:23:00,2.26,-0.35,-3.20,351.27,-54.41,3.93,1.35,601.0,187104
2026-02-24 11:24:00,2.39,0.09,-3.10,2.20,-52.33,3.92,1.55,591.4,172158
2026-02-24 11:25:00,2.09,0.49,-3.40,13.20,-57.75,4.02,1.61,594.2,172221
2026-02-24 11:26:00,1.25,0.19,-3.41,8.66,-69.71,3.64,1.49,599.3,160242
2026-02-24 11:27:00,0.68,-0.72,-4.00,313.62,-76.12,4.12,1.16,601.5,153800
2026-02-24 11:28:00,1.22,0.85,-3.98,34.77,-69.52,4.25,0.78,586.5,122471
2026-02-24 11:29:00,1.41,0.86,-3.96,31.45,-67.36,4.29,1.02,583.2,123547
2026-02-24 11:30:00,1.68,0.34,-3.79,11.54,-65.58,4.16,1.73,612.1,198354
2026-02-24 11:31:00,1.58,-1.94,-2.76,309.14,-47.72,3.73,1.22,597.8,136181
2026-02-24 11:32:00,0.91,-3.43,-1.74,284.93,-26.10,3.96,1.34,598.8,150424
2026-02-24 11:33:00,1.71,-2.66,-2.10,302.77,-33.54,3.80,1.93,603.0,226645
2026-02-24 11:34:00,3.16,-0.97,-1.13,343.00,-18.85,3.50,1.70,595.4,267233
2026-02-24 11:35:00,1.95,-3.12,-0.91,302.05,-13.88,3.79,2.41,577.1,137556
2026-02-24 11:36:00,2.77,-2.36,-1.19,319.52,-18.11,3.83,0.91,552.5,73735
2026-02-24 11:37:00,1.87,-2.63,-2.18,305.40,-33.98,3.89,1.90,602.6,280096
2026-02-24 11:38:00,2.53,-2.35,-1.70,317.18,-26.25,3.85,1.50,589.5,186708
2026-02-24 11:39:00,1.15,-3.15,-2.19,290.10,-33.14,4.01,1.30,594.0,169419
2026-02-24 11:40:00,3.10,-1.89,0.14,328.64,2.22,3.64,1.14,568.4,132055
2026-02-24 11:41:00,3.52,-0.20,0.38,356.76,6.09,3.55,1.94,581.1,227725
2026-02-24 11:42:00,3.27,-1.60,-0.62,333.92,-9.67,3.69,3.27,594.2,199297
2026-02-24 11:43:00,2.41,-2.54,-1.23,313.57,-19.30,3.71,2.64,587.9,148894
2026-02-24 11:44:00,2.17,-0.17,-2.41,355.55,-47.99,3.25,1.52,587.3,215555
2026-02-24 11:45:00,2.40,-0.64,-2.80,344.97,-48.50,3.74,2.15,594.0,201219
2026-02-24 11:46:00,1.32,-1.30,-3.07,315.30,-58.94,3.59,2.44,594.8,104628
2026-02-24 11:47:00,1.51,-0.91,-2.68,328.92,-56.58,3.21,1.42,597.3,184404
2026-02-24 11:48:00,1.03,-0.71,-2.97,325.54,-67.15,3.22,1.59,608.2,231516
2026-02-24 11:49:00,1.54,-0.02,-2.49,359.19,-58.29,2.93,1.84,624.4,325500
2026-02-24 11:50:00,1.78,-0.42,-2.64,346.79,-55.30,3.21,1.53,591.5,147598
2026-02-24 11:51:00,1.17,-1.04,-2.78,318.62,-60.57,3.19,1.48,602.9,201274
2026-02-24 11:52:00,2.11,-0.13,-3.68,356.37,-60.14,4.25,1.16,580.0,125358
2026-02-24 11:53:00,2.15,0.28,-3.69,7.43,-59.53,4.28,1.72,615.4,209444
2026-02-24 11:54:00,2.42,0.79,-3.35,18.01,-52.81,4.20,1.50,601.9,160992
2026-02-24 11:55:00,2.30,0.25,-3.54,6.08,-56.84,4.23,1.36,591.6,137811
2026-02-24 11:56:00,2.16,-0.10,-3.29,357.30,-56.70,3.94,1.41,592.2,144755
2026-02-24 11:57:00,2.09,-0.24,-3.30,353.44,-57.47,3.91,1.18,591.5,148644
2026-02-24 11:58:00,2.32,0.38,-3.31,9.41,-54.57,4.06,1.16,589.2,140715
2026-02-24 11:59:00,1.99,0.67,-3.45,18.58,-58.72,4.04,1.35,592.5,149340
2026-02-24 12:00:00,1.91,0.91,-3.46,25.39,-58.52,4.05,1.55,608.9,195509
2026-02-24 12:01:00,2.09,0.57,-3.30,15.24,-56.66,3.95,1.66,614.3,214979
2026-02-24 12:02:00,1.68,0.02,-3.54,0.72,-64.62,3.91,1.47,594.9,164279
2026-02-24 12:03:00,2.37,0.61,-2.88,14.36,-49.61,3.78,1.20,592.5,134819
2026-02-24 12:04:00,2.85,-1.14,-1.98,338.09,-32.88,3.65,1.78,590.7,200943
2026-02-24 12:05:00,3.20,-1.24,-1.29,338.78,-20.53,3.66,1.75,589.9,200665
2026-02-24 12:06:00,3.18,-1.64,-0.84,332.72,-13.15,3.68,1.54,583.1,198141
2026-02-24 12:07:00,3.27,-1.61,0.49,333.80,7.65,3.67,1.72,582.3,197623
2026-02-24 12:08:00,3.29,-1.73,0.50,332.20,7.69,3.75,0.88,549.0,29029
2026-02-24 12:09:00,2.09,-2.64,1.14,308.37,18.76,3.55,4.47,589.4,109918
2026-02-24 12:10:00,0.69,-3.10,2.74,282.55,40.81,4.20,1.94,592.4,165634
2026-02-24 12:11:00,0.46,-2.95,3.11,278.86,46.16,4.31,1.88,602.3,149100
2026-02-24 12:12:00,-0.22,-1.92,3.56,263.59,61.44,4.05,2.25,617.1,163126
2026-02-24 12:13:00,-0.46,-2.27,3.93,258.46,59.44,4.56,1.99,619.7,136217
2026-02-24 12:14:00,-0.73,-1.30,4.33,240.59,70.98,4.58,1.39,603.9,85282
2026-02-24 12:15:00,0.82,-1.03,3.06,308.59,66.68,3.33,1.71,611.3,97699
2026-02-24 12:16:00,0.81,-3.34,1.78,283.55,27.41,3.87,3.90,637.8,130393
2026-02-24 12:17:00,0.11,-4.38,0.55,271.44,7.19,4.41,4.27,635.4,132902
2026-02-24 12:18:00,-0.65,-4.50,0.26,261.79,3.28,4.56,1.10,599.4,114902
2026-02-24 12:19:00,-0.82,-4.48,-0.15,259.69,-1.89,4.56,0.71,578.6,62667
2026-02-24 12:20:00,2.03,-1.01,-2.45,333.55,-47.15,3.34,1.40,611.1,140531
2026-02-24 12:21:00,3.23,-0.60,-1.88,349.49,-29.74,3.79,2.11,601.1,283155
2026-02-24 12:22:00,3.13,-0.32,-2.04,354.18,-33.00,3.75,1.99,581.8,83061
2026-02-24 12:23:00,-0.28,-2.16,-0.86,262.73,-21.47,2.34,1.60,574.8,182414
2026-02-24 12:24:00,-1.79,-4.07,-0.96,246.19,-12.19,4.55,1.25,608.1,192902
2026-02-24 12:25:00,1.35,-2.46,-2.23,298.79,-38.44,3.58,1.57,643.2,190710
2026-02-24 12:26:00,3.11,0.88,-2.09,15.74,-32.87,3.85,1.26,581.7,121648
2026-02-24 12:27:00,0.83,-1.99,-3.61,292.48,-59.14,4.21,1.09,596.9,138299
2026-02-24 12:28:00,0.75,-1.37,-3.89,298.65,-68.09,4.20,1.08,599.5,149191
2026-02-24 12:29:00,2.06,-0.77,-3.63,339.59,-58.77,4.25,1.23,596.7,172876
2026-02-24 12:30:00,2.01,-0.53,-3.60,345.26,-60.06,4.16,1.13,577.8,142117
2026-02-24 12:31:00,2.90,-0.48,-2.28,350.66,-37.76,3.72,1.65,569.5,130775
2026-02-24 12:32:00,-0.77,-3.12,-2.63,256.11,-39.31,4.16,3.07,581.6,137365
2026-02-24 12:33:00,1.40,-2.17,-2.73,302.86,-46.60,3.76,3.26,596.8,188342
2026-02-24 12:34:00,2.62,-2.29,-1.63,318.86,-25.15,3.84,1.77,602.9,295292
2026-02-24 12:35:00,2.98,-1.38,1.26,335.20,21.03,3.51,1.69,585.0,229690
2026-02-24 12:36:00,2.49,-2.73,0.26,312.35,4.05,3.71,1.98,573.4,142245
2026-02-24 12:37:00,1.05,-3.18,1.49,288.23,24.02,3.67,0.90,578.4,136464
2026-02-24 12:38:00,0.62,-2.69,3.23,283.03,49.54,4.25,0.95,579.5,137438
2026-02-24 12:39:00,2.24,-2.69,1.91,309.79,28.62,3.99,2.60,612.0,165677
2026-02-24 12:40:00,1.68,-3.01,2.22,299.15,32.79,4.10,2.72,595.1,170245
2026-02-24 12:41:00,1.10,-3.46,2.54,287.58,34.95,4.43,2.09,591.2,126186
2026-02-24 12:42:00,0.23,-3.02,2.34,274.36,37.72,3.83,1.20,582.7,78568
2026-02-24 12:43:00,1.55,-2.23,3.26,304.80,50.25,4.24,1.71,587.6,111202
2026-02-24 12:44:00,1.23,-3.23,-0.81,290.76,-13.22,3.55,3.26,598.7,85391
2026-02-24 12:45:00,1.18,-3.73,-1.30,287.52,-18.42,4.12,1.73,580.4,77693
2026-02-24 12:46:00,1.15,-4.15,-0.33,285.53,-4.38,4.32,1.40,586.0,149566
2026-02-24 12:47:00,-1.28,-4.41,-0.32,253.79,-3.93,4.60,1.80,612.3,172488
2026-02-24 12:48:00,2.47,-3.22,-0.10,307.50,-1.43,4.06,1.74,619.4,190218
2026-02-24 12:49:00,3.15,-2.23,0.00,324.77,0.02,3.86,1.51,589.7,202164
2026-02-24 12:50:00,3.80,-0.31,0.65,355.32,9.70,3.87,1.28,558.8,145465
2026-02-24 12:51:00,3.40,-1.94,0.44,330.35,6.38,3.94,2.53,577.1,189983
2026-02-24 12:52:00,2.08,-3.35,-1.03,301.82,-14.63,4.08,1.47,574.2,161855
2026-02-24 12:53:00,0.90,-3.72,-1.12,283.53,-16.27,3.99,1.53,594.9,286156
2026-02-24 12:54:00,1.75,-3.61,-0.43,295.93,-6.16,4.03,1.60,592.3,161721
2026-02-24 12:55:00,2.06,-3.21,-0.98,302.69,-14.44,3.93,1.48,586.4,172270
2026-02-24 12:56:00,2.68,-2.27,-1.13,319.83,-17.90,3.69,1.56,575.6,130820
2026-02-24 12:57:00,3.63,-0.80,-0.78,347.57,-11.83,3.79,0.67,551.6,111346
2026-02-24 12:58:00,3.75,0.03,0.09,0.49,1.43,3.75,2.80,576.7,203250
2026-02-24 12:59:00,3.81,0.04,-0.50,0.59,-7.43,3.84,1.93,566.0,166731
2026-02-24 13:00:00,3.39,-1.00,-0.66,343.50,-10.59,3.60,3.85,576.2,138073
2026-02-24 13:01:00,3.29,-1.34,-0.19,337.79,-3.02,3.56,2.29,562.5,131729
2026-02-24 13:02:00,2.77,-1.97,-0.58,324.67,-9.68,3.45,1.33,574.1,192734
2026-02-24 13:03:00,-0.45,-2.72,-1.23,260.51,-24.01,3.01,1.59,595.1,228511
2026-02-24 13:04:00,-2.73,-3.12,1.62,228.85,21.35,4.45,1.39,611.6,241134
2026-02-24 13:05:00,-1.92,-1.38,2.89,215.76,50.69,3.74,1.54,635.7,255944
2026-02-24 13:06:00,-1.37,-1.60,3.35,229.57,57.80,3.96,1.81,635.9,216507
2026-02-24 13:07:00,-3.51,-2.89,0.84,219.52,10.42,4.62,1.65,617.6,183246
2026-02-24 13:08:00,-1.13,-0.83,1.32,216.28,43.18,1.93,1.83,633.6,147609
2026-02-24 13:09:00,0.29,-0.05,2.73,350.01,83.74,2.75,1.69,584.7,106900
2026-02-24 13:10:00,1.48,1.22,2.96,39.57,57.13,3.53,3.06,,
2026-02-24 13:11:00,2.20,2.92,2.26,52.98,31.73,4.30,3.06,623.5,314275
2026-02-24 13:12:00,1.90,2.62,2.37,53.98,36.21,4.01,1.37,580.6,115444
2026-02-24 13:13:00,2.24,2.81,1.55,51.49,23.32,3.92,1.09,567.3,83019
2026-02-24 13:14:00,2.53,3.42,1.17,53.48,15.33,4.42,2.01,605.0,264357
2026-02-24 13:15:00,2.81,2.35,-0.71,39.93,-11.02,3.74,1.79,590.0,158490
2026-02-24 13:16:00,2.88,2.20,-1.64,37.35,-24.32,3.97,1.94,581.1,138131
2026-02-24 13:17:00,2.75,2.75,-1.64,44.97,-22.87,4.23,2.34,584.0,151718
2026-02-24 13:18:00,2.50,2.73,-2.05,47.47,-28.94,4.23,4.18,591.5,122596
2026-02-24 13:19:00,2.31,2.63,-2.17,48.70,-31.82,4.12,3.53,590.3,135764
2026-02-24 13:20:00,2.23,2.13,-2.69,43.65,-41.15,4.09,2.03,574.9,135826
2026-02-24 13:21:00,2.06,1.74,-3.22,40.26,-50.06,4.20,2.34,579.6,124905
2026-02-24 13:22:00,1.77,1.42,-3.54,38.71,-57.29,4.21,1.96,609.5,196047
2026-02-24 13:23:00,1.48,1.43,-3.53,43.95,-59.77,4.08,1.87,604.5,197412
2026-02-24 13:24:00,1.31,2.02,-3.11,57.05,-52.27,3.93,1.47,598.9,157967
2026-02-24 13:25:00,1.45,2.86,-2.94,63.11,-42.46,4.35,1.74,596.0,174413
2026-02-24 13:26:00,1.35,1.23,-3.65,42.15,-63.44,4.09,4.83,619.2,94549
2026-02-24 13:27:00,0.14,-0.93,-4.17,278.70,-77.26,4.28,1.92,605.7,168316
2026-02-24 13:28:00,1.29,0.17,-3.74,7.44,-70.77,3.96,0.48,560.6,70540
2026-02-24 13:29:00,2.30,1.00,-3.06,23.50,-50.68,3.96,1.54,609.2,175350
2026-02-24 13:30:00,3.22,1.46,-2.07,24.44,-30.27,4.10,1.69,586.1,143614
2026-02-24 13:31:00,3.22,0.81,-2.23,14.08,-33.96,4.00,1.60,577.9,149196
2026-02-24 13:32:00,3.44,-0.18,-2.07,357.02,-30.98,4.02,1.27,561.7,122097
2026-02-24 13:33:00,3.72,-0.37,-1.68,354.27,-24.18,4.10,1.76,576.4,179592
2026-02-24 13:34:00,3.50,-0.63,-1.79,349.79,-26.69,3.98,4.46,587.4,155181
2026-02-24 13:35:00,3.48,-1.22,-1.87,340.75,-26.92,4.14,3.76,576.3,111703
2026-02-24 13:36:00,3.24,-2.20,0.61,325.85,8.82,3.96,1.96,575.8,147041
2026-02-24 13:37:00,2.54,-2.91,2.29,311.05,30.69,4.49,2.43,585.0,188945
2026-02-24 13:38:00,2.02,-2.72,3.09,306.57,42.44,4.59,1.99,582.1,178210
2026-02-24 13:39:00,1.50,-2.65,3.51,299.46,49.10,4.64,2.44,578.9,117220
2026-02-24 13:40:00,1.15,-2.65,3.75,293.49,52.38,4.73,1.70,557.9,78151
2026-02-24 13:41:00,0.14,-3.06,3.71,272.61,50.41,4.81,2.60,618.0,182981
2026-02-24 13:42:00,1.47,-2.23,3.28,303.41,50.85,4.23,2.58,619.0,156002
2026-02-24 13:45:00,3.49,-0.32,2.60,354.83,36.61,4.36,1.43,560.9,76927
2026-02-24 13:46:00,3.57,-0.12,2.51,358.05,35.12,4.36,2.27,579.4,149892
2026-02-24 13:47:00,3.68,-0.16,2.61,357.53,35.26,4.52,2.11,571.2,114078
2026-02-24 13:48:00,3.94,0.60,1.68,8.68,22.84,4.33,2.49,573.3,126178
2026-02-24 13:49:00,4.05,0.45,1.51,6.36,20.31,4.34,2.86,580.3,191292
2026-02-24 13:50:00,3.55,-0.34,2.74,354.61,37.57,4.50,2.54,577.7,174934
2026-02-24 13:51:00,3.12,-0.57,3.10,349.59,44.35,4.43,2.06,574.0,126708
2026-02-24 13:52:00,3.44,-1.39,2.28,337.97,31.52,4.36,2.35,582.3,167455
2026-02-24 13:53:00,2.97,-1.21,3.32,337.87,46.01,4.62,2.77,591.3,207025
2026-02-24 13:54:00,2.92,-0.71,3.50,346.33,49.44,4.61,2.06,580.4,131814
2026-02-24 13:55:00,2.98,-1.72,2.59,329.98,36.91,4.31,1.55,567.4,99331
2026-02-24 13:56:00,2.81,-1.84,3.08,326.76,42.53,4.55,2.89,588.0,171581
2026-02-24 13:57:00,3.06,-1.40,3.02,335.44,41.92,4.52,2.34,579.6,139478
2026-02-24 13:58:00,2.60,-1.64,3.02,327.77,44.49,4.31,2.16,586.3,142462
2026-02-24 13:59:00,2.31,-2.69,2.60,310.72,36.29,4.40,2.27,545.9,40373
2026-02-24 14:00:00,1.94,-0.77,4.15,338.31,63.27,4.64,2.35,604.1,276956
2026-02-24 14:01:00,1.87,-0.99,4.19,331.95,63.24,4.70,2.28,602.8,179503
2026-02-24 14:02:00,1.74,-0.96,4.35,331.12,65.49,4.78,2.05,597.8,150994
2026-02-24 14:03:00,1.87,-1.09,4.33,329.87,63.46,4.84,1.39,581.9,95397
2026-02-24 14:04:00,1.66,-0.92,4.53,330.94,67.22,4.91,2.21,594.8,151942
2026-02-24 14:05:00,1.50,-0.95,4.65,327.72,69.14,4.98,2.15,595.9,145396
2026-02-24 14:06:00,1.31,-0.69,4.74,332.11,72.60,4.96,1.33,577.1,84167
2026-02-24 14:07:00,1.16,-0.98,4.53,319.95,71.47,4.78,1.31,582.0,95680
2026-02-24 14:08:00,1.20,-1.14,4.50,316.45,69.77,4.80,1.82,599.5,146374
2026-02-24 14:09:00,1.42,-0.87,4.59,328.40,70.01,4.88,2.16,604.4,167188
2026-02-24 14:10:00,1.24,-0.51,4.60,337.66,73.71,4.79,1.98,596.0,142088
2026-02-24 14:11:00,1.65,-0.55,4.39,341.41,68.41,4.72,1.10,569.0,67797
2026-02-24 14:12:00,2.14,-0.67,3.89,342.52,60.00,4.49,2.04,592.7,147501
2026-02-24 14:13:00,2.22,-0.88,3.72,338.45,57.30,4.42,2.53,597.0,196064
2026-02-24 14:14:00,2.50,-0.88,3.43,340.57,52.30,4.33,1.62,575.7,110101
2026-02-24 14:15:00,3.11,-0.86,2.37,344.58,36.27,4.01,1.83,591.9,141387
2026-02-24 14:16:00,3.15,-0.68,2.32,347.77,35.79,3.97,1.83,,
2026-02-24 14:17:00,2.25,-0.88,3.70,338.55,56.87,4.42,2.45,603.6,170274
2026-02-24 14:18:00,4.03,0.46,0.44,6.50,6.21,4.08,1.45,556.7,82520
2026-02-24 14:19:00,3.62,0.25,2.08,3.92,29.84,4.18,2.78,575.4,208054
2026-02-24 14:20:00,3.46,0.27,2.26,4.50,33.15,4.14,1.67,568.6,151305
2026-02-24 14:21:00,3.84,0.69,1.94,10.13,26.46,4.35,1.95,576.6,159113
2026-02-24 14:22:00,3.46,0.56,2.67,9.21,37.23,4.41,1.71,570.1,143378
2026-02-24 14:23:00,2.55,0.29,3.45,6.43,53.38,4.30,1.74,578.1,155462
2026-02-24 14:24:00,2.29,0.15,3.68,3.74,57.98,4.34,2.48,594.1,226419
2026-02-24 14:25:00,1.96,-0.64,3.88,341.84,62.06,4.39,2.01,577.0,188610
2026-02-24 14:26:00,1.15,-0.15,3.97,352.56,73.74,4.14,1.36,568.5,100509
2026-02-24 14:27:00,0.31,-1.37,4.49,282.75,72.59,4.70,2.17,600.3,168946
2026-02-24 14:28:00,3.21,1.10,2.55,18.86,36.91,4.24,2.07,598.3,154547
2026-02-24 14:29:00,3.34,0.30,2.84,5.08,40.26,4.39,2.51,585.3,180762
2026-02-24 14:30:00,3.68,1.02,2.23,15.56,30.30,4.42,0.69,548.8,74110
2026-02-24 14:31:00,3.61,1.13,2.08,17.33,28.82,4.31,2.49,582.5,191863
2026-02-24 14:32:00,3.03,1.89,2.74,31.91,37.45,4.50,2.34,584.5,162060
2026-02-24 14:33:00,3.47,1.30,2.51,20.54,34.15,4.48,2.14,576.6,152787
2026-02-24 14:34:00,3.29,1.03,2.83,17.48,39.38,4.46,1.52,565.6,118076
2026-02-24 14:35:00,3.20,0.68,2.99,12.05,42.40,4.43,2.40,576.1,160036
2026-02-24 14:36:00,2.74,2.36,2.54,40.79,35.08,4.42,2.16,578.2,155816
2026-02-24 14:37:00,2.53,1.31,3.39,27.43,49.92,4.43,1.25,561.4,108560
2026-02-24 14:38:00,3.78,1.28,0.93,18.76,13.11,4.09,2.15,569.6,176073
2026-02-24 14:39:00,4.03,1.11,0.19,15.40,2.54,4.18,2.41,570.0,184490
2026-02-24 14:40:00,3.71,1.34,0.77,19.80,11.09,4.02,2.34,564.6,141934
2026-02-24 14:41:00,3.89,0.75,0.56,10.94,8.07,4.01,2.47,563.4,139112
2026-02-24 14:42:00,3.84,-0.03,1.00,359.58,14.57,3.96,1.87,555.8,130542
2026-02-24 14:43:00,3.71,-0.47,0.97,352.80,14.56,3.86,3.14,579.3,205901
2026-02-24 14:44:00,3.46,-1.25,1.81,340.13,26.27,4.10,2.10,565.6,161949
2026-02-24 14:45:00,2.54,-1.22,2.05,334.25,36.02,3.48,1.54,563.2,119058
2026-02-24 14:46:00,2.20,-0.50,3.89,347.13,59.90,4.49,2.45,591.3,133091
2026-02-24 14:47:00,2.11,-1.00,3.60,334.66,57.05,4.29,1.99,587.0,151473
2026-02-24 14:48:00,1.95,-1.14,3.55,329.80,57.54,4.21,1.83,583.5,127872
2026-02-24 14:49:00,2.04,-1.18,3.44,329.95,55.63,4.17,1.82,583.3,127058
2026-02-24 14:51:00,2.52,-2.59,1.38,314.14,20.96,3.87,1.35,551.0,73524
2026-02-24 14:52:00,1.29,-2.79,2.46,294.75,38.68,3.94,4.86,588.1,82768
2026-02-24 14:53:00,0.23,-2.90,3.37,274.50,49.19,4.45,3.32,595.9,138393
2026-02-24 14:54:00,-0.06,-3.43,2.87,269.01,39.86,4.47,2.39,602.5,179884
2026-02-24 14:55:00,-1.72,-4.20,1.80,247.69,21.70,4.88,2.85,611.0,119688
2026-02-24 14:56:00,-2.22,-3.94,2.29,240.56,26.83,5.07,1.98,591.5,50886
2026-02-24 14:57:00,-2.58,-3.83,2.13,236.02,24.80,5.09,1.68,593.9,85410
2026-02-24 14:58:00,-2.33,-3.80,2.19,238.47,26.18,4.97,3.91,643.2,135936
2026-02-24 14:59:00,-1.04,-4.22,2.17,256.17,26.60,4.86,5.64,644.0,134728
2026-02-24 15:00:00,-1.61,-4.32,1.90,249.55,22.46,4.99,1.99,621.9,171331
2026-02-24 15:01:00,-2.37,-4.34,1.40,241.33,15.85,5.14,1.25,572.3,58207
2026-02-24 15:02:00,-2.21,-4.36,1.21,243.10,13.93,5.04,1.60,652.1,162893
2026-02-24 15:03:00,-1.84,-4.62,0.67,248.27,7.69,5.02,2.12,627.9,165714
2026-02-24 15:04:00,-1.69,-4.67,0.70,250.07,8.00,5.01,1.77,615.1,133153
2026-02-24 15:05:00,-1.57,-4.64,0.47,251.32,5.44,4.92,1.88,618.6,134397
2026-02-24 15:06:00,-1.67,-4.61,0.11,250.04,1.32,4.90,1.52,609.2,110739
2026-02-24 15:07:00,-1.47,-4.52,-0.24,251.96,-2.90,4.76,1.79,617.3,138047
2026-02-24 15:08:00,-0.54,-4.55,-1.02,263.28,-12.51,4.69,1.07,580.6,83706
2026-02-24 15:09:00,-0.32,-4.61,-0.36,265.96,-4.51,4.63,1.34,596.6,124276
2026-02-24 15:10:00,-0.22,-4.79,-0.30,267.39,-3.63,4.80,1.86,613.8,174079
2026-02-24 15:11:00,0.23,-4.51,-0.66,272.94,-8.27,4.56,1.64,603.4,157381
2026-02-24 15:12:00,1.07,-3.90,-1.31,285.33,-17.95,4.25,1.22,582.0,122204
2026-02-24 15:13:00,3.07,-1.10,-1.36,340.23,-22.56,3.53,1.53,571.1,172717
2026-02-24 15:14:00,3.66,1.95,-0.36,28.04,-5.02,4.16,2.20,575.4,238941
2026-02-24 15:15:00,3.54,2.42,-0.40,34.31,-5.33,4.31,2.03,562.4,127394
2026-02-24 15:16:00,3.71,2.06,-0.14,29.10,-1.88,4.24,1.98,558.6,111869
2026-02-24 15:17:00,3.42,2.48,-0.34,35.87,-4.64,4.24,2.74,567.2,147327
2026-02-24 15:18:00,3.43,2.52,-0.25,36.23,-3.37,4.27,1.99,563.0,123086
2026-02-24 15:19:00,3.80,1.63,-0.58,23.20,-8.04,4.17,2.17,565.4,118933
2026-02-24 15:20:00,3.86,-0.53,-0.58,352.15,-8.49,3.94,2.41,557.0,74637
2026-02-24 15:21:00,3.70,-1.42,-0.67,339.00,-9.59,4.02,5.66,574.4,110075
2026-02-24 15:22:00,3.64,-1.66,-0.40,335.47,-5.69,4.02,6.02,576.4,114182
2026-02-24 15:23:00,3.52,-1.79,-0.98,333.13,-13.88,4.07,2.58,584.2,228279
2026-02-24 15:24:00,3.14,-2.52,-0.89,321.29,-12.50,4.12,1.37,558.7,132576
2026-02-24 15:25:00,3.01,-2.64,-0.14,318.72,-2.06,4.01,1.90,568.8,135388
2026-02-24 15:26:00,2.99,-2.08,-1.31,325.16,-19.72,3.87,2.27,581.4,223564
2026-02-24 15:27:00,2.41,-1.59,-2.42,326.54,-39.94,3.77,1.65,565.4,159963
2026-02-24 15:28:00,1.34,-3.69,-1.46,289.91,-20.39,4.19,1.43,562.9,105139
2026-02-24 15:29:00,-0.16,-4.57,-0.68,267.93,-8.42,4.63,1.56,582.8,152180
2026-02-24 15:30:00,-0.70,-4.77,0.15,261.69,1.81,4.82,1.41,593.1,108338
2026-02-24 15:31:00,-1.48,-4.70,0.19,252.52,2.16,4.93,1.65,605.2,107900
2026-02-24 15:32:00,-1.48,-4.28,-1.44,250.97,-17.68,4.75,1.49,597.1,93927
2026-02-24 15:33:00,-2.22,-4.21,-0.62,242.18,-7.45,4.80,1.61,628.4,151950
2026-02-24 15:34:00,-2.61,-3.93,-0.91,236.36,-10.95,4.81,1.60,631.0,132046
2026-02-24 15:35:00,-1.53,-4.20,-1.37,249.94,-17.08,4.68,1.73,616.7,144307
2026-02-24 15:36:00,-1.05,-4.23,-1.64,256.11,-20.60,4.66,1.73,614.5,143156
2026-02-24 15:37:00,-1.27,-4.17,-1.44,253.00,-18.24,4.59,1.30,599.9,114712
2026-02-24 15:38:00,-1.75,-4.05,-1.54,246.65,-19.24,4.68,1.36,614.7,112516
2026-02-24 15:39:00,-2.98,-3.59,-1.34,230.27,-15.98,4.85,1.02,584.2,59634
2026-02-24 15:40:00,-3.25,-3.56,-1.22,227.60,-14.25,4.97,1.43,610.4,127781
2026-02-24 15:41:00,-2.42,-3.41,-2.04,234.62,-26.04,4.66,1.73,626.1,147900
2026-02-24 15:42:00,-0.99,-1.69,-4.07,239.69,-64.35,4.51,1.57,618.6,130120
2026-02-24 15:43:00,-0.70,-2.22,-3.44,252.40,-55.94,4.16,1.25,610.2,124449
2026-02-24 15:44:00,-1.19,-3.24,-2.74,249.88,-38.50,4.41,1.02,604.9,112433
2026-02-24 15:45:00,1.13,-2.56,-2.50,293.81,-41.85,3.75,1.29,601.9,128119
2026-02-24 15:46:00,2.46,-2.24,-1.29,317.69,-21.20,3.57,1.60,586.1,154893
2026-02-24 15:47:00,1.94,-2.04,0.68,313.60,13.56,2.90,1.22,551.2,95264
2026-02-24 15:48:00,1.54,-2.86,0.69,298.29,11.97,3.32,2.37,567.6,119499
2026-02-24 15:49:00,1.43,-3.36,0.61,293.03,9.50,3.70,2.94,586.3,105049
2026-02-24 15:50:00,2.65,-2.01,1.46,322.80,23.62,3.64,2.03,575.8,190764
2026-02-24 15:51:00,2.26,-1.86,1.15,320.50,21.56,3.14,1.51,546.4,68118
2026-02-24 15:52:00,2.43,-1.19,2.77,334.03,45.67,3.87,2.73,590.5,214599
2026-02-24 15:53:00,1.09,-1.39,3.91,308.21,65.73,4.29,2.15,583.4,196811
2026-02-24 15:54:00,0.05,-2.22,3.87,271.23,60.16,4.47,1.67,588.2,121419
2026-02-24 15:55:00,1.89,-2.08,2.69,312.25,43.75,3.89,1.59,589.4,106848
2026-02-24 15:57:00,2.54,-1.79,2.56,324.87,39.44,4.02,1.66,574.1,135552
2026-02-24 15:58:00,2.84,0.17,1.29,3.35,24.44,3.12,1.09,553.6,99913
2026-02-24 16:00:00,3.31,0.08,2.11,1.43,32.54,3.93,2.09,562.3,135385
2026-02-24 16:01:00,3.15,1.15,1.45,20.02,23.41,3.65,2.26,566.9,153553
2026-02-24 16:02:00,3.69,-0.24,0.98,356.35,14.90,3.83,2.07,562.9,148690
2026-02-24 16:03:00,2.82,-2.03,0.78,324.27,12.70,3.56,2.26,546.6,84680
2026-02-24 16:04:00,1.84,-3.20,1.01,299.84,15.27,3.82,5.95,583.9,157811
2026-02-24 16:05:00,0.94,-3.90,-0.24,283.56,-3.41,4.02,2.10,578.9,176459
2026-02-24 16:06:00,-0.28,-4.04,-1.18,265.99,-16.24,4.22,0.93,556.7,94912
2026-02-24 16:07:00,1.10,-3.83,0.74,285.95,10.45,4.05,1.42,592.0,144662
2026-02-24 16:08:00,0.71,-3.68,-1.62,280.94,-23.36,4.08,1.80,596.8,179322
2026-02-24 16:09:00,-0.04,-3.98,-0.86,269.37,-12.20,4.08,1.92,593.7,176202
2026-02-24 16:10:00,-0.73,-4.26,-0.93,260.26,-12.10,4.42,0.76,554.0,71935
2026-02-24 16:11:00,-0.48,-3.82,-2.04,262.84,-27.92,4.36,1.09,587.2,158995
2026-02-24 16:12:00,-1.25,-2.89,-2.96,246.55,-43.24,4.32,1.39,605.5,169074
2026-02-24 16:13:00,-0.13,-3.02,-2.24,267.54,-36.45,3.76,1.56,613.3,165086
2026-02-24 16:14:00,0.03,-3.99,-0.14,270.39,-1.97,4.00,1.55,602.0,147647
2026-02-24 16:15:00,-0.40,-3.99,-0.56,264.28,-7.90,4.05,1.49,592.5,134361
2026-02-24 16:16:00,-0.53,-3.93,-1.46,262.38,-20.25,4.22,1.52,595.7,142290
2026-02-24 16:17:00,0.31,-3.62,-1.50,274.95,-22.39,3.93,1.20,583.4,119168
2026-02-24 16:18:00,-0.83,-2.66,-3.01,252.63,-47.20,4.10,0.85,571.0,96316
2026-02-24 16:19:00,-1.84,-1.65,-3.84,221.89,-57.20,4.56,1.44,597.9,145956
2026-02-24 16:20:00,-0.54,-2.90,-2.94,259.52,-44.91,4.17,1.18,595.1,104463
2026-02-24 16:21:00,-0.03,-3.12,-2.82,269.40,-42.09,4.21,1.52,608.9,189490
2026-02-24 16:22:00,-0.39,-2.98,-3.13,262.48,-46.14,4.34,1.04,577.9,114343
2026-02-24 16:23:00,-0.62,-3.06,-2.78,258.62,-41.70,4.18,1.23,589.3,119979
2026-02-24 16:24:00,-0.24,-3.94,-1.38,266.50,-19.31,4.19,1.28,610.8,129215
2026-02-24 16:25:00,0.16,-4.13,-1.43,272.18,-19.04,4.37,1.85,606.9,163760
2026-02-24 16:26:00,-0.66,-4.02,-1.87,260.65,-24.60,4.48,1.27,594.2,105174
2026-02-24 16:27:00,0.03,-4.05,-1.91,270.47,-25.20,4.48,1.44,593.2,113911
2026-02-24 16:28:00,-1.91,-4.01,-1.31,244.46,-16.49,4.63,1.53,593.7,120367
2026-02-24 16:29:00,-2.05,-4.16,-1.20,243.79,-14.49,4.78,0.93,590.8,61889
2026-02-24 16:30:00,-1.95,-4.32,-0.73,245.72,-8.70,4.80,1.30,605.8,83414
2026-02-24 16:31:00,-3.07,-3.94,0.00,232.05,-0.04,4.99,1.63,621.7,109549
2026-02-24 16:32:00,-3.04,-3.85,-0.21,231.71,-2.42,4.91,1.95,628.2,146673
2026-02-24 16:33:00,-2.94,-4.05,-0.20,234.03,-2.26,5.01,1.82,620.0,140929
2026-02-24 16:34:00,-1.40,-4.36,-0.32,252.16,-4.05,4.59,1.28,607.1,90263
2026-02-24 16:35:00,-2.23,-4.12,-0.14,241.59,-1.66,4.68,1.80,619.8,128366
2026-02-24 16:36:00,-2.46,-4.08,-0.06,238.90,-0.77,4.76,1.41,613.1,92216
2026-02-24 16:37:00,-1.85,-4.17,-0.37,246.10,-4.62,4.57,2.08,606.5,101040
2026-02-24 16:38:00,-1.66,-4.08,-1.29,247.82,-16.34,4.59,7.13,642.8,107032
2026-02-24 16:39:00,-2.38,-3.68,-1.02,237.12,-13.15,4.50,1.39,608.7,100163
2026-02-24 16:40:00,-1.17,-3.79,-1.78,252.79,-24.13,4.35,1.80,620.4,189434
2026-02-24 16:41:00,-0.48,-3.49,-1.88,262.23,-28.08,4.00,1.25,570.2,67756
2026-02-24 16:42:00,1.32,-2.43,-2.44,298.55,-41.36,3.69,1.71,612.2,193114
2026-02-24 16:43:00,0.68,-2.67,-2.60,284.26,-43.32,3.78,2.08,595.1,211050
2026-02-24 16:44:00,1.06,-2.07,-3.24,297.03,-54.35,3.99,1.29,570.0,148653
2026-02-24 16:45:00,1.83,-1.61,-2.98,318.70,-50.75,3.85,1.39,568.8,134421
2026-02-24 16:46:00,1.86,-1.44,-2.89,322.37,-50.80,3.73,1.40,568.3,138488
2026-02-24 16:47:00,2.39,0.35,-2.85,8.39,-49.70,3.74,1.19,563.6,135237
2026-02-24 16:48:00,2.79,0.30,-2.29,6.21,-39.12,3.62,1.00,551.6,114010
2026-02-24 16:49:00,2.94,0.12,-2.09,2.40,-35.35,3.61,1.14,551.0,131339
2026-02-24 16:50:00,2.99,0.43,-2.02,8.19,-33.76,3.63,1.79,570.9,193140
2026-02-24 16:51:00,2.95,0.79,-2.14,14.96,-34.98,3.73,1.70,562.4,155171
2026-02-24 16:52:00,2.87,0.60,-2.29,11.72,-38.00,3.72,1.55,555.7,127767
2026-02-24 16:53:00,2.72,0.44,-2.66,9.28,-44.04,3.83,1.48,552.4,131303
2026-02-24 16:54:00,2.42,1.64,-2.65,34.24,-42.21,3.95,2.23,579.7,237546
2026-02-24 16:55:00,2.26,1.53,-2.76,34.15,-45.32,3.89,1.54,567.2,120098
2026-02-24 16:56:00,2.37,0.43,-2.77,10.21,-48.96,3.67,1.65,572.6,142865
2026-02-24 16:57:00,2.13,0.22,-2.79,6.01,-52.59,3.52,2.03,575.6,193528
2026-02-24 16:58:00,1.35,1.45,-3.47,47.04,-60.23,4.00,1.61,571.2,161949
2026-02-24 16:59:00,1.93,2.50,-2.53,52.30,-38.65,4.05,1.32,573.3,147012
2026-02-24 17:00:00,2.18,2.24,-2.51,45.77,-38.76,4.00,0.89,554.0,96435
2026-02-24 17:01:00,2.26,2.42,-2.24,46.85,-34.04,4.00,0.74,545.4,75739
2026-02-24 17:04:00,1.62,2.88,-0.98,60.69,-16.55,3.45,1.53,569.2,126174
2026-02-24 17:05:00,1.56,0.86,-3.55,28.91,-63.33,3.98,2.95,575.0,112579
2026-02-24 17:06:00,1.56,0.86,-3.49,28.71,-62.97,3.92,4.62,588.8,114543
2026-02-24 17:07:00,1.31,0.14,-3.83,6.25,-71.04,4.05,1.46,572.6,154075
2026-02-24 17:08:00,1.36,1.12,-3.69,39.62,-64.47,4.09,1.09,564.3,125233
2026-02-24 17:09:00,2.07,2.21,-2.77,46.95,-42.48,4.10,1.88,586.7,177711
2026-02-24 17:10:00,1.69,2.90,-2.52,59.73,-36.86,4.20,1.68,571.3,131840
2026-02-24 17:11:00,2.46,2.73,-1.84,47.96,-26.58,4.11,1.04,552.5,66802
2026-02-24 17:12:00,2.80,2.50,-1.60,41.79,-23.11,4.08,1.10,532.6,87632
2026-02-24 17:13:00,2.82,2.07,-1.88,36.24,-28.25,3.97,2.02,573.5,224417
2026-02-24 17:14:00,2.26,-0.46,-2.78,348.43,-50.38,3.61,1.78,570.5,164010
2026-02-24 17:15:00,2.40,-1.57,-2.56,326.83,-41.78,3.85,1.50,573.0,179326
2026-02-24 17:16:00,2.24,0.93,-3.01,22.61,-51.18,3.87,1.70,581.1,217924
2026-02-24 17:17:00,2.78,0.38,-2.64,7.69,-43.27,3.86,1.94,572.8,190501
2026-02-24 17:18:00,2.65,0.76,-2.71,15.90,-44.56,3.87,1.44,557.7,132216
2026-02-24 17:19:00,2.16,-0.43,-3.32,348.71,-56.48,3.98,0.88,548.7,105723
2026-02-24 17:20:00,2.21,-0.44,-3.35,348.79,-56.07,4.04,1.28,562.5,157189
2026-02-24 17:21:00,1.33,-1.33,-3.74,315.05,-63.33,4.18,1.68,576.6,187439
2026-02-24 17:22:00,1.85,-1.34,-3.36,324.12,-55.77,4.07,1.28,564.3,121970
2026-02-24 17:23:00,1.51,-1.91,-3.34,308.36,-53.90,4.14,1.40,567.2,124669
2026-02-24 17:24:00,1.22,-1.50,-3.75,309.09,-62.77,4.21,1.55,575.3,154088
2026-02-24 17:25:00,1.39,-1.41,-3.58,314.68,-61.07,4.09,1.72,581.2,167030
2026-02-24 17:26:00,0.04,-2.66,-3.55,270.85,-53.16,4.43,1.41,575.3,149597
2026-02-24 17:27:00,0.52,-2.70,-3.36,280.83,-50.72,4.33,0.79,557.9,65730
2026-02-24 17:28:00,0.33,-2.92,-3.29,276.35,-48.22,4.41,1.43,590.6,173307
2026-02-24 17:29:00,0.09,-3.16,-3.11,271.66,-44.55,4.44,1.29,578.7,109977
2026-02-24 17:30:00,0.19,-2.70,-3.46,274.04,-51.94,4.40,1.40,592.7,153596
2026-02-24 17:31:00,-0.27,-3.13,-3.19,265.06,-45.40,4.47,1.24,583.3,104705
2026-02-24 17:32:00,-0.12,-3.32,-2.92,267.99,-41.31,4.42,1.40,607.2,155091
2026-02-24 17:33:00,-0.44,-3.33,-2.83,262.40,-40.10,4.40,1.50,606.2,159010
2026-02-24 17:34:00,-1.25,-4.02,-1.83,252.73,-23.48,4.59,1.50,598.8,144315
2026-02-24 17:37:00,-1.00,-4.18,-1.20,256.58,-15.64,4.46,1.72,604.7,117751
2026-02-24 17:38:00,-0.39,-2.43,-2.99,260.91,-50.53,3.88,1.56,594.2,116123
2026-02-24 17:39:00,1.62,-0.23,-3.04,352.05,-61.80,3.45,0.71,563.1,80675
2026-02-24 17:40:00,-0.31,-1.43,-2.55,257.89,-60.27,2.94,1.74,577.2,194979
2026-02-24 17:41:00,-4.17,-1.87,-1.97,204.23,-23.36,4.98,0.57,562.8,76764
2026-02-24 17:42:00,-4.09,-1.67,-2.15,202.19,-25.95,4.91,1.67,627.1,137688
2026-02-24 17:43:00,-3.86,-1.33,-2.38,199.03,-30.22,4.72,1.75,630.4,119746
2026-02-24 17:44:00,-3.34,-1.29,-2.40,201.12,-33.89,4.31,2.00,646.1,167795
2026-02-24 17:45:00,-3.33,-1.26,-2.35,200.81,-33.48,4.27,1.63,626.7,155297
2026-02-24 17:46:00,2.64,0.15,-1.21,3.17,-24.57,2.91,2.08,601.4,299748
2026-02-24 17:47:00,3.28,0.17,-1.36,2.91,-22.48,3.55,2.22,563.8,183783
2026-02-24 17:48:00,1.62,-0.82,-1.41,333.18,-37.82,2.30,1.72,558.0,146836
2026-02-24 17:49:00,-2.73,-2.99,-1.04,227.56,-14.34,4.18,1.81,568.7,111045
2026-02-24 17:50:00,-2.06,-3.65,-1.13,240.57,-15.15,4.34,1.83,585.2,91241
2026-02-24 17:51:00,-1.97,-3.86,-1.42,242.97,-18.20,4.56,1.61,598.4,94052
2026-02-24 17:52:00,-1.34,-3.96,-1.73,251.35,-22.52,4.52,1.57,610.7,107836
2026-02-24 17:53:00,-1.80,-3.99,-1.05,245.70,-13.52,4.51,1.57,617.4,129164
2026-02-24 17:54:00,-3.27,-3.41,0.04,226.28,0.54,4.72,1.41,605.0,118064
2026-02-24 17:55:00,-2.29,-4.09,-0.05,240.77,-0.60,4.68,1.59,599.9,105385
2026-02-24 17:56:00,-2.81,-3.64,0.51,232.29,6.27,4.63,2.09,626.0,185177
2026-02-24 17:57:00,-2.40,-4.03,-0.52,239.15,-6.34,4.72,1.36,605.3,80018
2026-02-24 17:58:00,-2.63,-3.96,-0.81,236.45,-9.71,4.83,0.72,566.3,44429
2026-02-24 17:59:00,-2.86,-3.20,-1.86,228.14,-23.42,4.68,2.02,628.7,153531
2026-02-24 18:00:00,-1.50,-4.08,-1.52,249.77,-19.23,4.61,1.77,618.7,139764
2026-02-24 18:01:00,-2.53,-3.45,-2.15,233.76,-26.72,4.79,1.46,606.1,109537
2026-02-24 18:02:00,-2.54,-3.03,-2.52,229.97,-32.51,4.69,1.09,578.9,65607
2026-02-24 18:03:00,-2.22,-3.53,-2.07,237.79,-26.42,4.66,1.49,611.5,119864
2026-02-24 18:04:00,-1.33,-4.13,-1.31,252.20,-16.83,4.54,1.93,617.8,164891
2026-02-24 18:05:00,-1.33,-4.40,-0.47,253.14,-5.89,4.62,1.82,603.0,130733
2026-02-24 18:06:00,-0.76,-3.80,-2.04,258.71,-27.75,4.37,1.86,594.8,120982
2026-02-24 18:07:00,-0.86,-3.48,-2.55,256.19,-35.46,4.40,1.99,594.0,133588
2026-02-24 18:08:00,-0.99,-4.17,0.18,256.60,2.40,4.29,2.09,587.8,79180
2026-02-24 18:09:00,-1.37,-4.35,-0.82,252.49,-10.24,4.64,1.51,576.5,67490
2026-02-24 18:10:00,-1.57,-4.29,-0.76,249.91,-9.46,4.63,0.95,570.3,77719
2026-02-24 18:11:00,-1.73,-3.64,-2.15,244.56,-28.12,4.57,1.88,602.6,138657
2026-02-24 18:12:00,-0.62,-3.60,-2.47,260.18,-34.12,4.41,1.54,605.2,108537
2026-02-24 18:13:00,-1.04,-3.36,-2.58,252.78,-36.25,4.37,1.66,592.5,120463
2026-02-24 18:14:00,-0.64,-2.63,-3.41,256.31,-51.50,4.35,1.40,582.9,100511
2026-02-24 18:15:00,-0.43,-2.73,-3.40,261.11,-50.84,4.38,1.83,595.6,172170
2026-02-24 18:16:00,-0.93,-2.40,-3.72,248.85,-55.31,4.53,1.68,587.2,129941
2026-02-24 18:17:00,-0.15,-3.40,-1.96,267.40,-29.91,3.92,0.95,568.8,67663
2026-02-24 18:18:00,0.22,-4.45,0.16,272.81,2.02,4.46,1.90,571.8,137724
2026-02-24 18:19:00,-0.42,-4.19,-1.29,264.24,-16.96,4.41,1.73,581.5,123458
2026-02-24 18:20:00,-0.35,-4.12,-1.17,265.20,-15.85,4.30,1.82,594.3,156749
2026-02-24 18:21:00,-0.39,-3.22,3.29,263.07,45.37,4.62,1.25,574.3,110660
2026-02-24 18:22:00,0.43,-3.98,1.88,276.14,25.20,4.42,1.84,581.4,128416
2026-02-24 18:23:00,1.22,-3.24,2.51,290.60,35.95,4.27,2.30,581.9,127372
2026-02-24 18:24:00,0.66,-3.30,2.90,281.33,40.71,4.44,1.78,567.4,97977
2026-02-24 18:25:00,0.93,-3.38,2.45,285.37,34.93,4.28,1.87,572.5,112232
2026-02-24 18:26:00,1.63,-2.73,2.89,300.87,42.29,4.30,2.47,573.1,103002
2026-02-24 18:27:00,1.75,-3.14,2.04,299.16,29.54,4.13,2.27,562.8,99776
2026-02-24 18:28:00,1.89,-2.50,-1.16,307.10,-20.40,3.34,2.34,564.5,99319
2026-02-24 18:29:00,1.95,-1.97,-2.82,314.75,-45.46,3.95,2.55,538.4,40495
2026-02-24 18:30:00,1.85,-0.67,-3.56,340.04,-61.03,4.07,2.68,564.9,89682
2026-02-24 18:31:00,0.81,-2.18,1.10,290.41,25.22,2.58,1.18,561.3,118908
2026-02-24 18:32:00,0.17,-4.04,1.65,272.42,22.12,4.37,1.55,570.8,113822
2026-02-24 18:33:00,-1.07,-4.39,1.95,256.28,23.35,4.92,1.49,582.3,91692
2026-02-24 18:34:00,1.77,-2.90,2.44,301.40,35.64,4.18,2.93,589.6,204029
2026-02-24 18:35:00,1.27,-3.21,2.50,291.55,35.89,4.26,2.44,573.2,122918
2026-02-24 18:36:00,0.07,-3.72,2.57,271.02,34.66,4.53,1.09,554.3,65694
2026-02-24 18:37:00,-0.79,-3.11,3.42,255.84,46.83,4.69,1.94,580.1,98808
2026-02-24 18:38:00,-0.80,-2.24,3.99,250.33,59.13,4.64,2.56,596.9,117318
2026-02-24 18:39:00,1.10,-2.03,3.69,298.47,57.87,4.35,2.34,582.0,101792
2026-02-24 18:40:00,0.75,-2.49,3.49,286.71,53.29,4.35,2.24,568.3,91619
2026-02-24 18:41:00,0.52,-2.95,2.67,280.00,41.73,4.02,3.20,585.9,159100
2026-02-24 18:42:00,-0.03,-2.79,1.23,269.47,23.70,3.05,2.60,584.2,126490
2026-02-24 18:43:00,3.37,0.40,0.92,6.73,15.23,3.52,1.62,576.2,96661
2026-02-24 18:44:00,3.49,0.52,1.43,8.44,22.04,3.81,2.81,558.4,215480
2026-02-24 18:45:00,3.73,-0.14,1.32,357.92,19.52,3.96,1.89,536.8,60281
2026-02-24 18:46:00,3.72,-0.30,1.48,355.38,21.67,4.01,3.01,556.7,156011
2026-02-24 18:47:00,3.41,-1.37,1.52,338.18,22.51,3.98,2.49,551.8,138313
2026-02-24 18:48:00,3.06,-1.79,1.72,329.73,25.93,3.94,0.64,527.8,72803
2026-02-24 18:49:00,2.84,-2.22,1.94,321.98,28.28,4.10,3.08,567.2,182942
2026-02-24 18:50:00,1.91,-2.98,2.07,302.65,30.40,4.10,2.70,561.5,117908
2026-02-24 18:51:00,2.00,-3.14,1.24,302.51,18.38,3.92,2.28,564.8,96743
2026-02-24 18:52:00,1.53,-3.23,0.68,295.35,10.85,3.64,1.31,539.6,62153
2026-02-24 18:53:00,1.52,-3.28,0.37,294.88,5.90,3.64,5.50,569.0,87959
2026-02-24 18:54:00,1.61,-3.45,-0.76,295.00,-11.29,3.88,4.73,582.7,151322
2026-02-24 18:55:00,0.95,-3.24,-2.04,286.41,-31.11,3.94,1.78,571.8,152902
2026-02-24 18:56:00,1.40,-3.33,-1.77,292.83,-26.10,4.02,1.55,569.0,127920
2026-02-24 18:57:00,1.54,-3.11,-1.86,296.33,-28.15,3.93,1.66,568.7,136409
2026-02-24 18:58:00,1.58,-2.97,-1.92,298.06,-29.75,3.88,1.50,565.0,135041
2026-02-24 18:59:00,2.03,-2.16,-2.20,313.28,-36.55,3.69,1.34,559.4,127142
2026-02-24 19:00:00,2.29,-2.49,-1.53,312.66,-24.32,3.72,1.67,561.2,164771
2026-02-24 19:01:00,0.90,-1.55,-0.05,300.03,-1.50,1.79,1.93,577.2,227348
2026-02-24 19:02:00,-0.97,-0.02,4.96,181.33,78.92,5.05,1.37,558.1,166470
2026-02-24 19:03:00,-0.50,-0.95,4.90,242.42,77.62,5.01,2.06,624.3,218613
2026-02-24 19:04:00,0.32,-0.52,-2.68,301.15,-77.11,2.75,2.17,590.5,135345
2026-02-24 19:05:00,0.28,-2.18,-3.98,277.40,-61.04,4.55,2.22,600.7,107818
2026-02-24 19:06:00,0.72,-2.08,-4.10,289.08,-61.75,4.65,1.67,581.1,130863
2026-02-24 19:07:00,0.25,-2.75,-3.57,275.21,-52.30,4.52,0.94,559.6,87456
2026-02-24 19:08:00,0.92,-3.07,-3.09,286.75,-43.99,4.45,1.13,578.1,134298
2026-02-24 19:09:00,0.55,-2.86,-3.56,280.90,-50.72,4.59,0.99,570.9,117782
2026-02-24 19:10:00,0.31,-2.74,-3.74,276.43,-53.59,4.65,1.13,575.6,133784
2026-02-24 19:11:00,-0.05,-2.13,-4.11,268.67,-62.59,4.63,1.04,560.0,110145
2026-02-24 19:12:00,0.36,-2.00,-4.09,280.23,-63.56,4.57,0.87,565.2,127968
2026-02-24 19:13:00,0.70,-1.92,-4.00,289.95,-62.90,4.49,1.08,607.0,223040
2026-02-24 19:14:00,0.25,-1.84,-4.18,277.64,-66.06,4.58,1.23,595.1,168519
2026-02-24 19:15:00,0.37,-1.03,-4.12,289.67,-75.19,4.26,1.16,588.9,160137
2026-02-24 19:16:00,1.84,-1.50,-3.51,320.89,-55.96,4.24,1.01,567.5,136843
2026-02-24 19:17:00,1.28,-0.88,-3.98,325.30,-68.66,4.27,1.36,560.8,152629
2026-02-24 19:18:00,1.74,-1.80,-3.26,314.05,-52.56,4.11,0.81,554.3,103200
2026-02-24 19:19:00,2.26,-2.27,-2.78,314.82,-40.93,4.24,0.94,547.1,94119
2026-02-24 19:20:00,2.19,-2.33,-2.55,313.20,-38.58,4.09,1.74,568.5,206745
2026-02-24 19:21:00,2.00,-3.37,-1.62,300.64,-22.42,4.24,1.01,555.0,183208
2026-02-24 19:22:00,2.05,-1.88,3.09,317.44,48.05,4.16,1.67,563.5,219118
2026-02-24 19:23:00,2.31,-2.23,2.63,316.08,39.32,4.15,1.75,551.7,136027
2026-02-24 19:24:00,3.03,-3.09,0.26,314.42,3.42,4.34,4.17,567.4,96335
2026-02-24 19:25:00,2.87,-3.20,-0.15,311.88,-2.07,4.30,2.99,562.7,124692
2026-02-24 19:26:00,3.23,-1.93,-1.56,329.10,-22.55,4.08,1.47,546.6,123474
2026-02-24 19:27:00,2.55,-1.37,-2.79,331.81,-43.96,4.02,1.36,545.8,135662
2026-02-24 19:28:00,1.38,-2.87,-2.98,295.61,-43.07,4.36,1.26,553.7,159864
2026-02-24 19:29:00,1.21,-3.19,-2.63,290.77,-37.57,4.31,1.20,565.5,161991
2026-02-24 19:30:00,0.52,-4.58,-1.13,276.49,-13.80,4.74,1.24,565.9,137338
2026-02-24 19:31:00,0.37,-4.27,-1.76,274.95,-22.32,4.63,0.84,543.5,80927
2026-02-24 19:32:00,0.19,-3.86,0.33,272.85,4.88,3.88,1.55,583.2,183222
2026-02-24 19:33:00,1.02,-4.26,1.15,283.50,14.71,4.53,2.24,583.8,195343
2026-02-24 19:34:00,0.96,-4.38,0.33,282.35,4.27,4.49,5.61,586.9,60218
2026-02-24 19:35:00,1.03,-4.29,-0.29,283.49,-3.81,4.42,1.66,562.2,112601
2026-02-24 19:36:00,0.04,-4.62,-0.66,270.48,-8.14,4.67,1.49,575.0,125094
2026-02-24 19:37:00,0.18,-4.46,-1.29,272.25,-16.14,4.64,1.67,582.4,123701
2026-02-24 19:38:00,-0.02,-4.27,-0.08,269.78,-1.07,4.27,0.85,545.0,52328
2026-02-24 19:39:00,1.69,-3.69,1.96,294.63,25.77,4.51,1.67,573.5,224434
2026-02-24 19:40:00,1.67,-3.51,1.68,295.50,23.46,4.23,2.32,570.2,165884
2026-02-24 19:41:00,1.32,-4.07,0.23,287.90,3.09,4.29,4.29,570.2,88524
2026-02-24 19:42:00,0.67,-4.28,-0.57,278.91,-7.53,4.37,2.98,565.1,70038
2026-02-24 19:43:00,0.62,-2.55,-1.42,283.71,-28.40,2.98,14.96,533.7,100232
2026-02-24 19:44:00,1.47,-2.12,-3.28,304.80,-51.85,4.17,28.75,508.8,132182
2026-02-24 19:47:00,-0.69,-3.41,-3.40,258.50,-44.33,4.87,1.13,577.6,100047
2026-02-24 19:48:00,0.69,-3.14,0.05,282.40,0.96,3.21,1.18,574.0,105803
2026-02-24 19:49:00,0.92,-4.22,-0.63,282.24,-8.33,4.37,1.45,558.2,134332
2026-02-24 19:50:00,0.57,-3.74,-1.62,278.69,-23.24,4.11,1.36,576.2,134755
2026-02-24 19:51:00,-0.53,-3.75,-2.74,261.97,-35.89,4.67,1.71,579.7,212488
2026-02-24 19:52:00,2.46,-3.26,-0.28,307.02,-3.91,4.09,1.35,568.4,102042
2026-02-24 19:53:00,1.65,-3.78,-1.31,293.59,-17.59,4.32,1.69,553.7,120107
2026-02-24 19:54:00,1.63,-3.64,-1.77,294.12,-23.92,4.36,1.55,555.5,124355
2026-02-24 19:55:00,2.17,-3.13,-1.31,304.70,-18.96,4.03,1.55,557.3,130080
2026-02-24 19:56:00,2.54,-3.31,-0.79,307.43,-10.68,4.25,1.44,552.2,138487
2026-02-24 19:57:00,2.63,-3.37,0.61,308.01,8.17,4.32,2.03,547.7,127263
2026-02-24 19:58:00,2.49,-3.19,1.32,307.98,18.09,4.26,2.13,551.8,121278
2026-02-24 19:59:00,2.43,-3.46,1.10,305.07,14.56,4.37,2.00,552.2,118431
2026-02-24 20:00:00,2.36,-3.22,1.57,306.26,21.42,4.29,2.28,550.7,109760
2026-02-24 20:01:00,1.91,-3.01,-0.74,302.40,-11.79,3.64,3.36,535.7,137366
2026-02-24 20:02:00,1.73,-1.80,-0.48,313.94,-10.83,2.54,4.81,504.9,194411
2026-02-24 20:03:00,0.83,-2.93,-2.48,285.84,-39.09,3.93,1.11,571.7,98079
2026-02-24 20:04:00,0.73,-3.48,-3.25,281.79,-42.42,4.81,1.12,570.4,98273
2026-02-24 20:05:00,0.85,-3.66,-2.21,283.04,-30.44,4.36,1.16,563.6,100562
2026-02-24 20:06:00,0.93,-1.43,-3.32,303.04,-62.78,3.73,1.42,558.0,112051
2026-02-24 20:07:00,1.39,1.61,-4.20,49.10,-63.15,4.71,0.88,569.2,100584
2026-02-24 20:08:00,0.64,1.65,-4.53,68.86,-68.65,4.86,1.00,564.6,115828
2026-02-24 20:09:00,0.66,1.59,-4.58,67.55,-69.40,4.89,0.94,570.3,103829
2026-02-24 20:10:00,1.44,1.29,-4.39,41.83,-66.25,4.80,0.94,568.1,105303
2026-02-24 20:11:00,2.01,0.95,-3.48,25.28,-57.46,4.12,1.03,566.9,120338
2026-02-24 20:12:00,3.16,0.16,-2.98,2.96,-43.27,4.35,1.35,547.5,129400
2026-02-24 20:13:00,3.21,-0.13,-2.65,357.71,-39.49,4.16,1.93,534.2,127425
2026-02-24 20:14:00,2.82,-0.55,-2.69,348.92,-43.01,3.94,1.64,541.6,121814
2026-02-24 20:15:00,3.78,-1.18,-0.24,342.68,-3.54,3.97,1.65,541.6,129150
2026-02-24 20:16:00,3.74,-1.51,-0.48,337.98,-6.84,4.06,2.01,532.6,134852
2026-02-24 20:17:00,3.67,-1.55,-1.60,337.15,-21.92,4.29,1.96,531.4,119515
2026-02-24 20:18:00,2.72,-1.91,-3.10,324.95,-43.01,4.54,2.00,532.2,102436
2026-02-24 20:20:00,3.23,-1.22,-3.03,339.35,-41.31,4.59,1.77,534.7,87502
2026-02-24 20:21:00,2.85,-1.04,-3.51,340.02,-49.19,4.64,1.79,535.3,86377
2026-02-24 20:22:00,2.32,-1.25,-3.92,331.77,-56.09,4.72,1.94,540.4,76496
2026-02-24 20:23:00,2.53,-1.08,-3.71,336.85,-53.43,4.61,2.07,545.1,83688
2026-02-24 20:24:00,2.46,-1.68,-3.60,325.60,-50.39,4.67,1.96,536.6,72516
2026-02-24 20:25:00,2.62,-1.70,-3.47,327.08,-48.02,4.67,2.11,545.1,81837
2026-02-24 20:26:00,3.24,-1.63,-2.71,333.39,-36.77,4.53,2.02,537.1,84033
2026-02-24 20:27:00,3.52,-2.11,-1.69,329.15,-22.34,4.44,1.68,528.5,88735
2026-02-24 20:28:00,3.53,-2.07,-1.74,329.54,-23.06,4.45,1.57,530.3,87739
2026-02-24 20:29:00,3.63,-2.25,-1.47,328.19,-19.05,4.51,1.49,531.0,105398
2026-02-24 20:30:00,3.70,-2.19,-1.18,329.33,-15.35,4.46,1.40,530.4,104483
2026-02-24 20:31:00,3.65,-2.16,-0.76,329.39,-10.14,4.31,1.27,529.4,108518
2026-02-24 20:32:00,3.92,-1.43,0.95,339.93,12.79,4.28,1.07,530.1,133066
2026-02-24 20:33:00,3.94,-1.23,1.40,342.59,18.77,4.36,0.96,531.6,151942
2026-02-24 20:34:00,4.09,-1.38,0.95,341.35,12.46,4.42,0.95,531.0,154683
2026-02-24 20:35:00,4.12,-1.25,0.51,343.12,6.76,4.34,1.02,530.7,140244
2026-02-24 20:36:00,4.00,-1.24,-0.65,342.80,-8.83,4.24,1.31,528.4,117900
2026-02-24 20:37:00,3.73,-1.54,-1.22,337.57,-16.79,4.22,1.30,526.7,99742
2026-02-24 20:38:00,4.09,-1.65,-0.59,338.05,-7.59,4.45,1.37,525.7,111509
2026-02-24 20:39:00,3.96,-1.76,-1.13,336.10,-14.60,4.48,1.12,526.9,120654
2026-02-24 20:40:00,3.61,-1.92,-1.86,332.04,-24.52,4.49,1.72,530.7,96923
2026-02-24 20:41:00,3.95,-1.47,-1.34,339.64,-17.64,4.43,1.51,534.7,103109
2026-02-24 20:42:00,3.74,-2.44,-0.41,326.91,-5.20,4.49,1.18,531.7,153819
2026-02-24 20:43:00,4.01,-1.43,0.25,340.30,3.32,4.26,1.53,532.1,124001
2026-02-24 20:44:00,3.86,-1.59,1.12,337.66,15.05,4.32,1.42,502.6,71549
2026-02-24 20:45:00,3.94,-2.15,0.91,331.39,11.44,4.58,1.32,489.7,54261
2026-02-24 20:46:00,3.61,-2.49,-0.21,325.43,-2.69,4.39,0.80,544.1,168911
2026-02-24 20:47:00,2.73,-2.60,-2.29,316.44,-31.23,4.41,1.05,543.7,145417
2026-02-24 20:48:00,1.87,-1.72,-3.56,317.34,-54.46,4.37,1.74,549.2,115697
2026-02-24 20:49:00,1.80,-2.14,-3.21,310.07,-48.86,4.26,2.01,557.2,107074
2026-02-24 20:50:00,2.59,-1.28,-2.66,333.62,-42.70,3.93,1.49,556.1,108897
2026-02-24 20:51:00,2.06,-1.04,-3.60,333.18,-57.32,4.28,1.49,552.2,115094
2026-02-24 20:54:00,0.54,-0.50,-4.29,317.43,-80.32,4.36,1.47,,
2026-02-24 20:55:00,0.79,0.13,-2.53,9.64,-72.35,2.66,1.47,572.0,125822
2026-02-24 20:56:00,-0.10,0.32,-3.31,107.36,-84.19,3.32,1.47,,
2026-02-24 20:57:00,-0.91,-1.18,-4.99,232.48,-73.34,5.21,1.82,595.1,101592
2026-02-24 20:58:00,-0.35,-2.12,-4.67,260.67,-65.32,5.14,1.78,586.9,88224
2026-02-24 20:59:00,-0.97,-1.87,-4.63,242.73,-65.52,5.09,2.00,585.5,92286
2026-02-24 21:00:00,0.80,-2.40,-4.05,288.54,-58.01,4.77,1.82,576.6,91868
2026-02-24 21:01:00,0.35,-2.32,-4.29,278.65,-61.34,4.89,1.76,574.2,86183
2026-02-24 21:02:00,0.18,-2.05,-4.45,275.13,-65.19,4.90,1.85,573.4,91395
2026-02-24 21:03:00,0.55,-1.74,-4.39,287.42,-67.37,4.75,1.79,569.2,96333
2026-02-24 21:04:00,0.53,-1.97,-4.33,285.08,-64.78,4.79,1.85,567.4,103568
2026-02-24 21:05:00,-0.17,-1.93,-4.57,264.85,-67.00,4.96,2.05,573.6,118752
2026-02-24 21:06:00,-0.89,-1.64,-4.75,241.52,-68.59,5.11,1.92,582.4,114226
2026-02-24 21:07:00,0.60,-1.70,-3.20,289.54,-60.60,3.67,1.52,581.7,90679
2026-02-24 21:08:00,2.78,-1.60,-1.52,330.13,-25.29,3.55,0.93,574.4,113249
2026-02-24 21:09:00,2.81,-0.64,-3.04,347.13,-46.57,4.19,0.93,571.6,152715
2026-02-24 21:10:00,2.23,-1.12,-2.68,333.28,-47.06,3.67,1.84,552.3,127425
2026-02-24 21:11:00,1.02,-3.63,-2.71,285.70,-35.65,4.64,1.79,573.9,92990
2026-02-24 21:12:00,1.60,-2.73,-3.27,300.37,-45.91,4.55,1.82,565.0,105357
2026-02-24 21:13:00,2.10,-1.93,-3.09,317.39,-47.30,4.20,1.79,561.5,119500
2026-02-24 21:14:00,1.85,-1.34,-3.00,324.02,-52.75,3.77,1.79,554.8,129002
2026-02-24 21:15:00,-1.24,-3.13,-3.82,248.37,-48.66,5.09,1.93,576.3,99265
2026-02-24 21:16:00,-0.71,-2.19,-4.31,252.15,-61.90,4.89,1.87,586.8,85512
2026-02-24 21:17:00,0.61,-2.59,-3.78,283.32,-54.90,4.62,1.84,575.9,90974
2026-02-24 21:18:00,0.28,-0.63,-4.40,294.21,-81.12,4.46,1.71,570.9,120196
2026-02-24 21:19:00,0.85,-0.80,-4.28,316.80,-74.77,4.44,1.68,571.4,126154
2026-02-24 21:20:00,1.50,-0.68,-3.94,335.64,-67.36,4.26,1.77,568.8,117921
2026-02-24 21:21:00,2.39,-1.53,-2.00,327.41,-35.15,3.47,1.97,553.4,146469
2026-02-24 21:22:00,2.94,-1.55,-2.05,332.18,-31.67,3.91,2.08,534.0,172982
2026-02-24 21:23:00,2.33,-2.33,-2.86,315.03,-40.97,4.36,1.64,546.2,142904
2026-02-24 21:24:00,2.34,-0.63,-1.41,344.95,-30.27,2.80,1.84,554.1,133362
2026-02-24 21:26:00,0.17,-1.09,-4.56,278.84,-76.43,4.69,1.75,,
2026-02-24 21:27:00,0.86,-0.46,-4.33,331.97,-77.26,4.44,1.75,572.4,98401
2026-02-24 21:28:00,1.04,-0.42,-3.78,337.95,-73.48,3.95,1.43,562.8,106541
2026-02-24 21:29:00,2.02,-1.38,-3.28,325.64,-53.28,4.09,1.42,550.6,127955
2026-02-24 21:30:00,0.87,-1.38,-4.31,302.16,-69.34,4.61,1.67,562.2,96050
2026-02-24 21:31:00,0.77,-0.87,-4.51,311.62,-75.51,4.65,1.81,565.0,97527
2026-02-24 21:32:00,0.28,-0.72,-4.67,291.47,-80.57,4.73,1.88,573.7,104312
2026-02-24 21:33:00,0.19,-0.92,-4.59,281.52,-78.47,4.69,1.94,571.4,111242
2026-02-24 21:34:00,0.44,-0.87,-4.42,296.68,-77.52,4.53,1.93,569.9,109603
2026-02-24 21:35:00,1.22,-0.53,-4.45,336.47,-73.36,4.64,1.91,566.4,105886
2026-02-24 21:36:00,1.51,-0.93,-4.16,328.30,-66.88,4.52,1.97,558.6,106110
2026-02-24 21:37:00,2.47,-2.06,-2.92,320.15,-42.26,4.35,1.90,553.9,114805
2026-02-24 21:38:00,2.09,-0.73,-3.84,340.78,-60.02,4.44,1.65,551.6,121217
2026-02-24 21:39:00,2.44,-1.67,-2.77,325.61,-43.13,4.05,1.65,549.7,109009
2026-02-24 21:40:00,2.91,-2.29,-1.91,321.84,-27.30,4.17,1.59,545.4,129604
2026-02-24 21:41:00,2.58,-1.64,-2.88,327.54,-43.27,4.20,1.74,546.2,138585
2026-02-24 21:42:00,2.52,-1.97,-2.82,322.10,-41.36,4.26,1.76,547.7,125026
2026-02-24 21:43:00,1.36,-1.50,-3.96,312.24,-62.93,4.44,1.69,551.4,110523
2026-02-24 21:44:00,1.61,-1.17,-3.89,324.08,-62.93,4.37,1.74,557.2,109459
2026-02-24 21:45:00,1.85,-0.92,-3.69,333.46,-60.76,4.23,1.69,556.7,109786
2026-02-24 21:46:00,2.45,-0.81,-3.47,341.77,-53.38,4.32,1.48,554.7,112996
2026-02-24 21:47:00,2.96,-1.39,-2.84,334.85,-41.00,4.33,1.65,547.3,108505
2026-02-24 21:48:00,3.17,-2.21,-1.91,325.17,-26.31,4.31,1.52,543.6,138804
2026-02-24 21:49:00,2.12,-1.36,-3.47,327.45,-54.03,4.29,1.54,544.7,127787
2026-02-24 21:50:00,2.73,-1.38,-1.56,333.25,-26.95,3.43,1.39,551.1,122144
2026-02-24 21:51:00,3.80,-1.63,-0.04,336.72,-0.61,4.13,1.23,547.3,161437
2026-02-24 21:52:00,3.84,-1.65,-0.11,336.75,-1.47,4.18,1.27,538.9,192560
2026-02-24 21:53:00,3.77,-1.65,-0.10,336.38,-1.36,4.12,1.28,538.9,196091
2026-02-24 21:54:00,3.96,-1.15,-0.09,343.79,-1.19,4.13,1.24,538.5,195590
2026-02-24 21:55:00,3.81,-1.18,1.03,342.75,14.55,4.12,1.31,536.9,178343
2026-02-24 21:56:00,3.07,-1.08,2.93,340.64,42.03,4.38,1.11,544.3,198859
2026-02-24 21:57:00,3.38,-1.44,2.29,336.91,31.94,4.33,0.73,559.7,196499
2026-02-24 22:03:00,2.04,-1.58,3.82,322.35,55.94,4.61,0.71,567.1,117386
2026-02-24 22:04:00,3.51,-0.59,1.59,350.50,24.05,3.89,0.67,564.8,188441
2026-02-24 22:05:00,3.98,0.09,1.22,1.32,17.00,4.17,1.20,547.4,187664
2026-02-24 22:06:00,3.75,0.51,1.93,7.70,27.05,4.25,1.50,539.2,153664
2026-02-24 22:07:00,3.90,0.80,1.03,11.56,14.56,4.11,1.59,539.2,148873
2026-02-24 22:08:00,3.40,-1.39,1.55,337.72,22.84,3.99,1.26,546.3,190231
2026-02-24 22:09:00,3.29,-2.17,2.04,326.57,27.30,4.44,0.64,561.6,210382
2026-02-24 22:10:00,3.30,-1.90,2.19,330.06,29.85,4.40,0.60,565.8,184473
2026-02-24 22:11:00,3.47,-1.58,2.05,335.47,28.26,4.33,0.66,557.0,221862
2026-02-24 22:12:00,3.91,-0.72,0.86,349.63,12.24,4.07,1.33,536.5,187915
2026-02-24 22:13:00,4.07,-0.46,0.91,353.55,12.52,4.20,1.33,536.1,186335
2026-02-24 22:14:00,3.95,0.21,1.31,3.03,18.35,4.17,1.36,532.6,172428
2026-02-24 22:15:00,3.79,0.47,1.29,7.12,18.64,4.03,1.46,539.3,181339
2026-02-24 22:16:00,3.67,1.49,1.37,22.06,19.12,4.19,1.66,537.5,168208
2026-02-24 22:17:00,3.57,1.76,1.26,26.23,17.63,4.17,1.66,537.4,167755
2026-02-24 22:18:00,3.42,1.93,1.19,29.36,16.84,4.10,2.17,541.3,149248
2026-02-24 22:19:00,3.78,0.77,1.35,11.46,19.26,4.08,1.76,539.9,149099
2026-02-24 22:20:00,3.80,0.93,0.70,13.74,10.17,3.98,1.70,536.4,152227
2026-02-24 22:21:00,3.78,0.06,1.41,0.90,20.49,4.04,1.65,532.8,149942
2026-02-24 22:22:00,3.81,-0.37,1.49,354.46,21.32,4.11,1.40,534.9,174601
2026-02-24 22:23:00,3.72,-0.13,1.82,357.94,26.10,4.15,1.24,537.2,177677
2026-02-24 22:24:00,3.86,-0.48,1.47,352.93,20.67,4.15,1.23,535.9,171945
2026-02-24 22:25:00,3.83,-0.84,1.21,347.61,17.14,4.10,1.19,537.5,193689
2026-02-24 22:26:00,3.80,-0.95,0.92,346.00,13.29,4.02,0.98,537.7,178980
2026-02-24 22:27:00,3.63,-1.82,1.08,333.34,14.84,4.20,0.74,531.0,140595
2026-02-24 22:28:00,3.53,-2.13,1.08,328.88,14.69,4.26,0.94,543.2,213754
2026-02-24 22:29:00,3.57,-2.26,1.16,327.60,15.40,4.38,0.94,543.8,217679
2026-02-24 22:30:00,3.51,-2.42,1.18,325.49,15.44,4.42,0.77,548.0,228369
2026-02-24 22:33:00,3.90,-1.72,0.73,336.20,9.66,4.32,0.96,543.8,230490
2026-02-24 22:34:00,3.56,-2.38,0.58,326.27,7.75,4.32,1.02,541.7,205795
2026-02-24 22:35:00,3.73,-1.99,0.74,331.91,9.86,4.30,0.83,548.7,229881
2026-02-24 22:36:00,3.80,-1.85,0.69,334.07,9.31,4.28,0.77,550.6,229722
2026-02-24 22:37:00,3.67,-2.20,0.29,329.05,3.88,4.29,0.99,544.3,215341
2026-02-24 22:38:00,3.31,-2.66,1.26,321.23,16.46,4.43,0.96,543.9,216361
2026-02-24 22:39:00,3.80,-1.67,1.07,336.21,14.43,4.29,0.88,544.4,226577
2026-02-24 22:40:00,3.99,-0.77,0.77,349.04,10.74,4.14,0.97,541.0,224824
2026-02-24 22:41:00,4.12,-0.66,0.46,350.94,6.30,4.20,1.18,536.7,206335
2026-02-24 22:42:00,4.18,-0.46,0.01,353.72,0.08,4.21,1.45,532.4,185654
2026-02-24 22:43:00,4.05,0.49,0.22,6.94,3.05,4.08,1.54,531.9,166323
2026-02-24 22:44:00,3.99,1.19,-0.19,16.55,-2.65,4.17,1.76,530.9,131051
2026-02-24 22:45:00,3.87,1.59,-0.02,22.34,-0.27,4.18,1.71,532.8,136650
2026-02-24 22:46:00,3.88,1.51,-0.05,21.29,-0.73,4.17,1.91,532.3,121095
2026-02-24 22:47:00,4.09,0.72,-0.08,9.92,-1.13,4.16,1.72,533.5,153348
2026-02-24 22:48:00,4.07,0.95,0.01,13.08,0.16,4.18,1.62,530.0,154646
2026-02-24 22:49:00,4.08,1.16,0.29,15.80,3.90,4.25,1.62,532.2,145029
2026-02-24 22:50:00,3.90,1.74,0.28,24.05,3.72,4.28,1.86,532.9,137847
2026-02-24 22:51:00,3.05,3.37,-0.84,47.84,-10.40,4.63,1.96,542.1,115037
2026-02-24 22:52:00,3.44,3.07,-0.31,41.70,-3.82,4.62,1.80,538.7,114100
2026-02-24 22:53:00,3.42,2.82,-0.15,39.53,-1.99,4.44,1.78,535.4,123118
2026-02-24 22:54:00,2.00,4.12,-1.03,64.13,-12.71,4.69,1.65,546.8,127182
2026-02-24 22:55:00,2.40,3.87,-0.75,58.18,-9.36,4.61,1.77,555.5,118789
2026-02-24 22:56:00,2.60,3.61,-0.96,54.29,-12.23,4.55,1.74,552.6,122289
2026-02-24 22:57:00,2.73,3.53,-0.61,52.30,-7.75,4.50,1.58,547.6,134063
2026-02-24 22:58:00,2.99,3.30,-0.92,47.87,-11.66,4.54,1.82,543.5,126394
2026-02-24 22:59:00,2.88,3.37,-0.87,49.49,-11.12,4.52,1.58,540.3,124834
2026-02-24 23:00:00,2.48,3.93,0.08,57.77,0.94,4.65,1.54,542.9,123278
2026-02-24 23:01:00,2.80,3.71,-0.12,53.02,-1.51,4.65,1.91,546.7,115308
2026-02-24 23:02:00,2.56,3.97,0.08,57.16,0.99,4.72,1.44,548.7,132114
2026-02-24 23:03:00,2.79,3.69,0.27,52.91,3.32,4.63,2.17,550.8,113549
2026-02-24 23:04:00,2.52,3.72,-0.64,55.93,-8.11,4.54,1.86,542.1,107046
2026-02-24 23:05:00,-0.61,1.70,-4.06,109.59,-65.98,4.44,1.85,541.8,106822
2026-02-24 23:06:00,0.51,3.15,-3.49,80.79,-47.59,4.72,1.50,568.8,114200
2026-02-24 23:07:00,1.08,3.11,-3.28,70.85,-44.93,4.65,1.34,563.6,110574
2026-02-24 23:08:00,1.13,3.91,-2.05,73.82,-26.75,4.56,1.49,561.1,119775
2026-02-24 23:09:00,1.49,3.53,-2.16,67.15,-29.44,4.40,1.42,556.3,124939
2026-02-24 23:10:00,1.18,1.11,-4.08,43.24,-68.36,4.39,1.44,552.8,127729
2026-02-24 23:11:00,0.93,2.45,-4.05,69.11,-57.12,4.82,1.33,558.3,113297
2026-02-24 23:12:00,0.90,2.33,-4.23,68.94,-59.47,4.91,1.26,561.5,104397
2026-02-24 23:13:00,0.73,2.70,-4.02,74.90,-55.16,4.89,1.43,560.5,114683
2026-02-24 23:14:00,1.66,2.86,-3.59,59.89,-47.42,4.88,1.37,562.2,114908
2026-02-24 23:15:00,1.83,3.07,-3.44,59.26,-43.87,4.96,1.20,554.0,115588
2026-02-24 23:16:00,2.04,2.91,-2.99,54.97,-40.06,4.65,1.37,555.2,125367
2026-02-24 23:17:00,1.20,4.25,-1.86,74.22,-22.79,4.79,1.74,556.1,126209
2026-02-24 23:18:00,0.92,4.30,-1.91,77.89,-23.44,4.79,1.38,560.3,130472
2026-02-24 23:19:00,1.28,3.82,-2.36,71.54,-30.40,4.67,1.45,558.5,117610
2026-02-24 23:20:00,2.08,3.33,-2.82,58.07,-35.67,4.84,1.43,557.7,116587
2026-02-24 23:21:00,2.46,3.24,-2.62,52.80,-32.83,4.84,1.45,546.1,122097
2026-02-24 23:22:00,2.69,3.32,-1.87,50.94,-23.62,4.66,1.41,541.5,118607
2026-02-24 23:23:00,3.16,2.81,-2.04,41.69,-25.79,4.70,1.86,540.1,122326
2026-02-24 23:24:00,2.92,3.29,-1.54,48.40,-19.34,4.67,1.93,541.7,117697
2026-02-24 23:25:00,2.89,3.21,-1.32,47.96,-16.94,4.52,1.91,538.9,117021
2026-02-24 23:26:00,3.37,2.88,-1.88,40.48,-23.01,4.82,1.93,540.0,118838
2026-02-24 23:27:00,2.99,3.01,-1.63,45.11,-21.02,4.54,2.02,543.3,123637
2026-02-24 23:28:00,3.18,2.90,-1.33,42.31,-17.17,4.50,2.09,542.5,121380
2026-02-24 23:29:00,2.90,3.78,-0.62,52.53,-7.40,4.81,2.03,541.9,111975
2026-02-24 23:30:00,2.74,3.66,-0.46,53.24,-5.80,4.59,1.96,543.9,113009
2026-02-24 23:31:00,3.13,2.79,-1.01,41.68,-13.62,4.31,1.97,541.4,119230
2026-02-24 23:32:00,3.13,2.90,-0.53,42.79,-7.04,4.30,1.98,537.9,119697
2026-02-24 23:33:00,3.02,3.18,0.52,46.56,6.74,4.42,1.68,538.4,116818
2026-02-24 23:34:00,2.63,3.03,-1.90,49.06,-25.31,4.44,2.14,542.2,100817
2026-02-24 23:35:00,2.28,3.10,-2.29,53.65,-30.74,4.48,1.84,541.7,125848
2026-02-24 23:36:00,2.53,2.77,-2.12,47.60,-29.49,4.32,1.54,547.6,133843
2026-02-24 23:37:00,3.34,1.93,-1.21,30.07,-17.45,4.05,1.67,534.7,131168
2026-02-24 23:38:00,3.58,1.33,-1.31,20.33,-18.98,4.03,1.69,533.3,130840
2026-02-24 23:39:00,3.72,1.02,-1.07,15.29,-15.54,4.00,1.84,531.1,154291
2026-02-24 23:40:00,2.97,1.84,-2.41,31.76,-34.62,4.24,1.73,532.1,131372
2026-02-24 23:41:00,2.33,2.80,-2.67,50.28,-36.21,4.51,1.43,543.6,115970
2026-02-24 23:42:00,2.60,2.83,-2.26,47.39,-30.41,4.46,1.37,546.1,126175
2026-02-24 23:43:00,2.80,2.86,-1.96,45.56,-26.12,4.45,1.72,542.8,119842
2026-02-24 23:44:00,1.52,3.30,-2.87,65.35,-38.28,4.63,1.82,550.1,106478
2026-02-24 23:45:00,1.82,3.47,-2.35,62.36,-30.93,4.57,1.47,556.6,110871
2026-02-24 23:46:00,2.27,3.29,-1.90,55.43,-25.45,4.42,1.24,549.3,115663
2026-02-24 23:47:00,3.40,2.20,-0.96,32.85,-13.28,4.16,1.28,543.1,128382
2026-02-24 23:48:00,1.02,3.75,-2.45,74.81,-32.29,4.59,1.78,536.3,133511
2026-02-24 23:49:00,1.28,4.00,-1.86,72.31,-23.90,4.60,1.50,559.1,123531
2026-02-24 23:50:00,2.09,3.16,-2.09,56.53,-28.90,4.32,1.37,552.5,119417
2026-02-24 23:51:00,2.90,2.41,-2.06,39.76,-28.65,4.29,1.97,535.5,104085
2026-02-24 23:52:00,1.68,2.97,-2.89,60.59,-40.24,4.47,1.81,534.4,103764
2026-02-24 23:53:00,1.90,2.90,-2.46,56.77,-35.31,4.25,1.51,560.9,91765
2026-02-24 23:54:00,1.06,2.63,-3.39,67.96,-50.12,4.42,1.49,554.1,105018
2026-02-24 23:55:00,1.22,3.07,-2.83,68.37,-40.57,4.34,1.31,558.6,108257
2026-02-24 23:56:00,1.28,3.54,-2.25,70.14,-30.87,4.38,1.28,556.3,107901
2026-02-24 23:57:00,1.52,3.64,-1.79,67.26,-24.45,4.33,1.37,551.7,118609
2026-02-24 23:58:00,1.78,2.62,-2.80,55.72,-41.51,4.23,1.43,545.6,126174
2026-02-24 23:59:00,1.16,3.36,-2.62,70.94,-36.46,4.41,1.32,550.7,124121
2026-02-25 00:00:00,1.37,3.13,-2.83,66.35,-39.60,4.44,1.34,558.6,119996
2026-02-25 00:01:00,1.30,3.96,-1.67,71.87,-21.85,4.48,1.46,558.0,122095
2026-02-25 00:02:00,1.29,3.94,-1.38,71.89,-18.35,4.37,1.38,557.6,124312
2026-02-25 00:03:00,1.03,4.35,-0.96,76.74,-12.17,4.57,1.43,557.1,119747
2026-02-25 00:04:00,1.20,4.29,-0.42,74.35,-5.41,4.48,1.44,560.3,130247
2026-02-25 00:05:00,2.15,3.44,-1.19,57.95,-16.31,4.23,1.39,557.1,108313
2026-02-25 00:06:00,2.25,3.56,-0.91,57.70,-12.19,4.31,1.31,547.3,118024
2026-02-25 00:07:00,2.26,3.56,-0.79,57.59,-10.64,4.29,1.43,547.9,118389
2026-02-25 00:08:00,2.93,2.96,-0.44,45.35,-6.03,4.19,1.54,539.6,127041
2026-02-25 00:09:00,2.52,3.23,-0.64,52.02,-8.89,4.15,2.06,538.7,119347
2026-02-25 00:10:00,3.03,2.72,-0.33,41.88,-4.62,4.08,1.95,536.9,118875
2026-02-25 00:11:00,2.38,3.22,-1.10,53.57,-15.38,4.16,1.92,536.5,118959
2026-02-25 00:12:00,2.74,2.98,-0.96,47.37,-13.31,4.16,1.80,535.3,118641
2026-02-25 00:13:00,2.54,3.10,-0.79,50.68,-11.09,4.08,1.77,535.0,123012
2026-02-25 00:14:00,2.46,3.27,-0.50,53.08,-6.98,4.12,1.83,538.0,121911
2026-02-25 00:15:00,2.73,2.92,-0.52,46.95,-7.41,4.03,1.85,540.0,124684
2026-02-25 00:16:00,2.04,0.91,-1.50,23.99,-33.89,2.69,1.84,539.3,125834
2026-02-25 00:17:00,3.34,1.40,1.03,22.77,15.87,3.77,1.86,535.7,129967
2026-02-25 00:18:00,3.56,0.69,0.67,10.92,10.42,3.69,1.78,532.1,149684
2026-02-25 00:19:00,3.74,0.70,-0.06,10.55,-0.94,3.80,1.81,535.9,154205
2026-02-25 00:20:00,3.37,1.31,-1.39,21.27,-20.96,3.87,1.95,531.2,148733
2026-02-25 00:21:00,3.45,0.22,-1.11,3.72,-17.76,3.63,1.93,531.4,149096
2026-02-25 00:22:00,3.51,0.95,-1.25,15.20,-19.04,3.85,1.88,529.4,154482
2026-02-25 00:23:00,3.29,-1.99,-0.86,328.78,-12.62,3.94,1.58,529.3,135573
2026-02-25 00:24:00,3.66,-1.02,-0.89,344.47,-13.16,3.91,1.69,529.6,165373
2026-02-25 00:25:00,3.59,-0.49,-1.43,352.17,-21.57,3.89,1.61,529.0,175300
2026-02-25 00:26:00,3.64,0.18,-1.24,2.81,-18.79,3.85,1.76,531.3,155600
2026-02-25 00:27:00,3.68,-0.71,-0.24,349.03,-3.68,3.76,1.64,529.5,158636
2026-02-25 00:28:00,2.88,-2.82,1.34,315.58,18.42,4.25,1.02,543.2,197170
2026-02-25 00:29:00,3.32,-2.20,0.59,326.47,8.47,4.03,0.82,546.9,205801
2026-02-25 00:30:00,3.67,-1.57,0.27,336.83,3.84,4.00,1.03,536.6,194857
2026-02-25 00:31:00,3.66,-1.66,-0.17,335.57,-2.38,4.02,1.23,529.5,188269
2026-02-25 00:32:00,3.30,-1.85,0.16,330.64,2.38,3.78,1.13,536.0,177491
2026-02-25 00:33:00,3.41,-0.85,-1.81,345.96,-27.22,3.95,1.23,538.7,158928
2026-02-25 00:34:00,2.85,-1.83,-2.24,327.37,-33.45,4.06,1.71,530.4,139543
2026-02-25 00:35:00,2.89,-1.31,-2.38,335.62,-36.87,3.97,1.67,534.3,123875
2026-02-25 00:36:00,3.20,-2.54,-0.47,321.54,-6.56,4.11,1.57,531.0,148424
2026-02-25 00:37:00,3.27,-2.58,-0.61,321.77,-8.35,4.21,0.90,534.2,193279
2026-02-25 00:38:00,3.28,-2.59,-0.30,321.64,-4.08,4.19,0.92,532.7,190698
2026-02-25 00:39:00,3.20,-2.54,-0.95,321.51,-13.12,4.19,1.40,531.1,146524
2026-02-25 00:40:00,3.30,-2.39,-0.45,324.00,-6.33,4.10,1.16,527.0,163021
2026-02-25 00:41:00,3.36,-2.17,-0.70,327.11,-9.94,4.06,1.05,529.6,174188
2026-02-25 00:42:00,3.52,-2.09,-0.74,329.37,-10.30,4.16,1.21,530.2,177372
2026-02-25 00:43:00,3.61,-1.84,-1.14,333.05,-15.77,4.21,1.42,525.8,154232
2026-02-25 00:44:00,3.70,-1.81,-0.74,333.98,-10.24,4.18,1.47,524.4,147068
2026-02-25 00:45:00,3.69,-1.84,0.93,333.50,12.68,4.23,1.12,524.0,186874
2026-02-25 00:46:00,3.66,-1.82,1.05,333.54,14.46,4.22,0.96,526.6,198940
2026-02-25 00:47:00,3.29,-2.60,0.53,321.74,7.19,4.23,0.83,532.2,211446
2026-02-25 00:48:00,3.08,-3.07,0.42,315.13,5.54,4.37,0.72,543.2,205226
2026-02-25 00:49:00,3.31,-2.64,-0.25,321.41,-3.44,4.24,0.70,545.0,186803
2026-02-25 00:50:00,3.54,-2.33,-0.17,326.64,-2.36,4.24,0.92,530.6,181046
2026-02-25 00:51:00,3.51,-2.26,0.07,327.17,1.03,4.17,0.93,528.0,189791
2026-02-25 00:52:00,3.33,-2.70,0.15,320.96,1.96,4.29,0.96,525.6,188146
2026-02-25 00:53:00,3.43,-2.47,0.38,324.27,5.20,4.24,0.75,529.4,212740
2026-02-25 00:54:00,3.12,-2.93,0.80,316.84,10.61,4.35,0.74,532.3,209609
2026-02-25 00:55:00,2.70,-3.27,1.54,309.61,19.96,4.51,0.54,551.9,212166
2026-02-25 00:56:00,2.65,-3.22,1.64,309.44,21.44,4.48,0.18,508.3,103889
2026-02-25 00:57:00,2.24,-3.44,1.92,303.10,25.07,4.54,0.44,541.0,209735
2026-02-25 00:58:00,2.53,-3.34,1.60,307.17,20.86,4.48,0.23,568.2,266306
2026-02-25 00:59:00,2.71,-3.34,1.12,309.06,14.57,4.45,0.49,548.8,230763
2026-02-25 01:00:00,2.77,-3.37,0.70,309.36,9.07,4.42,0.33,516.4,141864
2026-02-25 01:01:00,2.72,-3.67,0.16,306.54,2.00,4.57,0.43,529.3,177867
2026-02-25 01:02:00,3.26,-2.64,1.16,320.96,15.50,4.36,0.64,537.8,223656
2026-02-25 01:03:00,3.20,-3.06,0.62,316.25,7.92,4.47,0.67,532.5,214115
2026-02-25 01:04:00,2.89,-3.46,0.04,309.89,0.47,4.51,0.64,533.1,186473
2026-02-25 01:05:00,2.99,-3.30,-0.19,312.21,-2.40,4.46,0.71,534.9,171733
2026-02-25 01:06:00,3.05,-3.25,-0.20,313.17,-2.61,4.46,0.80,532.6,180542
2026-02-25 01:07:00,3.14,-3.16,0.00,314.83,0.04,4.46,0.72,529.4,188229
2026-02-25 01:08:00,3.00,-3.33,-0.19,311.95,-2.46,4.49,0.73,527.5,177689
2026-02-25 01:09:00,2.90,-3.30,-0.08,311.31,-1.05,4.39,0.62,528.1,164110
2026-02-25 01:10:00,2.34,-3.80,0.77,301.63,9.83,4.53,0.60,538.1,213394
2026-02-25 01:11:00,1.98,-4.16,0.55,295.42,6.79,4.64,0.55,539.9,168338
2026-02-25 01:12:00,1.84,-4.43,-0.16,292.52,-1.92,4.80,0.47,552.9,117476
2026-02-25 01:13:00,1.68,-4.51,-0.01,290.47,-0.10,4.81,0.43,553.2,126907
2026-02-25 01:14:00,1.45,-4.57,-0.72,287.66,-8.55,4.85,0.59,548.0,129263
2026-02-25 01:15:00,1.63,-4.33,-1.16,290.61,-14.05,4.77,0.71,549.4,112987
2026-02-25 01:16:00,1.82,-4.25,-0.62,293.16,-7.70,4.66,0.63,547.6,115368
2026-02-25 01:17:00,3.26,-2.88,-0.17,318.57,-2.26,4.35,0.59,546.5,118540
2026-02-25 01:18:00,3.37,-2.33,-0.58,325.36,-8.09,4.13,1.21,524.8,172857
2026-02-25 01:19:00,2.78,-3.48,0.53,308.67,6.80,4.49,0.84,536.3,192502
2026-02-25 01:20:00,2.76,-3.42,0.64,308.84,8.26,4.44,0.54,544.6,212200
2026-02-25 01:21:00,2.90,-3.22,0.48,311.92,6.37,4.36,0.60,538.8,203407
2026-02-25 01:22:00,2.86,-3.33,0.20,310.63,2.65,4.40,0.55,533.2,175441
2026-02-25 01:23:00,2.86,-3.25,-0.33,311.34,-4.36,4.34,0.57,527.2,151615
2026-02-25 01:24:00,3.40,-2.74,-0.31,321.15,-4.04,4.38,0.69,531.9,175810
2026-02-25 01:25:00,3.38,-2.64,-0.32,322.05,-4.21,4.30,0.83,529.6,203524
2026-02-25 01:26:00,3.21,-2.93,-0.30,317.63,-3.94,4.36,0.73,528.1,206957
2026-02-25 01:27:00,3.57,-2.25,-0.65,327.79,-8.70,4.27,0.82,532.1,174054
2026-02-25 01:28:00,3.69,-2.17,-0.06,329.62,-0.87,4.28,0.81,525.9,195267
2026-02-25 01:29:00,3.60,-2.27,-0.15,327.75,-2.08,4.26,0.83,525.1,183496
2026-02-25 01:30:00,3.29,-2.33,-0.47,324.69,-6.65,4.06,1.01,523.4,192119
2026-02-25 01:31:00,-0.11,-2.60,-2.75,267.52,-46.52,3.79,1.64,540.9,143836
2026-02-25 01:32:00,-2.79,-2.63,-2.49,223.26,-33.03,4.57,1.56,581.2,117645
2026-02-25 01:33:00,-3.88,-2.54,-2.14,213.20,-24.81,5.10,1.37,599.5,109509
2026-02-25 01:34:00,-0.36,-2.29,-1.47,260.96,-32.39,2.75,1.47,595.3,87594
2026-02-25 01:35:00,3.28,-2.59,-0.84,321.61,-11.35,4.26,1.35,558.4,116943
2026-02-25 01:36:00,2.82,-2.95,-1.62,313.69,-21.60,4.39,1.27,528.9,141850
2026-02-25 01:37:00,1.72,-3.95,-1.54,293.47,-19.63,4.57,1.28,534.1,120728
2026-02-25 01:38:00,0.62,-3.77,-1.89,279.36,-26.30,4.26,0.77,545.5,128567
2026-02-25 01:39:00,2.71,-3.55,0.53,307.27,6.71,4.50,0.43,559.2,135559
2026-02-25 01:40:00,1.40,-4.09,-1.68,288.91,-21.27,4.64,0.75,537.9,150261
2026-02-25 01:41:00,2.84,-3.52,-0.29,308.91,-3.70,4.54,1.07,543.9,107782
2026-02-25 01:42:00,3.32,-2.99,-0.24,318.00,-3.02,4.47,0.59,540.7,131412
2026-02-25 01:43:00,3.58,-2.59,0.06,324.09,0.84,4.42,0.76,525.5,160219
2026-02-25 01:44:00,3.56,-2.70,0.46,322.85,5.89,4.49,0.78,525.7,206986
2026-02-25 01:45:00,3.52,-2.80,0.06,321.54,0.78,4.50,0.71,532.4,196475
2026-02-25 01:46:00,3.59,-2.64,-0.10,323.73,-1.22,4.46,0.72,528.0,182048
2026-02-25 01:47:00,3.65,-2.56,-0.24,324.97,-3.11,4.46,0.88,523.2,179418
2026-02-25 01:48:00,3.44,-2.94,-0.52,319.48,-6.56,4.56,0.87,523.9,174644
2026-02-25 01:49:00,3.44,-3.01,-0.69,318.78,-8.63,4.62,0.89,525.2,163635
2026-02-25 01:50:00,3.34,-3.22,-0.26,316.00,-3.24,4.65,0.91,525.6,158445
2026-02-25 01:51:00,3.45,-3.12,-0.01,317.88,-0.17,4.65,0.67,533.1,196767
2026-02-25 01:52:00,3.31,-3.26,-0.59,315.40,-7.24,4.68,0.75,527.8,174781
2026-02-25 01:53:00,3.40,-3.22,0.07,316.58,0.88,4.68,0.76,523.5,166417
2026-02-25 01:54:00,3.00,-3.69,0.51,309.18,6.13,4.78,0.56,530.1,203736
2026-02-25 01:55:00,2.97,-3.72,0.07,308.53,0.85,4.76,0.46,531.2,190062
2026-02-25 01:56:00,3.17,-3.50,-0.43,312.11,-5.25,4.74,0.55,520.4,131888
2026-02-25 01:57:00,3.14,-3.42,-0.63,312.56,-7.75,4.69,0.91,526.4,147804
2026-02-25 01:58:00,2.98,-3.68,-0.32,308.96,-3.84,4.74,0.66,525.1,160335
2026-02-25 01:59:00,2.83,-3.90,0.08,305.94,1.00,4.82,1.02,526.6,146121
2026-02-25 02:00:00,2.35,-4.28,0.72,298.80,8.42,4.94,0.16,495.3,23739
2026-02-25 02:01:00,2.32,-4.41,0.03,297.74,0.34,4.98,0.45,533.5,135624
2026-02-25 02:02:00,2.96,-3.54,1.20,309.84,14.58,4.77,0.21,504.4,41148
2026-02-25 02:03:00,2.42,-4.10,1.45,300.58,16.97,4.97,0.17,552.3,120331
2026-02-25 02:04:00,1.89,-3.26,2.92,300.08,37.83,4.77,0.12,541.5,90588
2026-02-25 02:05:00,2.41,-3.93,1.81,301.55,21.44,4.95,0.07,554.4,262256
2026-02-25 02:06:00,2.27,-4.18,1.38,298.50,16.12,4.96,0.24,567.3,213332
2026-02-25 02:07:00,2.47,-4.13,0.35,300.91,4.17,4.82,0.26,555.5,101422
2026-02-25 02:08:00,2.18,-4.31,0.77,296.79,9.05,4.89,0.27,555.2,104520
2026-02-25 02:09:00,2.39,-4.14,1.11,299.94,13.05,4.91,0.49,562.2,132050
2026-02-25 02:10:00,2.43,-4.18,0.56,300.21,6.58,4.87,0.55,556.4,172402
2026-02-25 02:11:00,2.62,-4.09,0.04,302.66,0.42,4.85,0.47,561.5,112628
2026-02-25 02:12:00,2.98,-3.75,-0.38,308.51,-4.50,4.80,0.55,532.8,142275
2026-02-25 02:13:00,3.27,-3.43,-0.31,313.68,-3.76,4.75,0.66,530.1,148843
2026-02-25 02:14:00,3.52,-3.11,-0.30,318.55,-3.70,4.71,0.91,532.0,203422
2026-02-25 02:15:00,3.60,-2.95,-0.49,320.63,-6.02,4.68,0.90,521.0,142954
2026-02-25 02:16:00,3.41,-3.11,-0.80,317.61,-9.88,4.68,0.94,521.4,164885
2026-02-25 02:17:00,3.55,-3.00,-0.60,319.81,-7.37,4.68,0.96,518.7,146113
2026-02-25 02:18:00,3.66,-2.84,-0.61,322.25,-7.53,4.67,1.05,523.2,182994
2026-02-25 02:19:00,3.61,-2.98,-0.83,320.42,-10.07,4.75,1.02,524.8,173538
2026-02-25 02:20:00,3.54,-3.07,-0.85,319.05,-10.32,4.76,0.98,523.8,171627
2026-02-25 02:21:00,3.55,-3.03,-1.15,319.52,-13.88,4.80,1.09,524.4,175699
2026-02-25 02:22:00,3.58,-3.02,-1.44,319.87,-17.11,4.90,1.07,521.4,141362
2026-02-25 02:23:00,3.63,-2.88,-1.40,321.53,-16.85,4.84,1.02,518.7,113936
2026-02-25 02:24:00,3.75,-2.33,-1.90,328.19,-23.25,4.81,1.35,517.9,124315
2026-02-25 02:25:00,3.68,-2.25,-2.13,328.57,-26.25,4.81,1.35,518.9,136436
2026-02-25 02:26:00,3.73,-2.21,-2.12,329.37,-26.05,4.82,1.39,519.6,149892
2026-02-25 02:27:00,3.66,-2.64,-1.78,324.22,-21.52,4.85,1.43,517.4,135305
2026-02-25 02:28:00,3.48,-1.70,-2.46,333.99,-32.41,4.59,1.39,517.6,137944
2026-02-25 02:29:00,3.32,-1.08,-3.22,342.04,-42.69,4.75,1.96,519.9,103475
2026-02-25 02:30:00,3.60,-1.41,-2.96,338.63,-37.45,4.87,1.63,516.3,98554
2026-02-25 02:31:00,3.43,-1.93,-2.82,330.59,-35.59,4.84,1.67,512.9,99843
2026-02-25 02:32:00,3.63,-1.95,-2.49,331.80,-31.21,4.82,1.40,516.3,99290
2026-02-25 02:33:00,3.47,-2.05,-2.47,329.37,-31.54,4.73,1.52,516.9,121821
2026-02-25 02:34:00,3.51,-1.55,-2.81,336.14,-36.16,4.76,1.58,520.9,104492
2026-02-25 02:35:00,3.49,-1.96,-2.59,330.70,-32.93,4.76,1.59,519.8,100918
2026-02-25 02:36:00,3.21,-2.26,-2.74,324.93,-34.87,4.79,1.41,520.6,113986
2026-02-25 02:37:00,3.21,-2.41,-2.72,323.06,-34.13,4.85,1.49,522.9,116110
2026-02-25 02:38:00,3.36,-2.07,-2.44,328.38,-31.67,4.64,1.37,523.6,118324
2026-02-25 02:39:00,3.61,-2.31,-1.75,327.39,-22.19,4.63,1.13,521.7,141177
2026-02-25 02:40:00,3.57,-2.25,-1.90,327.74,-24.21,4.63,1.11,519.9,153818
2026-02-25 02:41:00,3.08,-0.88,-3.10,344.03,-44.09,4.46,1.52,522.6,135771
2026-02-25 02:42:00,2.93,-1.06,-3.44,340.13,-47.87,4.64,1.99,526.9,119635
2026-02-25 02:43:00,2.94,-1.60,-3.11,331.47,-42.99,4.57,1.78,526.2,115933
2026-02-25 02:44:00,2.93,-1.55,-3.06,332.10,-42.77,4.51,1.82,524.8,111812
2026-02-25 02:45:00,3.47,-1.12,-2.44,342.18,-33.79,4.39,1.47,521.2,123273
2026-02-25 02:46:00,3.62,-1.36,-2.31,339.46,-30.88,4.50,1.58,515.7,132519
2026-02-25 02:47:00,3.37,-1.93,-2.42,330.29,-31.90,4.58,1.38,523.6,126518
2026-02-25 02:48:00,3.69,0.00,-2.71,359.99,-36.31,4.58,1.78,521.2,130814
2026-02-25 02:49:00,3.63,-0.43,-2.70,353.18,-36.49,4.54,1.64,522.1,136900
2026-02-25 02:50:00,3.66,-0.68,-2.75,349.43,-36.41,4.63,1.62,520.6,129795
2026-02-25 02:51:00,3.60,-0.70,-2.82,349.07,-37.53,4.62,1.58,522.6,125272
2026-02-25 02:52:00,3.50,-0.85,-2.78,346.31,-37.71,4.55,1.77,521.4,128386
2026-02-25 02:53:00,3.19,-1.38,-3.01,336.58,-40.89,4.60,1.76,520.9,130402
2026-02-25 02:54:00,3.21,-1.56,-2.97,334.00,-39.74,4.64,1.74,522.9,126142
2026-02-25 02:55:00,3.52,-1.62,-2.39,335.29,-31.65,4.55,1.68,523.1,136556
2026-02-25 02:56:00,3.31,-2.00,-2.39,328.87,-31.75,4.54,1.59,522.0,150359
2026-02-25 02:57:00,3.17,-2.13,-2.38,326.04,-31.95,4.50,1.65,520.6,142438
2026-02-25 02:58:00,3.61,-2.04,-1.76,330.51,-22.93,4.50,1.60,521.1,150816
2026-02-25 02:59:00,3.82,-1.58,-1.42,337.56,-19.03,4.37,1.47,521.1,175245
2026-02-25 03:00:00,3.96,-1.65,-1.12,337.37,-14.66,4.44,1.34,517.8,189213
2026-02-25 03:01:00,3.78,-2.30,-0.98,328.74,-12.53,4.53,1.21,519.9,179558
2026-02-25 03:02:00,3.36,-1.56,-2.10,335.07,-29.53,4.25,0.91,524.2,185213
2026-02-25 03:03:00,3.67,-2.18,-1.14,329.22,-14.91,4.42,1.65,519.3,166016
2026-02-25 03:04:00,3.66,-2.49,-0.62,325.80,-8.00,4.47,1.04,523.3,188760
2026-02-25 03:05:00,3.59,-2.60,-0.04,324.12,-0.53,4.43,1.08,527.2,215742
2026-02-25 03:06:00,3.50,-2.64,-0.28,323.00,-3.70,4.39,0.94,528.0,228389
2026-02-25 03:07:00,3.52,-2.16,-1.28,328.42,-17.26,4.32,1.36,527.6,181255
2026-02-25 03:08:00,2.57,-2.64,1.51,314.20,22.27,3.98,1.26,524.8,202297
2026-02-25 03:09:00,1.56,-2.83,3.54,298.91,47.61,4.80,0.51,551.7,260272
2026-02-25 03:10:00,1.61,-2.91,3.55,298.99,46.88,4.87,0.15,566.0,232368
2026-02-25 03:11:00,1.75,-3.21,3.15,298.68,40.72,4.82,0.14,566.2,225187
2026-02-25 03:12:00,1.07,-2.42,4.01,293.83,56.53,4.80,0.11,574.2,267313
2026-02-25 03:13:00,0.66,-2.42,4.19,285.19,59.09,4.89,0.13,576.9,228752
2026-02-25 03:14:00,2.26,-2.62,3.12,310.87,42.04,4.66,0.19,565.3,182659
2026-02-25 03:15:00,2.26,-2.64,3.19,310.47,42.54,4.72,0.17,563.3,301826
2026-02-25 03:16:00,3.17,-2.37,2.09,323.29,27.87,4.48,0.12,554.3,317392
2026-02-25 03:17:00,3.13,-2.31,2.07,323.59,28.02,4.41,0.12,483.5,41677
2026-02-25 03:18:00,2.85,-2.32,2.53,320.91,34.51,4.46,0.29,552.1,292843
2026-02-25 03:19:00,2.02,-2.61,3.10,307.76,43.18,4.53,0.14,555.5,414431
2026-02-25 03:20:00,1.91,-2.76,3.10,304.73,42.76,4.57,0.14,575.4,327847
2026-02-25 03:21:00,1.65,-2.88,3.15,299.82,43.48,4.58,0.19,569.2,256255
2026-02-25 03:22:00,1.39,-2.69,3.41,297.37,48.34,4.56,0.23,567.7,243390
2026-02-25 03:23:00,0.87,-2.27,3.88,290.95,57.94,4.58,0.23,564.4,195434
2026-02-25 03:24:00,1.44,-2.11,3.67,304.23,55.21,4.47,0.22,564.0,217729
2026-02-25 03:25:00,2.71,-2.27,-1.24,319.98,-19.29,3.75,1.04,548.1,173139
2026-02-25 03:26:00,2.62,-2.02,-2.78,322.41,-39.98,4.32,1.68,531.1,139525
2026-02-25 03:27:00,2.83,-2.29,-2.35,321.02,-32.83,4.33,1.76,525.4,128833
2026-02-25 03:28:00,2.91,-2.81,-1.60,315.98,-21.66,4.35,1.58,526.6,134634
2026-02-25 03:29:00,2.81,-2.71,-1.89,316.10,-25.83,4.34,1.38,528.2,157478
2026-02-25 03:30:00,2.80,-2.34,-2.11,320.17,-29.99,4.22,1.81,525.9,126867
2026-02-25 03:31:00,2.81,-3.00,-0.88,313.20,-12.07,4.20,1.77,525.5,134712
2026-02-25 03:32:00,3.06,-2.57,-1.29,319.87,-17.88,4.20,1.63,524.4,160200
2026-02-25 03:33:00,3.13,-2.74,-0.86,318.81,-11.63,4.25,1.52,526.4,160441
2026-02-25 03:34:00,3.25,-2.67,-0.81,320.65,-10.85,4.28,1.50,525.9,175016
2026-02-25 03:35:00,3.40,-2.24,0.16,326.56,2.31,4.08,1.73,526.6,157483
2026-02-25 03:36:00,3.03,-2.88,-0.34,316.45,-4.70,4.20,1.35,525.6,180599
2026-02-25 03:37:00,3.25,-2.63,0.14,320.95,1.87,4.18,1.25,532.7,201987
2026-02-25 03:38:00,2.61,-3.19,-0.43,309.34,-5.96,4.14,1.29,532.0,206874
2026-02-25 03:39:00,3.11,-2.36,0.14,322.82,2.01,3.91,1.47,531.3,185996
2026-02-25 03:40:00,3.28,-2.18,0.53,326.33,7.65,3.97,1.41,532.1,198021
2026-02-25 03:41:00,3.15,-2.35,0.34,323.27,4.97,3.95,1.42,530.3,207319
2026-02-25 03:42:00,3.06,-2.52,-0.05,320.48,-0.68,3.96,1.40,529.3,204088
2026-02-25 03:43:00,2.97,-2.63,0.51,318.42,7.26,4.00,1.32,529.5,189831
2026-02-25 03:44:00,2.86,-2.72,0.65,316.39,9.34,4.00,1.36,530.8,178340
2026-02-25 03:45:00,2.87,-2.53,-0.65,318.62,-9.61,3.88,1.48,531.4,168959
2026-02-25 03:46:00,2.65,-3.09,-0.51,310.61,-7.17,4.10,1.62,530.2,150086
2026-02-25 03:47:00,1.93,-3.98,0.45,295.83,5.81,4.45,1.66,532.9,143849
2026-02-25 03:48:00,1.41,-4.28,0.44,288.19,5.57,4.53,1.06,539.7,147552
2026-02-25 03:49:00,1.88,-3.80,1.07,296.28,14.10,4.37,0.93,548.1,145501
2026-02-25 03:50:00,2.79,-2.96,0.84,313.36,11.72,4.16,0.96,542.7,196353
2026-02-25 03:51:00,3.11,-2.83,0.32,317.70,4.34,4.22,1.23,528.5,187543
2026-02-25 03:52:00,3.02,-2.83,0.48,316.91,6.61,4.17,1.45,524.2,181133
2026-02-25 03:53:00,3.14,-2.55,0.22,320.95,3.15,4.05,1.31,526.1,187716
2026-02-25 03:54:00,3.27,-2.58,-0.09,321.72,-1.23,4.16,1.46,525.3,174043
2026-02-25 03:55:00,3.10,-2.62,0.71,319.75,9.92,4.12,1.38,528.3,185023
2026-02-25 03:56:00,3.10,-2.45,1.18,321.74,16.59,4.12,1.14,533.2,217867
2026-02-25 03:57:00,2.50,-0.77,3.23,342.85,51.04,4.16,0.94,542.3,217302
2026-02-25 03:58:00,2.42,-0.72,3.42,343.54,53.59,4.25,0.98,541.6,197572
2026-02-25 04:00:00,2.01,-1.86,3.59,317.23,52.65,4.51,0.72,562.0,144855
2026-02-25 04:01:00,1.97,-1.63,3.44,320.40,53.37,4.28,0.73,561.2,148748
2026-02-25 04:02:00,1.28,-2.93,3.19,293.52,44.93,4.52,0.77,559.7,155472
2026-02-25 04:03:00,0.55,-3.79,2.86,278.31,36.77,4.78,0.72,562.8,115713
2026-02-25 04:04:00,0.96,-2.34,3.81,292.33,56.42,4.57,0.73,562.1,120285
2026-02-25 04:05:00,1.25,-2.03,3.90,301.70,58.55,4.57,0.75,559.6,139684
2026-02-25 04:06:00,0.79,-2.63,3.74,286.67,53.76,4.64,0.67,566.4,107996
2026-02-25 04:07:00,0.04,-3.36,3.33,270.71,44.72,4.73,0.62,567.0,92232
2026-02-25 04:08:00,2.22,-1.81,3.10,320.76,47.24,4.22,0.81,557.8,130943
2026-02-25 04:09:00,1.90,-2.72,2.77,305.00,39.80,4.32,0.73,563.4,132107
2026-02-25 04:10:00,1.09,-3.17,2.87,289.00,40.52,4.42,0.68,562.4,122707
2026-02-25 04:11:00,0.83,-3.68,2.61,282.65,34.70,4.59,0.69,564.6,120498
2026-02-25 04:12:00,0.95,-3.59,2.74,284.86,36.39,4.61,0.66,566.5,115527
2026-02-25 04:13:00,2.12,-2.50,2.71,310.37,39.59,4.25,0.75,555.9,159836
2026-02-25 04:14:00,2.22,-1.99,3.08,318.13,45.96,4.28,0.77,551.0,186297
2026-02-25 04:15:00,2.86,-2.73,1.91,316.34,25.74,4.39,0.79,548.7,201051
2026-02-25 04:16:00,2.94,-2.44,1.89,320.22,26.29,4.26,0.81,545.9,219762
2026-02-25 04:17:00,2.97,-1.85,1.98,328.01,29.50,4.02,0.85,545.2,222006
2026-02-25 04:18:00,3.20,-1.64,1.77,332.85,26.21,4.00,0.98,540.6,220381
2026-02-25 04:19:00,3.22,-1.90,1.43,329.44,20.86,4.00,1.03,536.5,227747
2026-02-25 04:20:00,3.41,-1.15,1.15,341.37,17.64,3.78,1.15,533.7,227812
2026-02-25 04:21:00,3.53,-0.45,1.26,352.74,19.57,3.78,1.26,527.8,211848
2026-02-25 04:22:00,3.34,0.28,1.94,4.84,30.12,3.87,1.34,527.8,206124
2026-02-25 04:23:00,3.29,0.77,2.31,13.19,34.42,4.09,1.35,531.8,190239
2026-02-25 04:24:00,3.55,0.77,2.00,12.15,28.78,4.15,1.34,532.6,185918
2026-02-25 04:25:00,3.50,0.41,2.11,6.68,30.94,4.11,1.16,529.7,178650
2026-02-25 04:26:00,3.42,1.38,1.54,21.95,22.59,4.00,1.75,525.4,148344
2026-02-25 04:27:00,3.60,0.50,0.79,7.94,12.32,3.72,1.74,522.1,166997
2026-02-25 04:28:00,3.53,0.14,-0.59,2.19,-9.50,3.58,1.92,520.7,166535
2026-02-25 04:29:00,3.42,-0.21,-1.40,356.56,-22.31,3.70,1.72,522.4,145323
2026-02-25 04:30:00,3.75,-0.52,-0.95,352.05,-14.07,3.91,1.74,518.5,139540
2026-02-25 04:31:00,3.69,-0.62,-1.38,350.42,-20.22,3.98,1.88,514.7,141429
2026-02-25 04:32:00,3.43,-0.87,-1.83,345.71,-27.42,3.98,1.94,515.5,135292
2026-02-25 04:33:00,3.48,-0.95,-1.61,344.73,-24.08,3.95,1.94,515.7,132271
2026-02-25 04:34:00,3.39,-1.25,-1.66,339.72,-24.69,3.97,1.82,515.2,136558
2026-02-25 04:35:00,3.19,-1.70,-1.85,331.93,-27.06,4.06,1.89,517.5,134694
2026-02-25 04:36:00,3.27,-1.64,-1.62,333.37,-23.85,4.00,1.63,519.4,138766
2026-02-25 04:37:00,3.44,-1.84,-1.60,331.92,-22.30,4.22,1.65,519.7,138764
2026-02-25 04:38:00,3.34,-1.66,-1.57,333.55,-22.74,4.05,1.87,522.6,138940
2026-02-25 04:39:00,3.13,-0.94,-0.46,343.30,-8.10,3.30,1.86,522.0,144519
2026-02-25 04:40:00,3.19,0.58,2.21,10.27,34.36,3.92,1.56,524.0,155619
2026-02-25 04:41:00,2.99,0.53,2.45,10.03,38.91,3.90,1.17,532.7,176426
2026-02-25 04:42:00,2.64,0.88,2.63,18.45,43.41,3.83,1.28,533.6,194061
2026-02-25 04:43:00,2.68,0.86,3.03,17.80,47.09,4.14,1.48,535.1,168914
2026-02-25 04:44:00,2.12,0.93,3.40,23.67,55.76,4.11,1.08,543.0,182321
2026-02-25 04:45:00,2.30,0.29,3.39,7.22,55.59,4.10,0.88,544.8,172738
2026-02-25 04:46:00,3.09,0.29,3.08,5.28,44.75,4.37,1.00,540.7,177684
2026-02-25 04:47:00,3.04,0.08,3.19,1.42,46.39,4.41,1.08,537.8,192803
2026-02-25 04:48:00,2.70,-0.53,3.57,348.95,52.38,4.51,0.98,541.6,203212
2026-02-25 04:49:00,2.72,-0.95,3.44,340.69,50.11,4.49,0.85,548.9,206411
2026-02-25 04:50:00,2.60,2.16,-0.91,39.77,-15.07,3.50,1.24,546.6,169804
2026-02-25 04:51:00,1.25,4.18,0.07,73.32,0.86,4.36,2.26,538.2,108967
2026-02-25 04:52:00,1.65,4.00,1.65,67.59,20.90,4.63,2.32,550.4,103568
2026-02-25 04:53:00,2.11,3.52,1.74,59.03,23.04,4.46,1.91,535.3,111033
2026-02-25 04:54:00,2.42,3.29,1.93,53.67,25.36,4.51,1.66,532.7,125348
2026-02-25 04:55:00,2.46,1.35,0.27,28.79,5.42,2.82,2.13,540.1,116377
2026-02-25 04:56:00,3.29,-0.70,-2.09,347.90,-31.89,3.96,1.93,526.3,140918
2026-02-25 04:57:00,3.28,-0.71,-2.20,347.79,-33.31,4.01,1.85,526.3,153278
2026-02-25 04:58:00,3.22,-0.32,-2.23,354.40,-34.58,3.93,1.96,525.7,141328
2026-02-25 04:59:00,3.15,0.19,-2.16,3.54,-34.43,3.82,1.94,527.9,147387
2026-02-25 05:00:00,3.36,-0.08,-1.89,358.70,-29.33,3.85,2.03,526.6,146078
2026-02-25 05:01:00,3.31,-0.24,-2.01,355.78,-31.22,3.88,1.90,526.2,148601
2026-02-25 05:02:00,3.37,-0.38,-2.28,353.51,-33.92,4.08,1.79,526.4,142705
2026-02-25 05:03:00,3.26,-0.11,-2.41,358.13,-36.49,4.06,1.72,528.1,132134
2026-02-25 05:04:00,2.70,-0.70,-2.85,345.55,-45.56,3.99,1.72,530.3,130078
2026-02-25 05:05:00,2.83,-0.53,-2.73,349.38,-43.39,3.97,1.77,530.8,132667
2026-02-25 05:06:00,2.92,-0.19,-2.66,356.33,-42.27,3.95,1.75,529.6,132412
2026-02-25 05:07:00,2.47,-0.53,-2.87,347.78,-48.61,3.82,1.88,530.0,133942
2026-02-25 05:08:00,2.55,-0.57,-2.62,347.31,-45.07,3.71,1.86,534.7,138171
2026-02-25 05:09:00,2.50,-0.55,-2.89,347.47,-48.52,3.86,1.87,527.1,138617
2026-02-25 05:10:00,2.92,-0.81,-2.87,344.54,-43.39,4.17,1.86,527.1,138005
2026-02-25 05:11:00,2.57,-1.61,-3.54,327.91,-49.48,4.66,1.75,528.0,120282
2026-02-25 05:12:00,2.95,-1.21,-3.65,337.66,-48.79,4.85,1.68,529.9,99667
2026-02-25 05:13:00,2.37,-1.55,-3.98,326.83,-54.63,4.88,1.66,532.5,94758
2026-02-25 05:14:00,3.00,-1.47,-3.46,333.95,-46.00,4.81,1.23,533.0,95346
2026-02-25 05:15:00,2.97,-1.04,-3.43,340.76,-47.54,4.65,1.44,531.6,93242
2026-02-25 05:16:00,3.02,-1.58,-3.07,332.37,-42.03,4.59,1.51,531.1,115965
2026-02-25 05:17:00,2.98,-1.69,-3.01,330.39,-41.25,4.56,1.51,530.7,122056
2026-02-25 05:18:00,3.15,-1.77,-2.71,330.62,-36.80,4.52,1.46,528.3,121313
2026-02-25 05:19:00,3.30,-1.79,-2.57,331.56,-34.45,4.55,1.39,526.5,125502
2026-02-25 05:20:00,3.38,-1.78,-2.39,332.22,-32.08,4.51,1.49,527.1,129280
2026-02-25 05:21:00,3.61,-1.91,-1.09,332.13,-14.97,4.22,1.55,527.9,137508
2026-02-25 05:22:00,3.73,-1.58,-1.70,337.03,-22.81,4.40,1.40,527.4,147246
2026-02-25 05:23:00,3.67,-1.05,-1.73,344.09,-24.33,4.19,1.49,527.2,149981
2026-02-25 05:24:00,3.71,-1.13,-1.83,343.07,-25.23,4.29,1.39,531.3,176846
2026-02-25 05:25:00,3.69,-0.88,-2.30,346.58,-31.18,4.44,1.37,527.9,158155
2026-02-25 05:26:00,3.78,-0.95,-2.10,345.87,-28.28,4.43,1.57,525.7,127484
2026-02-25 05:27:00,3.95,-0.89,-1.81,347.30,-24.12,4.44,1.45,517.7,100784
2026-02-25 05:28:00,4.18,-0.66,-1.53,351.02,-19.88,4.50,1.40,522.0,163800
2026-02-25 05:29:00,4.24,-0.65,-1.49,351.23,-19.20,4.54,1.43,522.5,158011
2026-02-25 05:30:00,4.08,-0.34,-1.05,355.30,-14.33,4.23,1.36,524.1,179929
2026-02-25 05:31:00,4.14,-0.44,-0.87,353.98,-11.82,4.26,1.46,525.1,185238
2026-02-25 05:32:00,4.24,-0.52,-0.69,353.00,-9.16,4.33,1.32,526.6,189874
2026-02-25 05:33:00,4.13,-0.52,-0.51,352.81,-7.01,4.19,1.31,526.6,185105
2026-02-25 05:34:00,4.33,-0.42,-0.29,354.49,-3.75,4.36,1.33,526.0,192366
2026-02-25 05:35:00,4.29,-1.09,-0.01,345.68,-0.13,4.43,1.13,528.3,234833
2026-02-25 05:36:00,4.32,-1.12,-0.15,345.43,-1.99,4.46,0.97,530.5,257931
2026-02-25 05:37:00,4.20,-1.11,-0.08,345.19,-1.08,4.35,1.02,529.9,247493
2026-02-25 05:38:00,3.71,-0.73,-0.31,348.85,-4.68,3.80,1.14,532.3,247319
2026-02-25 05:39:00,3.51,-0.89,-0.21,345.83,-3.33,3.62,1.42,538.1,229035
2026-02-25 05:40:00,3.56,-0.52,-0.84,351.76,-13.09,3.69,1.35,535.1,220915
2026-02-25 05:41:00,3.35,-0.22,-0.34,356.28,-5.78,3.37,1.44,536.5,224113
2026-02-25 05:42:00,3.35,0.15,-0.28,2.54,-4.86,3.36,1.63,,
2026-02-25 05:43:00,3.33,0.37,0.33,6.30,5.64,3.36,1.63,533.9,198466
2026-02-25 05:44:00,3.26,-0.40,-0.13,353.06,-2.26,3.29,1.44,536.9,210623
2026-02-25 05:45:00,2.82,-1.12,0.63,338.43,11.79,3.10,1.16,539.2,245868
2026-02-25 05:46:00,2.65,-1.55,0.87,329.62,15.77,3.19,0.78,552.7,254583
2026-02-25 05:47:00,2.49,-2.07,1.13,320.35,19.20,3.43,0.92,548.7,247133
2026-02-25 05:48:00,0.67,-1.16,1.61,300.13,50.17,2.09,0.86,553.3,234906
2026-02-25 05:49:00,-2.44,0.35,4.28,171.83,60.04,4.94,0.73,562.3,182604
2026-02-25 05:50:00,-2.01,0.06,4.45,178.27,65.65,4.88,0.69,566.2,154790
2026-02-25 05:51:00,-1.08,-1.12,3.79,225.97,67.69,4.10,0.53,566.5,171387
2026-02-25 05:52:00,0.69,-3.35,2.81,281.68,39.46,4.42,0.26,566.2,220933
2026-02-25 05:53:00,-0.15,-3.12,3.18,267.25,45.50,4.46,0.13,564.8,247235
2026-02-25 05:54:00,0.04,-3.35,3.57,270.69,46.81,4.90,0.16,567.2,187039
2026-02-25 05:55:00,0.91,-4.12,3.17,282.42,36.91,5.28,0.21,578.3,158849
2026-02-25 05:56:00,0.64,-4.02,3.47,279.05,40.48,5.35,0.07,580.6,274390
2026-02-25 05:57:00,1.23,-4.40,2.86,285.66,32.03,5.39,0.07,556.9,130706
2026-02-25 05:58:00,1.36,-4.39,2.85,287.25,31.76,5.41,0.17,585.9,193335
2026-02-25 05:59:00,1.47,-4.49,2.55,288.14,28.33,5.36,0.12,583.0,141738
2026-02-25 06:00:00,1.61,-4.37,2.53,290.21,28.56,5.30,0.09,531.5,94328
2026-02-25 06:01:00,1.72,-4.42,2.16,291.25,24.52,5.22,0.32,568.0,169786
2026-02-25 06:02:00,1.74,-4.01,2.40,293.43,28.75,4.99,0.48,580.2,159485
2026-02-25 06:03:00,1.40,-4.28,2.35,288.06,27.56,5.08,0.52,576.5,171444
2026-02-25 06:04:00,1.06,-4.74,2.36,282.60,25.90,5.40,0.34,577.4,122226
2026-02-25 06:05:00,1.26,-4.75,2.37,284.81,25.74,5.46,0.31,573.5,130732
2026-02-25 06:06:00,1.41,-4.58,2.18,287.12,24.46,5.27,0.38,571.2,153842
2026-02-25 06:07:00,1.47,-4.44,2.14,288.34,24.60,5.14,0.39,567.8,159730
2026-02-25 06:08:00,1.94,-4.11,2.36,295.26,27.46,5.12,0.38,568.1,162266
2026-02-25 06:09:00,1.91,-4.28,2.11,294.05,24.23,5.14,0.42,570.1,167354
2026-02-25 06:10:00,0.07,-5.06,1.98,270.79,21.34,5.43,0.41,566.7,146418
2026-02-25 06:11:00,-0.05,-4.95,2.21,269.38,24.04,5.42,0.28,571.0,87689
2026-02-25 06:12:00,-0.02,-4.93,2.17,269.78,23.69,5.39,0.24,567.6,116247
2026-02-25 06:13:00,0.02,-4.95,2.29,270.21,24.85,5.45,0.14,569.8,108663
2026-02-25 06:14:00,0.18,-4.76,2.61,272.20,28.75,5.44,0.09,565.0,87894
2026-02-25 06:16:00,0.61,-4.32,2.98,278.09,34.32,5.28,0.34,576.4,97806
2026-02-25 06:17:00,0.78,-4.27,3.04,280.31,34.97,5.30,0.33,575.5,109159
2026-02-25 06:18:00,0.67,-4.21,3.18,278.99,36.74,5.31,0.37,576.1,108487
2026-02-25 06:19:00,0.83,-4.12,3.19,281.34,37.20,5.28,0.34,577.1,99286
2026-02-25 06:20:00,1.40,-3.84,3.40,290.02,39.74,5.31,0.14,570.8,241310
2026-02-25 06:21:00,1.53,-3.82,3.34,291.76,39.04,5.30,0.18,576.6,169413
2026-02-25 06:22:00,1.42,-3.91,3.34,289.96,38.70,5.33,0.14,582.4,191445
2026-02-25 06:23:00,1.58,-4.31,2.77,290.08,31.06,5.36,0.22,573.5,207882
2026-02-25 06:24:00,1.61,-4.34,2.82,290.34,31.37,5.42,0.36,565.6,143773
2026-02-25 06:25:00,1.57,-4.58,2.50,288.96,27.29,5.45,0.32,569.1,139233
2026-02-25 06:26:00,1.54,-2.88,3.69,298.09,48.53,4.92,0.40,572.6,143443
2026-02-25 06:27:00,1.05,-4.11,2.45,284.32,30.02,4.90,0.55,574.0,151985
2026-02-25 06:28:00,1.66,-3.49,2.94,295.50,37.23,4.86,0.59,573.5,165942
2026-02-25 06:29:00,1.53,-3.75,2.87,292.17,35.31,4.96,0.51,564.7,176226
2026-02-25 06:30:00,1.23,-4.24,3.06,286.20,34.71,5.37,0.27,564.5,183797
2026-02-25 06:31:00,1.47,-3.75,3.47,291.43,40.77,5.31,0.29,571.3,207358
2026-02-25 06:32:00,1.16,-3.09,4.12,290.59,51.26,5.28,0.07,587.6,385006
2026-02-25 06:33:00,2.02,-3.86,2.98,297.67,34.40,5.28,0.37,581.1,148593
2026-02-25 06:34:00,2.49,-3.80,2.61,303.24,29.89,5.24,0.14,533.1,127825
2026-02-25 06:35:00,3.03,-3.90,1.15,307.83,13.07,5.07,0.43,546.3,184395
2026-02-25 06:36:00,2.96,-3.76,0.83,308.20,9.90,4.85,0.74,551.0,203503
2026-02-25 06:37:00,2.98,-3.83,1.05,307.90,12.24,4.97,0.79,543.1,221975
2026-02-25 06:38:00,3.25,-3.59,0.40,312.18,4.71,4.86,0.90,539.4,199422
2026-02-25 06:39:00,3.44,-3.29,0.09,316.32,1.07,4.76,1.11,535.2,170125
2026-02-25 06:40:00,3.38,-3.04,-1.51,318.04,-18.33,4.79,1.34,533.2,142956
2026-02-25 06:41:00,3.54,-3.08,-1.39,319.05,-16.53,4.90,1.52,534.5,113053
2026-02-25 06:42:00,3.31,-3.20,-1.58,315.91,-18.98,4.87,1.52,532.0,115654
2026-02-25 06:43:00,3.54,-3.27,-0.92,317.26,-10.82,4.90,1.46,532.8,119342
2026-02-25 06:44:00,3.29,-3.68,-0.58,311.87,-6.75,4.97,1.41,527.7,109584
2026-02-25 06:45:00,3.14,-3.67,-0.94,310.58,-11.01,4.92,1.19,531.0,101154
2026-02-25 06:46:00,3.03,-3.61,-1.48,310.04,-17.43,4.94,1.57,538.2,114416
2026-02-25 06:47:00,3.14,-3.16,-1.71,314.83,-20.97,4.77,1.50,536.7,133122
2026-02-25 06:48:00,3.46,-2.21,-1.52,327.40,-20.36,4.38,1.50,,
2026-02-25 06:49:00,2.86,-2.68,-0.17,316.80,-2.41,3.92,1.88,532.4,167966
2026-02-25 06:50:00,1.29,-4.11,1.86,287.39,23.39,4.69,0.99,563.9,187141
2026-02-25 06:51:00,1.41,-4.04,1.95,289.19,24.52,4.70,0.84,572.7,164559
2026-02-25 06:52:00,1.24,-3.75,2.38,288.32,31.09,4.61,0.76,563.5,173429
2026-02-25 06:53:00,1.21,-3.45,2.86,289.42,38.07,4.64,0.76,566.7,176680
2026-02-25 06:54:00,0.13,-4.03,2.81,271.89,34.88,4.92,0.78,572.6,162524
2026-02-25 06:55:00,0.78,-3.22,3.23,283.56,44.22,4.63,0.81,574.1,165066
2026-02-25 06:56:00,1.47,-1.75,3.98,310.16,60.15,4.59,0.82,573.4,180027
2026-02-25 06:57:00,1.37,-1.19,4.25,319.05,66.86,4.62,0.79,571.5,178484
2026-02-25 06:58:00,1.14,-3.00,2.34,290.77,36.11,3.97,0.80,568.5,171733
2026-02-25 06:59:00,1.18,-3.24,2.16,290.05,32.04,4.07,0.89,564.7,182764
2026-02-25 07:00:00,0.87,-2.77,3.33,287.41,48.91,4.42,0.89,569.1,188405
2026-02-25 07:01:00,0.80,-2.43,3.68,288.29,55.14,4.48,0.94,571.9,170731
2026-02-25 07:02:00,-0.70,-1.82,4.27,249.05,65.48,4.69,1.00,572.7,178267
2026-02-25 07:03:00,-1.70,-1.24,4.47,216.17,64.73,4.94,0.92,577.1,170532
2026-02-25 07:04:00,-1.54,-1.13,4.58,216.26,67.44,4.96,0.87,575.8,173654
2026-02-25 07:05:00,-0.55,-1.69,4.85,252.13,69.87,5.17,0.95,590.3,217835
2026-02-25 07:06:00,-0.89,-1.98,4.87,245.74,66.01,5.33,0.51,540.2,97444
2026-02-25 07:07:00,-1.00,-2.26,4.89,246.15,63.19,5.48,0.53,562.0,124750
2026-02-25 07:08:00,-1.14,-2.26,4.88,243.21,62.62,5.50,0.55,571.2,136703
2026-02-25 07:09:00,-1.30,-2.28,4.75,240.39,61.14,5.43,0.61,570.6,143172
2026-02-25 07:10:00,-1.34,-2.32,4.97,240.06,61.65,5.65,0.61,570.0,139780
2026-02-25 07:11:00,-0.61,-2.20,4.76,254.55,64.36,5.27,0.59,570.6,143453
2026-02-25 07:12:00,-0.26,-1.88,4.71,262.02,68.04,5.07,0.68,571.4,158180
2026-02-25 07:13:00,0.14,-2.28,4.51,273.59,63.20,5.06,0.80,572.0,167220
2026-02-25 07:14:00,1.23,-3.03,2.69,292.08,39.51,4.24,0.84,569.8,166886
2026-02-25 07:15:00,1.94,-3.44,0.47,299.35,6.74,3.98,1.18,556.7,154225
2026-02-25 07:16:00,1.12,-2.72,3.46,292.39,49.60,4.54,1.76,545.3,157209
2026-02-25 07:17:00,0.89,-3.51,3.70,284.24,45.65,5.17,0.62,560.2,185061
2026-02-25 07:18:00,1.30,-3.83,3.56,288.76,41.32,5.39,0.54,571.0,159173
2026-02-25 07:19:00,1.06,-3.97,3.50,284.95,40.41,5.40,0.67,568.1,150383
2026-02-25 07:20:00,1.57,-3.77,3.17,292.69,37.86,5.17,0.59,564.6,182325
2026-02-25 07:21:00,2.26,-3.49,2.85,302.91,34.44,5.04,0.59,564.5,183426
2026-02-25 07:22:00,2.69,-3.36,2.36,308.64,28.79,4.91,0.75,556.0,247000
2026-02-25 07:23:00,2.43,-3.27,2.03,306.67,26.53,4.55,0.87,558.2,237154
2026-02-25 07:24:00,-1.29,-4.25,2.08,253.12,25.12,4.91,0.92,574.0,241238
2026-02-25 07:25:00,-1.15,-3.93,2.67,253.70,33.11,4.88,0.85,571.2,191160
2026-02-25 07:26:00,0.74,-4.27,1.81,279.80,22.65,4.69,0.96,570.0,230227
2026-02-25 07:27:00,1.11,-4.55,1.25,283.70,14.97,4.85,0.89,560.5,239114
2026-02-25 07:28:00,-0.08,-4.34,2.94,268.95,34.12,5.24,0.62,539.8,162514
2026-02-25 07:29:00,-0.74,-4.49,2.68,260.60,30.46,5.28,0.65,555.6,133334
2026-02-25 07:30:00,-1.36,-4.73,2.21,253.95,24.16,5.39,0.89,592.2,165316
2026-02-25 07:31:00,-1.55,-4.58,1.89,251.27,21.30,5.19,0.88,571.4,183514
2026-02-25 07:32:00,-0.87,-4.47,1.86,258.93,22.16,4.92,0.65,562.3,157314
2026-02-25 07:33:00,0.09,-4.34,1.97,271.23,24.35,4.77,0.59,536.2,119045
2026-02-25 07:34:00,-0.07,-4.25,2.22,269.07,27.62,4.80,0.77,600.3,232685
2026-02-25 07:35:00,0.70,-4.26,2.09,279.34,25.85,4.80,0.89,571.7,183511
2026-02-25 07:36:00,-0.34,-4.51,1.63,265.64,19.78,4.80,0.73,564.7,167733
2026-02-25 07:37:00,0.48,-4.39,1.67,276.27,20.74,4.72,0.80,589.5,241418
2026-02-25 07:38:00,1.31,-3.78,1.63,289.11,22.17,4.32,0.60,561.6,189973
2026-02-25 07:39:00,0.73,-3.51,0.15,281.75,2.45,3.59,0.92,557.8,210575
2026-02-25 07:40:00,1.25,-2.22,0.28,299.40,6.33,2.56,0.92,533.1,168598
2026-02-25 07:41:00,0.96,-0.54,-0.20,330.69,-10.30,1.12,1.19,557.3,276653
2026-02-25 07:42:00,1.58,-0.30,0.13,349.44,4.76,1.62,1.49,567.8,283810
2026-02-25 07:43:00,2.86,-1.16,0.43,337.94,7.94,3.12,1.47,553.0,241186
2026-02-25 07:44:00,2.22,-1.65,0.43,323.36,8.86,2.80,1.39,548.1,261345
2026-02-25 07:45:00,1.79,-1.59,0.93,318.36,21.32,2.57,1.34,550.3,274397
2026-02-25 07:46:00,1.52,-1.90,0.48,308.61,11.06,2.48,1.19,547.0,250195
2026-02-25 07:47:00,1.89,-2.35,-1.07,308.90,-19.53,3.20,1.16,544.4,199118
2026-02-25 07:48:00,1.57,-3.10,-0.89,296.89,-14.33,3.58,1.40,554.3,222898
2026-02-25 07:49:00,0.97,-3.65,-1.52,284.87,-21.97,4.07,1.55,574.9,292542
2026-02-25 07:50:00,1.15,-4.00,0.21,286.02,2.86,4.17,1.64,559.5,182184
2026-02-25 07:51:00,0.64,-4.11,0.98,278.82,13.20,4.27,1.33,564.4,148151
2026-02-25 07:52:00,2.18,-2.40,3.29,312.28,45.44,4.62,1.03,564.3,195840
2026-02-25 07:53:00,1.39,-2.30,4.28,301.13,57.91,5.05,0.86,555.1,171183
2026-02-25 07:54:00,1.78,-2.55,4.15,304.83,53.16,5.19,0.84,554.1,168261
2026-02-25 07:55:00,1.98,-1.70,4.46,319.35,59.65,5.17,0.63,573.7,180811
2026-02-25 07:56:00,1.99,-0.98,4.58,333.79,64.16,5.09,0.75,586.6,282263
2026-02-25 07:57:00,1.70,-1.31,4.75,322.29,65.70,5.21,0.66,561.5,204065
2026-02-25 07:58:00,1.73,-1.70,4.73,315.60,62.84,5.32,0.66,570.3,165089
2026-02-25 07:59:00,2.25,-1.77,4.36,321.86,56.68,5.21,0.66,582.6,180242
2026-02-25 08:00:00,2.33,-1.86,4.30,321.36,55.26,5.23,0.67,584.8,225145
2026-02-25 08:01:00,2.83,-1.39,3.97,333.92,51.55,5.07,0.71,585.6,250908
2026-02-25 08:02:00,2.93,-1.79,3.85,328.60,48.28,5.16,0.67,558.0,170842
2026-02-25 08:03:00,2.83,-1.68,4.08,329.33,51.15,5.24,0.67,548.1,175105
2026-02-25 08:04:00,3.05,-1.46,3.89,334.36,48.94,5.15,0.71,560.9,209630
2026-02-25 08:05:00,3.17,-1.50,3.79,334.66,47.17,5.16,0.73,556.0,203274
2026-02-25 08:06:00,3.30,-1.74,3.31,332.14,41.55,4.99,0.78,563.3,256628
2026-02-25 08:07:00,3.52,-2.20,2.86,328.02,34.56,5.05,0.56,532.7,119986
2026-02-25 08:08:00,3.38,-1.92,3.21,330.45,39.51,5.04,0.79,553.4,245541
2026-02-25 08:09:00,2.94,-2.51,3.26,319.54,40.11,5.05,0.82,558.7,265102
2026-02-25 08:10:00,2.96,-2.37,3.34,321.32,41.36,5.06,0.70,559.1,221493
2026-02-25 08:11:00,3.08,-1.33,3.23,336.63,43.86,4.66,0.63,570.6,221147
2026-02-25 08:12:00,2.44,-2.36,3.09,315.97,42.26,4.59,0.75,558.9,236849
2026-02-25 08:13:00,2.93,-0.67,3.33,347.19,47.96,4.49,0.80,569.6,229322
2026-02-25 08:14:00,3.08,1.53,3.14,26.38,42.37,4.66,0.67,551.6,158094
2026-02-25 08:15:00,3.34,1.28,2.95,20.88,39.46,4.63,1.08,541.5,151927
2026-02-25 08:16:00,3.53,1.03,2.75,16.33,36.72,4.59,1.67,558.8,219289
2026-02-25 08:17:00,3.81,1.09,2.34,15.96,30.55,4.60,1.88,559.4,230612
2026-02-25 08:18:00,3.86,0.81,2.42,11.83,31.49,4.63,1.92,546.2,184156
2026-02-25 08:19:00,3.85,0.67,2.38,9.81,31.38,4.58,1.60,547.1,177586
2026-02-25 08:20:00,4.06,0.15,2.12,2.15,27.64,4.58,1.41,552.9,235052
2026-02-25 08:21:00,4.08,-0.70,2.06,350.26,26.50,4.62,1.46,551.6,240542
2026-02-25 08:22:00,4.37,-0.04,1.15,359.43,14.74,4.52,0.77,531.1,135611
2026-02-25 08:23:00,4.36,-0.63,1.13,351.85,14.39,4.55,2.40,562.3,306953
2026-02-25 08:24:00,4.39,-0.94,1.04,347.87,13.03,4.61,1.79,541.3,242956
2026-02-25 08:25:00,4.36,-0.91,0.61,348.15,7.80,4.50,1.77,554.1,318424
2026-02-25 08:26:00,4.29,-1.04,0.64,346.34,8.22,4.46,1.25,536.1,193573
2026-02-25 08:27:00,4.16,0.14,1.15,1.94,15.49,4.32,1.15,532.2,166877
2026-02-25 08:28:00,4.20,-0.24,1.12,356.67,14.89,4.36,1.48,544.4,236874
2026-02-25 08:29:00,4.07,-1.14,1.14,344.31,15.14,4.38,0.98,530.1,161446
2026-02-25 08:30:00,4.17,-0.87,0.85,348.18,11.27,4.34,1.38,546.6,263544
2026-02-25 08:31:00,4.16,-0.93,1.20,347.40,15.77,4.43,1.68,556.0,317018
2026-02-25 08:32:00,4.27,-0.85,0.90,348.70,11.67,4.45,1.65,548.8,281372
2026-02-25 08:33:00,4.31,-1.17,0.69,344.86,8.80,4.51,1.44,543.2,244580
2026-02-25 08:34:00,4.33,-1.31,-0.05,343.21,-0.61,4.52,1.09,538.5,193070
2026-02-25 08:35:00,4.42,-0.90,0.31,348.49,3.99,4.52,1.91,558.7,314714
2026-02-25 08:36:00,4.48,-0.70,-0.41,351.17,-5.18,4.56,1.33,541.9,221209
2026-02-25 08:37:00,4.49,-0.21,-0.43,357.37,-5.43,4.52,0.93,532.2,164926
2026-02-25 08:38:00,4.44,0.36,0.43,4.66,5.55,4.48,2.55,557.3,280824
2026-02-25 08:39:00,4.53,0.20,0.26,2.59,3.29,4.54,2.02,543.7,241544
2026-02-25 08:40:00,4.47,0.13,0.29,1.67,3.67,4.48,1.82,541.2,210414
2026-02-25 08:41:00,4.20,-0.44,1.11,353.96,14.71,4.37,1.07,534.0,169577
2026-02-25 08:42:00,3.66,0.60,2.41,9.28,33.01,4.43,1.87,549.7,240733
2026-02-25 08:43:00,3.85,0.95,1.71,13.83,23.33,4.32,1.65,543.3,204652
2026-02-25 08:44:00,3.40,2.45,1.23,35.77,16.40,4.37,1.11,542.1,201377
2026-02-25 08:45:00,3.62,2.10,0.81,30.18,10.90,4.26,1.56,553.9,237667
2026-02-25 08:46:00,4.18,1.32,-0.12,17.48,-1.63,4.38,2.24,556.1,245350
2026-02-25 08:47:00,4.22,1.47,-0.40,19.23,-5.13,4.48,2.26,545.3,214202
2026-02-25 08:48:00,3.87,1.86,0.69,25.66,9.20,4.34,1.65,528.6,172366
2026-02-25 08:49:00,3.95,1.73,0.39,23.66,5.18,4.33,1.62,531.0,194923
2026-02-25 08:50:00,3.83,1.54,0.62,21.83,8.58,4.18,2.19,551.0,250567
2026-02-25 08:51:00,3.95,1.46,0.45,20.28,6.13,4.24,1.61,538.9,190878
2026-02-25 08:52:00,3.73,1.48,0.05,21.72,0.73,4.01,1.80,539.7,195363
2026-02-25 08:53:00,3.71,1.30,-0.43,19.36,-6.22,3.95,1.96,549.1,223165
2026-02-25 08:54:00,3.73,1.50,-0.88,21.89,-12.37,4.11,1.37,530.9,144838
2026-02-25 08:55:00,3.88,1.72,0.10,23.87,1.36,4.24,2.32,553.8,231343
2026-02-25 08:56:00,3.98,1.78,0.60,24.06,7.84,4.40,1.75,541.6,193824
2026-02-25 08:57:00,3.66,1.19,-1.41,18.01,-20.16,4.10,2.00,563.1,275134
2026-02-25 08:58:00,3.32,1.24,-1.95,20.42,-28.77,4.04,1.96,547.8,197757
2026-02-25 08:59:00,2.99,0.82,-2.78,15.36,-41.91,4.17,2.03,546.2,172381
2026-02-25 09:00:00,2.83,0.23,-3.16,4.59,-48.08,4.25,2.05,546.7,169927
2026-02-25 09:01:00,2.96,0.58,-2.96,11.16,-44.47,4.23,2.42,553.2,201038
2026-02-25 09:02:00,3.30,0.74,-2.26,12.56,-33.72,4.07,2.10,549.2,170266
2026-02-25 09:03:00,2.34,0.31,-3.56,7.54,-56.51,4.27,1.37,531.9,133352
2026-02-25 09:04:00,2.20,-0.07,-3.92,358.09,-60.64,4.50,1.58,544.2,163003
2026-02-25 09:05:00,2.23,0.42,-3.88,10.72,-59.70,4.50,2.51,572.6,209461
2026-02-25 09:06:00,1.89,0.63,-4.16,18.52,-64.45,4.61,2.32,558.2,175807
2026-02-25 09:07:00,2.28,0.58,-3.98,14.30,-59.40,4.62,1.89,550.6,137949
2026-02-25 09:08:00,1.78,0.44,-4.27,13.89,-66.74,4.64,2.11,553.6,153751
2026-02-25 09:09:00,2.39,0.97,-3.72,22.21,-55.26,4.52,2.48,571.1,209186
2026-02-25 09:10:00,2.10,0.95,-3.79,24.43,-58.71,4.43,2.22,553.9,157773
2026-02-25 09:11:00,1.77,-0.28,-4.16,351.03,-66.65,4.53,0.92,518.9,83783
2026-02-25 09:12:00,1.92,-0.23,-3.91,353.25,-63.66,4.37,2.02,553.5,164173
2026-02-25 09:13:00,2.50,0.41,-3.70,9.34,-55.58,4.48,2.57,562.4,214540
2026-02-25 09:14:00,2.98,0.81,-3.13,15.17,-45.39,4.39,2.04,549.8,159396
2026-02-25 09:15:00,2.90,0.78,-3.56,15.09,-49.88,4.66,1.33,528.0,110379
2026-02-25 09:16:00,2.79,0.76,-3.50,15.29,-50.44,4.54,1.85,540.1,135631
2026-02-25 09:17:00,2.42,1.84,-3.39,37.19,-48.15,4.55,4.63,553.5,123177
2026-02-25 09:18:00,2.71,1.90,-2.93,35.05,-41.45,4.42,3.53,541.1,107043
2026-02-25 09:19:00,2.63,2.30,-2.87,41.09,-39.42,4.52,1.93,540.1,129324
2026-02-25 09:20:00,3.06,2.50,-1.75,39.26,-23.89,4.33,2.52,554.5,173492
2026-02-25 09:21:00,2.88,2.45,-2.18,40.42,-30.04,4.36,2.52,553.1,181708
2026-02-25 09:22:00,2.84,2.58,-2.30,42.30,-30.95,4.47,1.83,536.9,134574
2026-02-25 09:23:00,2.91,2.80,-1.91,43.89,-25.36,4.47,1.71,527.1,114408
2026-02-25 09:24:00,2.85,2.40,-2.53,40.09,-34.16,4.50,2.09,544.2,139417
2026-02-25 09:25:00,2.67,1.48,-3.18,29.01,-46.19,4.41,2.25,544.2,145096
2026-02-25 09:26:00,2.65,1.90,-3.11,35.59,-43.66,4.51,1.96,534.2,112265
2026-02-25 09:27:00,2.42,2.34,-3.13,44.06,-42.91,4.60,6.26,561.3,103957
2026-02-25 09:28:00,2.94,2.28,-2.43,37.77,-33.19,4.44,2.37,545.5,142975
2026-02-25 09:29:00,2.70,3.12,-1.02,49.14,-13.86,4.25,2.05,541.6,193232
2026-02-25 09:30:00,2.33,3.90,0.31,59.19,3.93,4.55,1.05,513.9,99488
2026-02-25 09:31:00,2.64,3.80,0.09,55.20,1.15,4.63,2.23,551.9,210349
2026-02-25 09:32:00,2.94,3.51,0.22,50.08,2.75,4.58,2.30,548.7,179456
2026-02-25 09:33:00,1.59,4.72,-0.63,71.36,-7.22,5.02,2.15,541.6,149169
2026-02-25 09:34:00,2.21,4.48,-0.62,63.73,-7.05,5.03,3.10,576.9,259355
2026-02-25 09:35:00,2.23,4.31,-0.77,62.63,-9.04,4.92,2.59,563.9,189816
2026-02-25 09:36:00,2.24,3.87,-1.75,59.95,-21.36,4.80,2.02,548.7,121170
2026-02-25 09:37:00,1.73,4.36,-1.01,68.40,-12.16,4.80,1.62,534.4,100417
2026-02-25 09:38:00,1.95,3.77,-1.93,62.68,-24.42,4.66,1.47,534.0,121529
2026-02-25 09:39:00,1.62,3.90,-2.05,67.43,-25.85,4.69,2.52,573.9,234239
2026-02-25 09:40:00,1.98,4.03,-1.43,63.84,-17.64,4.71,2.45,557.6,150525
2026-02-25 09:41:00,2.09,4.14,-0.94,63.20,-11.49,4.74,2.27,550.6,134203
2026-02-25 09:42:00,1.98,4.25,-0.70,65.07,-8.44,4.74,1.55,520.2,76702
2026-02-25 09:43:00,2.06,4.18,-0.52,63.83,-6.36,4.69,2.26,564.9,166849
2026-02-25 09:44:00,1.67,4.36,-0.49,69.09,-5.97,4.70,2.04,548.0,141185
2026-02-25 09:45:00,1.21,4.59,0.10,75.17,1.21,4.74,1.52,530.3,96393
2026-02-25 09:46:00,1.63,4.11,-0.78,68.40,-9.97,4.49,2.18,565.8,167224
2026-02-25 09:47:00,2.18,3.66,-1.44,59.25,-18.67,4.50,2.53,567.7,208456
2026-02-25 09:48:00,1.67,4.00,-1.02,67.27,-13.27,4.45,2.18,552.0,172778
2026-02-25 09:49:00,1.03,4.56,-0.43,77.27,-5.32,4.69,1.60,527.4,117028
2026-02-25 09:50:00,0.63,4.52,-1.16,82.02,-14.30,4.71,2.03,554.1,180006
2026-02-25 09:51:00,1.08,4.22,-0.88,75.65,-11.41,4.45,2.29,574.4,195821
2026-02-25 09:52:00,2.81,2.45,0.50,41.05,7.61,3.76,2.17,564.7,163749
2026-02-25 09:53:00,1.65,3.24,-1.95,63.05,-28.19,4.12,1.83,555.2,180185
2026-02-25 09:54:00,1.88,2.96,-1.67,57.57,-25.50,3.89,1.38,544.0,170864
2026-02-25 09:55:00,1.80,2.16,-2.93,50.24,-46.19,4.06,2.37,549.6,171279
2026-02-25 09:56:00,0.63,0.54,-4.29,40.55,-79.04,4.37,1.85,543.6,162101
2026-02-25 09:57:00,1.85,0.94,-3.46,26.95,-59.07,4.03,1.55,521.5,128496
2026-02-25 09:58:00,1.46,1.24,-3.72,40.36,-62.84,4.18,1.88,583.6,310307
2026-02-25 09:59:00,1.63,2.64,-3.11,58.35,-45.11,4.40,2.24,559.8,199829
2026-02-25 10:02:00,-0.69,1.49,4.52,114.65,70.02,4.81,1.04,571.7,201417
2026-02-25 10:03:00,-0.26,1.85,4.41,97.88,67.00,4.79,0.75,569.6,143086
2026-02-25 10:04:00,-1.13,1.57,4.62,125.66,67.32,5.01,0.77,588.2,205671
2026-02-25 10:05:00,-1.95,1.02,4.97,152.37,66.17,5.44,0.78,584.9,191698
2026-02-25 10:06:00,-1.28,0.79,4.06,148.31,69.62,4.33,0.76,578.2,163675
2026-02-25 10:07:00,0.34,2.44,2.75,82.15,48.15,3.70,1.44,565.6,155195
2026-02-25 10:08:00,1.69,2.62,-0.67,57.27,-12.05,3.19,1.40,558.4,143389
2026-02-25 10:09:00,2.21,2.07,-0.70,43.09,-13.01,3.10,1.73,554.6,153272
2026-02-25 10:10:00,1.13,2.59,-0.93,66.33,-18.27,2.97,2.20,562.7,197363
2026-02-25 10:11:00,0.82,1.91,0.47,66.88,12.68,2.13,1.73,555.3,189107
2026-02-25 10:12:00,1.27,2.99,0.39,66.98,6.83,3.27,1.68,550.7,174731
2026-02-25 10:13:00,1.07,2.73,2.05,68.63,34.97,3.57,1.80,587.4,239597
2026-02-25 10:14:00,0.79,2.75,1.58,74.05,28.98,3.27,1.37,550.7,129222
2026-02-25 10:15:00,0.60,2.50,0.99,76.57,21.15,2.75,1.70,566.2,183007
2026-02-25 10:16:00,0.38,2.38,1.25,80.84,27.34,2.71,1.55,538.4,133429
2026-02-25 10:17:00,0.54,4.08,1.36,82.46,18.26,4.34,1.61,591.5,306379
2026-02-25 10:18:00,0.79,4.41,1.63,79.89,19.97,4.76,1.55,569.4,159303
2026-02-25 10:19:00,0.78,4.31,2.10,79.74,25.62,4.86,1.67,567.0,118870
2026-02-25 10:20:00,0.49,3.85,3.54,82.81,42.33,5.25,1.86,586.2,170471
2026-02-25 10:21:00,-0.07,2.53,3.94,91.52,57.34,4.68,1.44,568.9,129326
2026-02-25 10:22:00,0.39,2.80,3.57,82.10,51.66,4.55,1.25,569.9,167267
2026-02-25 10:23:00,0.63,3.07,3.73,78.34,49.94,4.87,1.32,581.8,224699
2026-02-25 10:24:00,3.02,3.24,-0.32,47.00,-4.09,4.44,1.85,541.9,144886
2026-02-25 10:25:00,3.04,3.44,-0.92,48.57,-11.40,4.68,1.91,542.9,142073
2026-02-25 10:26:00,2.82,3.20,-1.05,48.63,-13.85,4.39,2.06,547.0,147649
2026-02-25 10:27:00,1.80,1.81,-3.06,45.10,-50.23,3.98,2.22,555.5,186681
2026-02-25 10:28:00,1.15,1.93,-2.78,59.18,-51.13,3.58,2.36,565.2,236091
2026-02-25 10:29:00,1.93,3.07,-2.79,57.83,-37.53,4.57,2.21,560.7,235179
2026-02-25 10:30:00,2.07,3.42,-2.65,58.74,-33.54,4.80,2.06,564.0,173376
2026-02-25 10:31:00,2.09,3.59,-1.91,59.81,-24.72,4.57,1.99,550.0,142333
2026-02-25 10:32:00,2.26,3.64,-1.77,58.14,-22.47,4.63,2.08,566.6,177969
2026-02-25 10:33:00,2.29,3.76,-1.42,58.67,-17.91,4.63,2.16,557.4,148499
2026-02-25 10:34:00,2.17,3.55,-0.57,58.56,-7.74,4.20,1.72,549.8,139906
2026-02-25 10:35:00,2.47,3.44,-0.53,54.32,-7.15,4.27,2.09,553.0,150925
2026-02-25 10:36:00,2.69,3.36,0.10,51.32,1.40,4.30,2.33,556.5,172882
2026-02-25 10:37:00,1.99,2.87,0.21,55.23,3.38,3.50,2.06,547.6,155752
2026-02-25 10:38:00,1.49,3.38,0.55,66.22,8.51,3.74,1.68,528.8,140756
2026-02-25 10:39:00,1.28,3.30,0.73,68.85,11.58,3.61,1.53,518.9,140342
2026-02-25 10:40:00,1.04,3.22,0.36,72.17,6.03,3.40,2.06,594.9,276985
2026-02-25 10:41:00,0.86,2.74,0.45,72.56,8.91,2.91,2.07,587.7,268783
2026-02-25 10:42:00,1.11,3.15,0.56,70.60,9.52,3.39,1.96,565.1,224294
2026-02-25 10:43:00,1.64,3.86,0.24,66.99,3.28,4.20,1.74,545.1,154381
2026-02-25 10:44:00,1.37,4.34,1.21,72.45,14.91,4.71,2.14,560.0,158701
2026-02-25 10:45:00,1.01,4.99,0.34,78.55,3.88,5.10,2.08,562.2,160473
2026-02-25 10:46:00,1.63,4.43,-1.36,69.79,-16.11,4.91,1.57,526.7,108103
2026-02-25 10:47:00,1.58,4.53,-0.93,70.70,-11.01,4.89,1.90,579.4,174169
2026-02-25 10:48:00,1.42,4.81,-0.36,73.55,-4.14,5.03,2.26,575.0,172756
2026-02-25 10:49:00,1.09,4.97,0.12,77.66,1.39,5.09,2.20,575.1,192810
2026-02-25 10:50:00,1.79,4.73,-0.04,69.27,-0.50,5.05,1.80,544.0,109188
2026-02-25 10:51:00,1.52,4.77,0.37,72.29,4.17,5.02,1.83,552.1,126679
2026-02-25 10:52:00,1.33,4.65,0.46,74.08,5.39,4.86,2.06,565.0,164036
2026-02-25 10:53:00,2.37,3.99,-0.17,59.27,-2.15,4.65,1.83,552.2,131035
2026-02-25 10:54:00,2.66,3.68,-0.82,54.14,-10.22,4.61,1.93,550.0,134548
2026-02-25 10:55:00,3.06,3.09,-0.90,45.23,-11.69,4.44,2.06,551.3,146621
2026-02-25 10:56:00,3.20,3.01,-0.19,43.26,-2.41,4.40,2.14,551.5,154826
2026-02-25 10:57:00,2.88,3.26,-0.50,48.50,-6.54,4.38,1.88,544.9,161604
2026-02-25 10:58:00,2.56,3.44,-0.61,53.30,-8.08,4.33,1.36,535.5,142215
2026-02-25 10:59:00,2.06,3.80,-0.69,61.59,-9.01,4.37,2.07,561.1,161901
2026-02-25 11:00:00,1.51,4.34,0.16,70.81,2.02,4.60,1.90,547.6,135244
2026-02-25 11:01:00,1.81,4.16,0.33,66.51,4.21,4.55,1.50,536.6,105470
2026-02-25 11:02:00,2.69,3.03,-1.24,48.37,-17.01,4.24,2.18,579.5,245296
2026-02-25 11:03:00,2.66,1.60,-1.95,31.00,-32.24,3.66,2.04,555.3,169399
2026-02-25 11:04:00,2.23,-1.23,-3.19,331.09,-51.43,4.08,2.04,547.4,171464
2026-02-25 11:05:00,1.87,-0.20,-3.51,353.78,-61.85,3.98,0.88,515.5,89200
2026-02-25 11:06:00,1.64,-1.90,-3.21,310.69,-51.95,4.07,2.06,564.4,221215
2026-02-25 11:07:00,1.58,-2.43,-3.35,303.00,-49.09,4.43,1.81,560.3,175708
2026-02-25 11:08:00,1.97,-1.65,-3.31,320.10,-52.19,4.18,1.42,540.6,118100
2026-02-25 11:09:00,1.52,-0.67,-3.79,336.28,-66.30,4.13,1.76,550.4,160233
2026-02-25 11:10:00,1.26,-0.88,-4.19,325.12,-69.80,4.46,2.22,563.3,206753
2026-02-25 11:11:00,0.94,-0.90,-4.38,316.51,-73.47,4.57,2.19,563.2,174650
2026-02-25 11:12:00,1.53,-0.48,-4.15,342.41,-68.84,4.45,2.02,560.5,132298
2026-02-25 11:13:00,2.66,0.36,-3.28,7.78,-50.76,4.24,3.05,572.9,245448
2026-02-25 11:14:00,2.21,0.53,-3.50,13.55,-57.03,4.17,2.31,554.3,196695
2026-02-25 11:15:00,1.60,0.30,-4.01,10.71,-67.86,4.33,0.92,519.0,97048
2026-02-25 11:16:00,2.20,0.19,-3.67,5.02,-58.91,4.28,2.04,547.9,151170
2026-02-25 11:17:00,2.19,0.61,-3.34,15.68,-55.74,4.04,2.31,553.5,180398
2026-02-25 11:18:00,2.95,-1.26,-2.81,336.85,-41.28,4.26,1.74,532.4,97294
2026-02-25 11:19:00,3.22,-0.97,-2.81,343.29,-39.92,4.38,2.26,557.9,189438
2026-02-25 11:20:00,2.90,-0.50,-3.38,350.21,-48.94,4.48,1.84,545.3,131367
2026-02-25 11:21:00,3.86,-1.18,-1.79,342.95,-23.94,4.41,2.09,567.0,196897
2026-02-25 11:22:00,4.09,-0.73,-1.57,349.82,-20.66,4.44,1.85,543.8,176249
2026-02-25 11:23:00,4.09,-1.02,-1.47,345.97,-19.21,4.47,1.79,535.8,160957
2026-02-25 11:24:00,3.77,-1.40,-1.96,339.56,-25.95,4.47,1.50,511.4,126393
2026-02-25 11:25:00,3.74,-1.90,-1.83,333.03,-23.57,4.58,1.69,536.7,188057
2026-02-25 11:26:00,3.24,-2.30,-2.06,324.63,-27.36,4.48,1.67,543.1,189204
2026-02-25 11:27:00,3.25,-3.20,-0.72,315.43,-8.93,4.62,1.29,538.0,186891
2026-02-25 11:28:00,3.82,-2.50,-0.73,326.75,-9.12,4.62,1.17,547.3,249140
2026-02-25 11:29:00,3.61,-2.86,0.47,321.64,5.87,4.63,1.13,543.6,256035
2026-02-25 11:30:00,2.77,-3.83,0.70,305.85,8.45,4.78,0.95,537.9,223963
2026-02-25 11:31:00,3.49,-3.00,-0.60,319.34,-7.41,4.64,1.27,553.6,266848
2026-02-25 11:32:00,3.35,-2.81,-1.50,320.09,-18.99,4.62,1.34,539.8,194501
2026-02-25 11:33:00,3.50,-1.91,-2.26,331.42,-29.55,4.58,1.54,545.3,215201
2026-02-25 11:34:00,3.50,-0.97,-2.82,344.46,-37.85,4.60,1.32,525.6,127515
2026-02-25 11:35:00,3.19,0.07,-3.36,1.30,-46.47,4.63,1.41,533.6,148985
2026-02-25 11:36:00,3.31,-2.34,0.51,324.70,7.20,4.09,2.38,548.9,180766
2026-02-25 11:37:00,3.24,-2.90,0.58,318.16,7.62,4.38,2.11,556.9,121902
2026-02-25 11:38:00,3.78,-2.18,-1.07,330.04,-13.71,4.50,1.35,539.1,164397
2026-02-25 11:39:00,2.50,-4.19,-0.15,300.78,-1.75,4.88,0.57,561.7,249121
2026-02-25 11:40:00,2.73,-3.86,-0.65,305.26,-7.80,4.78,0.99,572.5,297717
2026-02-25 11:41:00,3.04,-3.50,-0.40,310.98,-4.92,4.66,0.87,544.3,203453
2026-02-25 11:42:00,2.34,-4.11,-1.20,299.71,-14.26,4.88,0.72,533.2,164085
2026-02-25 11:43:00,2.48,-3.76,-1.84,303.39,-22.27,4.86,1.03,542.7,170235
2026-02-25 11:44:00,3.12,-2.61,-2.30,320.06,-29.52,4.68,1.30,543.8,160082
2026-02-25 11:45:00,3.73,-2.13,-1.72,330.22,-21.80,4.63,1.33,538.5,160372
2026-02-25 11:46:00,3.63,-2.29,-1.79,327.80,-22.63,4.65,1.43,517.0,111606
2026-02-25 11:47:00,4.26,-1.07,-1.19,345.96,-15.09,4.55,1.40,519.0,123998
2026-02-25 11:48:00,3.99,-1.49,-1.02,339.55,-13.44,4.38,1.28,525.2,163247
2026-02-25 11:49:00,3.16,-1.40,-2.36,336.19,-34.28,4.18,1.16,524.8,158530
2026-02-25 11:50:00,2.79,-2.54,-3.03,317.76,-38.79,4.84,1.24,539.1,182042
2026-02-25 11:51:00,2.37,-2.44,-3.49,314.11,-45.79,4.87,2.09,550.8,179942
2026-02-25 11:52:00,2.38,-1.96,-3.67,320.46,-49.98,4.79,2.01,545.4,133393
2026-02-25 11:53:00,3.01,-0.52,-3.38,350.25,-47.89,4.56,1.76,532.9,103937
2026-02-25 11:54:00,2.79,0.67,-3.05,13.51,-46.74,4.18,1.75,527.9,106101
2026-02-25 11:55:00,0.92,-4.38,-2.34,281.89,-27.60,5.05,1.59,551.6,132381
2026-02-25 11:56:00,0.90,-4.75,-1.90,280.72,-21.42,5.19,1.84,572.1,223115
2026-02-25 11:57:00,0.80,-4.64,-2.31,279.74,-26.14,5.25,1.51,556.7,169874
2026-02-25 11:58:00,1.12,-4.01,-3.08,285.63,-36.47,5.18,1.43,551.2,152895
2026-02-25 11:59:00,2.30,-3.30,-2.94,304.82,-36.18,4.99,1.64,552.5,161133
2026-02-25 12:00:00,2.78,-3.03,-2.66,312.61,-32.89,4.90,1.65,546.9,140888
2026-02-25 12:01:00,2.64,-3.00,-2.85,311.38,-35.44,4.91,1.48,531.4,116912
2026-02-25 12:02:00,3.16,-2.77,-2.42,318.79,-29.96,4.85,1.43,525.7,121468
2026-02-25 12:03:00,3.35,-2.14,-2.63,327.36,-33.44,4.76,1.84,558.2,201656
2026-02-25 12:04:00,3.47,-1.36,-2.89,338.68,-37.75,4.71,1.86,537.2,156241
2026-02-25 12:05:00,3.11,-2.24,-2.80,324.22,-36.16,4.75,2.06,542.1,176732
2026-02-25 12:06:00,3.42,-1.75,-2.75,332.85,-35.56,4.72,1.01,502.0,70803
2026-02-25 12:07:00,2.94,0.45,-3.08,8.71,-46.01,4.29,1.84,549.0,168495
2026-02-25 12:08:00,2.76,2.27,-3.05,39.49,-40.52,4.70,2.03,540.9,127025
2026-02-25 12:09:00,2.69,2.06,-3.16,37.37,-43.00,4.64,1.82,528.7,103226
2026-02-25 12:10:00,2.11,2.22,-3.38,46.57,-47.80,4.56,2.24,554.7,149496
2026-02-25 12:11:00,2.40,1.71,-2.84,35.45,-43.89,4.09,2.09,550.1,151426
2026-02-25 12:12:00,2.09,-4.38,-0.43,295.51,-5.09,4.87,2.03,561.0,153971
2026-02-25 12:13:00,2.17,-4.41,-0.58,296.19,-6.69,4.94,1.27,547.5,146685
2026-02-25 12:14:00,2.90,-3.94,-0.51,306.34,-5.95,4.91,1.22,546.9,189639
2026-02-25 12:15:00,3.20,-3.48,-0.79,312.60,-9.44,4.79,1.57,546.9,224759
2026-02-25 12:16:00,2.79,-3.88,-1.07,305.72,-12.62,4.90,1.48,534.9,201040
2026-02-25 12:17:00,2.44,-4.20,-0.89,300.10,-10.35,4.94,1.53,544.0,228806
2026-02-25 12:18:00,2.16,-4.45,-0.81,295.89,-9.25,5.01,1.92,568.0,326077
2026-02-25 12:19:00,1.97,-4.64,-0.93,293.01,-10.40,5.12,1.38,551.0,168489
2026-02-25 12:20:00,2.13,-4.54,-0.81,295.11,-9.20,5.08,1.28,544.5,155525
2026-02-25 12:21:00,2.20,-4.54,-0.45,295.86,-5.06,5.07,0.92,518.0,109375
2026-02-25 12:22:00,2.37,-4.45,0.24,298.06,2.73,5.05,1.82,569.4,275259
2026-02-25 12:23:00,1.41,-5.02,0.08,285.66,0.89,5.22,1.46,557.6,213688
2026-02-25 12:24:00,0.46,-5.41,0.01,274.84,0.11,5.43,1.03,557.4,181756
2026-02-25 12:25:00,0.77,-5.34,-0.32,278.18,-3.37,5.40,1.12,570.4,220470
2026-02-25 12:26:00,1.14,-5.32,-0.01,282.13,-0.10,5.44,0.96,551.6,144987
2026-02-25 12:27:00,1.24,-5.26,-0.03,283.27,-0.33,5.41,0.97,555.4,171476
2026-02-25 12:28:00,1.29,-5.22,0.37,283.88,3.96,5.39,0.92,537.5,151659
2026-02-25 12:29:00,1.61,-4.93,0.44,288.14,4.87,5.20,0.88,565.6,205584
2026-02-25 12:30:00,1.49,-4.69,0.27,287.61,3.11,4.93,1.09,579.6,267143
2026-02-25 12:31:00,0.85,-5.15,0.00,279.35,-0.04,5.22,1.14,568.1,221911
2026-02-25 12:32:00,1.12,-5.18,0.05,282.21,0.56,5.30,0.98,555.9,146114
2026-02-25 12:33:00,1.78,-4.76,-0.29,290.49,-3.25,5.09,0.98,551.5,171471
2026-02-25 12:34:00,-0.14,-5.24,0.00,268.47,-0.05,5.24,1.05,553.3,211887
2026-02-25 12:35:00,-0.80,-5.36,-1.18,261.54,-12.26,5.54,1.17,550.5,133722
2026-02-25 12:36:00,-1.43,-4.92,-2.22,253.78,-23.39,5.58,1.66,583.8,152464
2026-02-25 12:37:00,0.77,-4.78,0.99,279.14,11.59,4.94,1.94,608.4,215166
2026-02-25 12:38:00,1.08,-4.94,0.31,282.32,3.48,5.06,3.05,606.0,126219
2026-02-25 12:39:00,0.57,-5.22,-0.13,276.22,-1.43,5.25,0.63,535.5,168914
2026-02-25 12:40:00,0.63,-5.05,-1.20,277.10,-13.23,5.23,1.01,562.0,175306
2026-02-25 12:41:00,0.69,-5.14,-0.98,277.70,-10.69,5.28,1.16,561.3,207323
2026-02-25 12:42:00,0.57,-5.21,-0.58,276.29,-6.34,5.28,1.21,561.4,161165
2026-02-25 12:43:00,0.54,-5.24,-0.20,275.86,-2.18,5.27,1.10,551.7,133174
2026-02-25 12:44:00,-0.11,-5.34,-0.29,268.78,-3.08,5.34,0.91,558.1,152903
2026-02-25 12:45:00,-0.02,-5.38,-0.15,269.83,-1.58,5.38,0.78,553.2,140265
2026-02-25 12:46:00,0.01,-5.46,0.09,270.06,0.96,5.46,0.91,569.0,187572
2026-02-25 12:47:00,-0.93,-5.71,0.00,260.73,0.04,5.78,1.02,578.9,177055
2026-02-25 12:48:00,-0.53,-5.69,-0.56,264.71,-5.61,5.74,1.02,586.3,158272
2026-02-25 12:49:00,-0.64,-5.64,-0.77,263.50,-7.73,5.73,1.06,593.1,182554
2026-02-25 12:50:00,-0.61,-5.66,-0.60,263.85,-6.02,5.72,1.05,568.2,128665
2026-02-25 12:51:00,-0.65,-5.63,-0.42,263.40,-4.20,5.68,1.02,554.8,106862
2026-02-25 12:52:00,-0.84,-5.64,-0.55,261.49,-5.55,5.73,1.22,598.7,176842
2026-02-25 12:53:00,-0.99,-5.70,-0.33,260.14,-3.24,5.80,1.20,595.5,171276
2026-02-25 12:54:00,-0.66,-5.66,-0.80,263.37,-8.03,5.76,1.00,566.4,120157
2026-02-25 12:55:00,0.15,-5.54,-1.19,271.55,-12.08,5.67,0.99,541.2,90469
2026-02-25 12:56:00,-0.59,-5.60,-1.17,264.03,-11.77,5.75,1.57,567.6,175436
2026-02-25 12:57:00,-1.46,-5.43,-1.44,254.95,-14.38,5.80,1.51,565.3,145743
2026-02-25 12:58:00,-1.28,-5.55,-0.80,257.02,-8.01,5.75,1.40,575.2,149482
2026-02-25 12:59:00,-1.24,-5.57,-1.18,257.43,-11.72,5.82,1.35,580.9,173343
2026-02-25 13:00:00,-1.13,-5.41,-1.65,258.19,-16.61,5.77,1.29,573.9,137167
2026-02-25 13:01:00,-0.48,-5.44,-1.57,264.99,-16.04,5.68,1.36,571.1,133548
2026-02-25 13:02:00,-0.64,-5.70,-0.78,263.58,-7.78,5.79,1.34,556.0,111656
2026-02-25 13:03:00,-0.43,-5.73,-0.50,265.72,-5.02,5.76,1.35,557.9,138879
2026-02-25 13:04:00,-0.83,-5.67,-0.45,261.68,-4.53,5.75,1.33,566.6,172338
2026-02-25 13:05:00,-0.83,-5.71,-0.40,261.69,-3.97,5.78,1.24,568.2,151763
2026-02-25 13:06:00,0.87,-5.38,-1.00,279.23,-10.41,5.54,1.19,569.7,143947
2026-02-25 13:07:00,0.32,-5.54,-1.08,273.34,-10.97,5.65,1.10,544.4,127790
2026-02-25 13:08:00,0.29,-5.34,-1.66,273.15,-17.24,5.60,1.46,559.7,165806
2026-02-25 13:09:00,0.71,-5.03,-2.16,278.04,-23.03,5.52,1.56,565.4,194317
2026-02-25 13:10:00,0.89,-4.62,-2.49,280.93,-27.93,5.32,1.41,515.6,84396
2026-02-25 13:11:00,1.83,-3.75,-2.79,296.05,-33.77,5.02,2.03,576.9,197870
2026-02-25 13:12:00,1.38,-4.23,-2.08,288.06,-25.02,4.91,2.30,564.9,206976
2026-02-25 13:13:00,3.01,-1.10,-2.95,340.00,-42.66,4.36,2.18,567.4,180694
2026-02-25 13:14:00,3.34,-1.44,-2.77,336.74,-37.29,4.58,1.95,531.0,140298
2026-02-25 13:15:00,2.27,-2.74,-2.42,309.56,-34.27,4.30,2.24,536.6,181851
2026-02-25 13:16:00,2.94,-2.73,-2.56,317.11,-32.61,4.76,2.09,537.7,172748
2026-02-25 13:17:00,2.84,-3.12,-2.50,312.34,-30.69,4.91,1.74,530.9,140013
2026-02-25 13:18:00,2.84,-2.46,-2.90,319.04,-37.66,4.74,2.08,541.2,167118
2026-02-25 13:19:00,3.47,0.03,-2.38,0.56,-34.41,4.21,2.17,540.9,169918
2026-02-25 13:20:00,3.47,-1.82,0.02,332.36,0.26,3.92,1.73,536.5,201636
2026-02-25 13:21:00,3.52,-1.71,0.17,334.08,2.51,3.91,1.25,537.1,235026
2026-02-25 13:22:00,3.36,-0.57,-0.94,350.35,-15.47,3.54,1.14,529.6,172025
2026-02-25 13:23:00,2.70,2.53,0.62,43.20,9.46,3.75,2.13,545.2,207482
2026-02-25 13:24:00,1.89,1.65,-1.58,41.16,-32.31,2.96,2.58,552.9,217445
2026-02-25 13:27:00,1.11,3.21,-0.37,70.85,-6.27,3.41,1.82,556.5,110448
2026-02-25 13:28:00,1.09,2.81,0.03,68.81,0.62,3.02,2.22,567.9,203463
2026-02-25 13:29:00,0.86,2.83,0.52,73.12,9.89,3.01,2.03,542.8,154253
2026-02-25 13:30:00,1.07,1.80,-0.09,59.30,-2.33,2.09,2.50,588.4,280158
2026-02-25 13:31:00,1.50,1.75,-0.34,49.34,-8.47,2.33,2.53,577.3,267091
2026-02-25 13:32:00,1.96,1.07,-0.48,28.54,-12.11,2.28,2.48,569.2,255881
2026-02-25 13:33:00,2.82,1.41,-0.27,26.53,-4.86,3.16,1.99,543.5,178023
2026-02-25 13:34:00,2.53,0.33,0.23,7.42,5.16,2.56,2.33,553.8,248941
2026-02-25 13:35:00,3.20,0.21,0.29,3.78,5.09,3.22,2.36,558.6,275172
2026-02-25 13:36:00,2.90,0.33,-0.95,6.55,-17.97,3.07,1.75,531.8,196043
2026-02-25 13:37:00,2.89,-0.32,-1.34,353.73,-24.77,3.20,1.82,533.2,202324
2026-02-25 13:38:00,2.19,-2.71,-1.07,308.96,-17.12,3.64,2.33,566.7,268839
2026-02-25 13:39:00,2.46,-2.09,-0.90,319.57,-15.58,3.35,2.20,569.0,305124
2026-02-25 13:40:00,2.54,-1.62,-1.34,327.52,-23.93,3.30,1.87,554.5,266099
2026-02-25 13:41:00,2.80,-1.41,-0.54,333.37,-9.84,3.18,1.39,536.3,182357
2026-02-25 13:42:00,2.62,-0.13,-1.03,357.24,-21.52,2.82,2.28,553.4,211242
2026-02-25 13:43:00,0.70,-2.10,-2.56,288.33,-49.11,3.38,1.59,548.3,245446
2026-02-25 13:44:00,0.33,-3.16,-1.96,276.04,-31.71,3.73,1.16,548.0,105109
2026-02-25 13:45:00,0.74,-2.80,-2.05,284.86,-35.27,3.55,1.15,565.3,125244
2026-02-25 13:46:00,1.13,-3.33,-0.82,288.77,-13.17,3.61,2.28,589.7,319959
2026-02-25 13:47:00,0.97,-3.33,-1.90,286.29,-28.74,3.96,1.37,551.6,206282
2026-02-25 13:48:00,1.01,-3.22,-1.84,287.38,-28.58,3.85,1.37,537.6,160858
2026-02-25 13:49:00,1.56,-3.36,-1.13,294.90,-17.00,3.87,1.60,562.0,202711
2026-02-25 13:50:00,2.26,-2.92,-0.06,307.78,-0.93,3.69,1.80,571.9,246564
2026-02-25 13:51:00,2.53,-2.55,-0.10,314.77,-1.56,3.60,1.49,543.7,211936
2026-02-25 13:52:00,2.84,-2.32,0.37,320.81,5.70,3.68,1.40,544.0,217492
2026-02-25 13:53:00,3.27,-1.88,0.55,330.17,8.26,3.81,1.78,571.4,288010
2026-02-25 13:54:00,3.44,-1.34,0.42,338.69,6.48,3.72,1.69,557.7,269613
2026-02-25 13:55:00,3.10,-1.66,-0.03,331.79,-0.54,3.51,1.55,538.6,210317
2026-02-25 13:56:00,2.57,-2.39,-1.97,316.99,-29.28,4.02,1.09,519.5,157946
2026-02-25 13:57:00,3.07,0.04,-2.01,0.71,-33.15,3.67,1.64,569.4,288600
2026-02-25 13:58:00,2.78,-1.35,-2.05,334.07,-33.51,3.71,1.96,,
2026-02-25 13:59:00,2.48,-1.84,-2.26,323.39,-36.23,3.83,1.96,552.7,238059
2026-02-25 14:00:00,2.27,-2.90,-1.72,308.12,-24.98,4.06,1.76,551.7,189693
2026-02-25 14:01:00,1.08,-2.69,-2.18,291.83,-36.99,3.63,1.72,546.5,184580
2026-02-25 14:02:00,-0.53,-4.68,-0.13,263.49,-1.57,4.72,1.92,548.3,172036
2026-02-25 14:03:00,-1.49,-5.25,-0.15,254.13,-1.55,5.46,1.14,542.7,129941
2026-02-25 14:04:00,-1.06,-5.44,-0.34,258.99,-3.49,5.56,1.22,577.7,216149
2026-02-25 14:05:00,-1.09,-5.61,0.01,259.03,0.06,5.71,1.38,597.9,276221
2026-02-25 14:06:00,-1.31,-5.49,0.14,256.60,1.42,5.65,1.00,580.5,205679
2026-02-25 14:07:00,-1.00,-5.34,-0.11,259.38,-1.15,5.43,0.92,584.1,201812
2026-02-25 14:08:00,-0.66,-5.28,0.00,262.85,-0.02,5.32,0.96,583.5,209627
2026-02-25 14:09:00,-1.15,-5.13,-0.61,257.38,-6.67,5.29,0.82,560.7,147358
2026-02-25 14:10:00,-0.78,-5.07,-0.86,261.27,-9.48,5.20,1.11,557.5,139561
2026-02-25 14:11:00,-1.42,-5.10,-0.96,254.42,-10.27,5.38,1.43,554.7,135158
2026-02-25 14:12:00,-1.34,-5.05,-0.37,255.12,-4.07,5.24,1.30,600.7,214688
2026-02-25 14:13:00,0.55,-3.31,1.29,279.45,20.99,3.59,1.38,592.3,172128
2026-02-25 14:14:00,2.01,-2.95,0.72,304.21,11.32,3.64,1.47,581.4,265356
2026-02-25 14:15:00,1.95,-3.43,0.01,299.56,0.15,3.95,0.74,520.5,122096
2026-02-25 14:16:00,2.17,-3.33,-0.52,303.10,-7.48,4.01,1.32,568.8,280310
2026-02-25 14:17:00,2.27,-3.49,-0.87,303.07,-11.84,4.26,1.25,549.3,208601
2026-02-25 14:18:00,1.69,-3.82,-1.48,293.92,-19.46,4.43,1.15,529.8,145897
2026-02-25 14:19:00,1.56,-4.07,-0.19,291.02,-2.45,4.36,1.52,552.7,140420
2026-02-25 14:20:00,1.43,-4.03,0.09,289.49,1.14,4.27,1.39,569.4,272992
2026-02-25 14:21:00,1.46,-3.93,0.05,290.33,0.69,4.19,1.34,574.3,345130
2026-02-25 14:22:00,1.86,-2.68,1.65,304.69,26.76,3.65,1.27,551.3,242790
2026-02-25 14:23:00,1.22,-4.42,-1.01,285.42,-12.39,4.69,1.19,545.7,190822
2026-02-25 14:24:00,1.12,-4.54,-0.75,283.80,-9.08,4.74,1.34,559.3,240964
2026-02-25 14:25:00,2.88,0.04,-1.75,0.73,-31.34,3.37,1.43,550.6,226009
2026-02-25 14:26:00,2.73,-1.84,-1.20,326.01,-20.09,3.51,1.62,539.6,202805
2026-02-25 14:27:00,2.58,-1.80,-1.10,325.15,-19.26,3.33,2.28,552.8,278755
2026-02-25 14:28:00,2.46,0.31,-2.43,7.13,-44.44,3.47,1.79,546.4,227962
2026-02-25 14:29:00,2.93,0.02,-1.37,0.42,-25.10,3.24,2.22,553.0,263970
2026-02-25 14:30:00,1.17,-0.62,-1.56,332.27,-49.74,2.05,1.59,516.7,137484
2026-02-25 14:33:00,-0.01,-4.04,-1.38,269.89,-18.81,4.27,0.90,528.6,122775
2026-02-25 14:34:00,0.47,-4.12,-2.01,276.50,-25.86,4.61,1.65,561.6,173073
2026-02-25 14:35:00,0.80,-3.39,-3.03,283.23,-41.05,4.61,1.85,569.8,224102
2026-02-25 14:36:00,0.49,-3.16,-3.36,278.79,-46.46,4.64,1.94,561.7,174044
2026-02-25 14:37:00,1.46,-3.36,-1.26,293.49,-18.95,3.87,1.41,534.7,97373
2026-02-25 14:38:00,2.09,-3.45,-0.90,301.25,-12.58,4.13,1.44,545.7,117188
2026-02-25 14:39:00,2.68,-2.78,-1.12,313.97,-16.12,4.02,1.12,531.1,89652
2026-02-25 14:40:00,1.37,-3.18,-2.78,293.25,-38.73,4.44,0.95,520.9,108866
2026-02-25 14:41:00,0.27,-0.97,-4.43,285.55,-77.23,4.54,2.64,559.8,180843
2026-02-25 14:42:00,2.01,-2.26,-2.81,311.65,-42.90,4.13,4.05,569.9,148986
2026-02-25 14:43:00,1.30,-2.77,-1.93,295.18,-32.24,3.62,2.31,551.9,209152
2026-02-25 14:44:00,0.50,-3.85,2.07,277.43,28.06,4.40,0.91,527.0,144681
2026-02-25 14:45:00,0.34,-2.22,3.62,278.66,58.20,4.26,0.70,508.4,108846
2026-02-25 14:46:00,1.29,-1.89,3.25,304.40,54.93,3.98,0.09,479.3,30980
2026-02-25 14:47:00,0.22,-4.84,0.85,272.60,9.96,4.92,1.16,571.2,307084
2026-02-25 14:48:00,-0.30,-4.98,0.62,266.55,7.06,5.03,0.74,571.8,192278
2026-02-25 14:49:00,-0.68,-5.15,0.57,262.47,6.32,5.22,0.78,573.3,212978
2026-02-25 14:50:00,-1.08,-4.90,1.78,257.57,19.57,5.33,0.69,567.9,162094
2026-02-25 14:51:00,-0.34,-4.58,1.65,265.80,19.82,4.88,0.62,578.7,184016
2026-02-25 14:52:00,0.34,-4.72,0.69,274.13,8.33,4.78,0.61,574.4,192078
2026-02-25 14:53:00,0.92,-4.57,-0.53,281.41,-6.44,4.69,0.71,574.9,248753
2026-02-25 14:54:00,0.97,-4.49,0.89,282.17,10.98,4.68,0.71,565.4,241074
2026-02-25 14:55:00,1.03,-4.55,-0.11,282.81,-1.39,4.67,0.70,560.8,234117
2026-02-25 14:56:00,1.43,-4.11,-0.77,289.15,-10.05,4.42,0.76,546.7,203455
2026-02-25 14:57:00,2.50,-3.20,-1.08,308.05,-14.91,4.20,1.04,535.6,189779
2026-02-25 14:58:00,2.39,-2.79,-1.48,310.60,-21.88,3.97,1.57,555.6,283403
2026-02-25 14:59:00,0.61,-3.68,0.13,279.40,2.06,3.73,1.58,541.7,230161
2026-02-25 15:00:00,0.99,-4.88,0.71,281.49,8.11,5.03,0.96,526.6,140418
2026-02-25 15:01:00,0.97,-4.85,0.97,281.28,11.15,5.04,0.89,575.9,283472
2026-02-25 15:02:00,0.69,-4.71,1.23,278.37,14.46,4.92,1.06,554.4,167365
2026-02-25 15:03:00,0.87,-4.49,1.58,280.98,19.02,4.84,0.86,554.7,231915
2026-02-25 15:04:00,-0.13,-5.01,1.42,268.47,15.85,5.21,0.86,,
2026-02-25 15:06:00,0.88,-4.76,0.27,280.47,3.16,4.84,0.60,584.0,214539
2026-02-25 15:07:00,0.89,-4.68,-0.81,280.78,-9.60,4.83,0.87,558.2,198353
2026-02-25 15:08:00,0.15,-4.26,2.59,272.01,31.23,4.99,0.62,530.9,220145
2026-02-25 15:09:00,-0.31,-4.89,2.25,266.37,24.63,5.39,0.47,542.2,210246
2026-02-25 15:10:00,0.43,-3.98,3.01,276.24,37.00,5.01,0.45,564.6,183780
2026-02-25 15:11:00,0.64,-4.22,2.50,278.65,30.36,4.94,0.68,556.3,156706
2026-02-25 15:12:00,-0.38,-4.85,2.37,265.48,26.01,5.41,0.73,561.2,223880
2026-02-25 15:13:00,-0.83,-4.80,2.62,260.16,28.26,5.53,0.45,584.1,285009
2026-02-25 15:14:00,0.01,-5.46,0.57,270.14,5.92,5.49,0.44,571.4,201832
2026-02-25 15:15:00,-0.33,-5.56,0.26,266.61,2.68,5.58,0.66,565.2,201652
2026-02-25 15:16:00,-0.45,-5.51,-0.14,265.34,-1.42,5.53,0.93,572.5,210178
2026-02-25 15:17:00,-0.84,-5.46,0.11,261.30,1.15,5.53,1.03,569.5,234742
2026-02-25 15:18:00,-1.00,-5.38,0.29,259.49,3.06,5.48,0.95,556.4,130271
2026-02-25 15:19:00,-0.77,-5.20,-0.26,261.53,-2.83,5.26,0.81,530.2,110665
2026-02-25 15:20:00,1.28,-4.77,-0.55,284.96,-6.33,4.97,0.12,488.8,31554
2026-02-25 15:21:00,1.72,-4.65,-0.42,290.27,-4.85,4.98,1.06,542.3,185732
2026-02-25 15:22:00,1.70,-4.73,0.73,289.79,8.31,5.08,1.22,551.0,202620
2026-02-25 15:23:00,0.90,-4.94,1.31,280.30,14.67,5.19,0.85,538.9,201268
2026-02-25 15:24:00,0.84,-5.03,1.33,279.45,14.66,5.27,0.79,553.3,186373
2026-02-25 15:25:00,0.93,-4.97,1.35,280.58,14.96,5.23,0.68,551.7,173385
2026-02-25 15:26:00,1.13,-4.99,1.27,282.77,13.90,5.27,0.57,536.0,163671
2026-02-25 15:27:00,1.34,-4.91,1.28,285.27,14.14,5.25,0.77,549.4,222340
2026-02-25 15:28:00,1.23,-4.87,1.10,284.21,12.30,5.14,0.98,563.1,246467
2026-02-25 15:29:00,0.40,-4.90,2.08,274.70,22.98,5.34,0.82,554.1,178697
2026-02-25 15:30:00,0.51,-4.92,2.02,275.95,22.20,5.34,0.57,553.1,151834
2026-02-25 15:31:00,0.76,-4.90,1.93,278.79,21.25,5.32,0.54,553.0,183653
2026-02-25 15:32:00,0.07,-5.13,1.92,270.73,20.51,5.48,0.65,571.2,266598
2026-02-25 15:33:00,-0.59,-5.30,1.91,263.67,19.68,5.66,0.59,572.2,225833
2026-02-25 15:34:00,-0.32,-5.25,1.88,266.49,19.62,5.59,0.43,518.1,89317
2026-02-25 15:35:00,-0.13,-5.27,1.77,268.62,18.60,5.56,0.58,584.9,217368
2026-02-25 15:36:00,-0.50,-5.35,1.67,264.65,17.30,5.63,0.75,570.5,204197
2026-02-25 15:37:00,-0.84,-5.49,0.76,261.34,7.81,5.60,0.75,570.0,203743
2026-02-25 15:38:00,-0.74,-5.38,1.17,262.22,12.13,5.55,0.73,585.2,189657
2026-02-25 15:39:00,0.09,-5.37,0.35,270.91,3.70,5.38,0.65,567.6,190221
2026-02-25 15:40:00,-0.62,-5.53,0.56,263.66,5.69,5.59,0.67,563.0,165434
2026-02-25 15:41:00,-0.55,-5.46,0.15,264.30,1.58,5.49,0.66,553.3,141522
2026-02-25 15:42:00,-0.70,-5.47,-0.06,262.68,-0.58,5.51,0.82,567.8,227402
2026-02-25 15:43:00,-0.48,-5.39,-0.22,264.88,-2.38,5.42,1.02,570.9,222370
2026-02-25 15:44:00,-0.23,-5.15,-0.75,267.43,-8.30,5.21,1.21,559.3,144338
2026-02-25 15:45:00,-0.73,-5.12,0.64,261.84,7.11,5.21,1.31,555.6,131978
2026-02-25 15:46:00,-2.61,-4.62,2.36,240.57,23.93,5.81,1.12,558.4,129041
2026-02-25 15:47:00,-2.81,-4.73,2.31,239.26,22.74,5.96,0.85,585.4,178520
2026-02-25 15:48:00,-2.72,-4.70,2.07,239.97,20.88,5.81,0.58,586.0,220673
2026-02-25 15:49:00,-1.24,-5.10,1.59,256.27,16.89,5.48,0.50,577.7,202724
2026-02-25 15:50:00,-1.06,-5.02,1.92,258.03,20.56,5.48,0.73,587.0,253926
2026-02-25 15:51:00,-0.50,-5.17,0.48,264.49,5.33,5.22,0.57,564.8,96031
2026-02-25 15:52:00,-0.39,-5.20,0.46,265.70,4.99,5.24,0.69,568.2,190513
2026-02-25 15:53:00,-0.07,-5.12,0.93,269.26,10.34,5.21,0.65,554.6,148121
2026-02-25 15:54:00,0.80,-4.87,1.32,279.35,14.99,5.11,0.91,573.8,275051
2026-02-25 15:55:00,1.17,-4.81,1.38,283.71,15.57,5.14,0.78,576.1,214201
2026-02-25 15:56:00,1.38,-4.80,0.84,285.98,9.57,5.07,0.59,551.0,206984
2026-02-25 15:57:00,1.34,-4.83,-0.25,285.46,-2.86,5.02,0.45,528.9,169631
2026-02-25 15:58:00,0.55,-4.96,0.12,276.30,1.36,4.99,0.56,543.4,210410
2026-02-25 16:00:00,1.89,-4.57,0.85,292.51,9.73,5.02,0.81,543.2,177794
2026-02-25 16:01:00,1.10,-4.92,0.78,282.58,8.84,5.10,0.79,548.8,167065
2026-02-25 16:02:00,1.05,-4.80,1.30,282.36,14.77,5.09,0.79,559.8,161589
2026-02-25 16:03:00,0.77,-4.84,1.51,279.08,17.12,5.13,0.83,564.4,208397
2026-02-25 16:04:00,0.71,-4.56,0.64,278.87,7.84,4.66,0.67,566.2,248047
2026-02-25 16:05:00,0.71,-1.96,-3.61,289.87,-60.00,4.16,0.91,549.6,179865
2026-02-25 16:06:00,1.31,-0.55,-4.05,337.14,-70.61,4.29,1.97,574.6,195220
2026-02-25 16:07:00,0.20,-2.58,-2.11,274.46,-39.21,3.34,5.58,570.2,115655
2026-02-25 16:08:00,-0.64,-3.60,-2.95,259.86,-38.90,4.70,1.25,524.6,98677
2026-02-25 16:09:00,-2.47,-4.49,-0.50,241.18,-5.54,5.15,1.73,585.8,233607
2026-02-25 16:10:00,1.80,-2.43,-2.32,306.54,-37.54,3.81,1.80,592.7,248664
2026-02-25 16:12:00,0.35,-4.36,-2.01,274.62,-24.66,4.81,0.55,508.1,93854
2026-02-25 16:13:00,0.07,-4.36,-2.51,270.94,-29.93,5.04,1.32,556.2,221058
2026-02-25 16:14:00,-0.08,-4.04,-3.16,268.91,-38.05,5.13,1.82,582.5,298191
2026-02-25 16:15:00,-0.52,-4.51,-2.63,263.48,-30.09,5.24,1.71,570.4,204555
2026-02-25 16:16:00,-1.54,-5.01,-1.80,252.86,-18.97,5.54,1.55,567.7,116617
2026-02-25 16:17:00,-2.10,-5.24,-0.66,248.11,-6.71,5.68,1.52,580.6,150403
2026-02-25 16:18:00,-2.48,-4.87,-1.26,243.01,-12.97,5.61,1.49,582.1,176986
2026-02-25 16:19:00,-2.14,-4.47,-2.52,244.45,-26.90,5.56,1.41,564.7,131488
2026-02-25 16:20:00,-2.56,-4.26,-2.42,239.00,-25.98,5.52,1.28,539.2,102449
2026-02-25 16:21:00,-1.99,-4.81,-1.89,247.52,-19.91,5.54,1.70,608.1,211134
2026-02-25 16:22:00,-2.16,-4.84,-1.47,245.91,-15.46,5.50,1.89,598.1,211036
2026-02-25 16:23:00,-1.62,-5.36,-0.42,253.16,-4.29,5.62,1.14,571.1,196942
2026-02-25 16:24:00,-0.96,-5.55,-0.45,260.15,-4.61,5.66,1.18,590.3,216406
2026-02-25 16:25:00,-0.28,-5.64,0.11,267.17,1.08,5.64,1.13,564.2,150106
2026-02-25 16:26:00,-1.06,-5.66,0.80,259.42,7.87,5.81,0.90,552.1,138697
2026-02-25 16:27:00,-1.26,-5.64,0.41,257.43,4.03,5.80,0.79,562.0,156396
2026-02-25 16:28:00,-1.05,-5.33,1.60,258.81,16.44,5.66,0.93,586.9,172893
2026-02-25 16:29:00,-0.42,-5.09,1.67,265.31,18.07,5.37,0.73,579.4,213233
2026-02-25 16:30:00,-0.71,-5.21,1.87,262.28,19.62,5.58,0.59,556.5,200151
2026-02-25 16:31:00,-1.03,-5.19,1.92,258.79,19.95,5.63,0.53,560.1,174010
2026-02-25 16:32:00,-2.41,-4.48,2.26,241.73,23.93,5.57,0.48,568.9,156194
2026-02-25 16:33:00,-3.07,-4.58,2.09,236.16,20.79,5.90,0.53,571.9,164613
2026-02-25 16:34:00,-3.15,-4.82,1.76,236.87,17.04,6.02,0.58,582.1,199950
2026-02-25 16:35:00,-2.39,-5.01,1.30,244.48,13.16,5.70,0.43,555.3,126716
2026-02-25 16:36:00,0.37,-4.80,2.36,274.37,26.09,5.36,0.17,522.5,53216
2026-02-25 16:37:00,0.17,-4.90,2.08,272.02,22.95,5.32,0.69,563.7,169877
2026-02-25 16:38:00,-0.71,-5.48,1.40,262.64,14.25,5.70,0.64,562.2,144260
2026-02-25 16:39:00,0.03,-5.00,2.02,270.35,22.00,5.39,0.53,556.9,146827
2026-02-25 16:40:00,0.30,-4.94,1.65,273.45,18.45,5.21,0.55,566.6,220323
2026-02-25 16:41:00,-0.43,-5.01,1.32,265.08,14.67,5.20,0.45,550.8,147760
2026-02-25 16:42:00,0.01,-4.87,1.47,270.15,16.79,5.09,0.55,561.1,141856
2026-02-25 16:43:00,0.22,-4.77,1.65,272.69,18.99,5.06,0.57,563.5,142344
2026-02-25 16:44:00,0.22,-4.89,1.19,272.53,13.71,5.04,0.84,602.7,370085
2026-02-25 16:45:00,0.37,-4.77,1.51,274.41,17.48,5.01,0.61,568.1,222150
2026-02-25 16:46:00,0.92,-4.51,1.72,281.49,20.52,4.92,0.50,539.1,137124
2026-02-25 16:47:00,0.96,-4.65,1.34,281.67,15.77,4.93,0.62,541.6,158015
2026-02-25 16:48:00,0.97,-4.62,1.44,281.90,16.95,4.93,0.74,547.6,176039
2026-02-25 16:49:00,0.74,-4.64,1.34,279.10,15.94,4.89,0.64,541.8,153958
2026-02-25 16:50:00,1.09,-4.57,1.29,283.39,15.32,4.87,0.55,549.6,185459
2026-02-25 16:51:00,1.20,-4.50,1.37,284.90,16.35,4.86,0.76,570.6,309915
2026-02-25 16:52:00,1.19,-4.59,1.25,284.59,14.74,4.90,0.69,556.8,220019
2026-02-25 16:53:00,1.07,-4.56,1.28,283.27,15.34,4.85,0.65,548.0,184102
2026-02-25 16:54:00,1.29,-4.49,1.19,286.06,14.23,4.82,0.59,533.0,150049
2026-02-25 16:55:00,1.10,-4.62,1.05,283.43,12.46,4.86,0.77,567.0,259118
2026-02-25 16:56:00,-0.79,-5.30,1.65,261.55,17.08,5.60,0.68,565.5,191678
2026-02-25 16:57:00,-0.80,-5.38,1.86,261.55,18.87,5.74,0.54,552.2,150369
2026-02-25 16:58:00,-1.19,-5.45,1.69,257.66,16.84,5.83,0.48,579.4,198851
2026-02-25 16:59:00,-1.74,-5.37,1.31,252.09,13.09,5.80,0.46,564.3,150741
2026-02-25 17:00:00,-0.80,-5.36,1.14,261.55,11.90,5.54,0.59,575.3,178125
2026-02-25 17:01:00,-0.72,-5.27,1.19,262.22,12.63,5.45,0.64,554.9,166305
2026-02-25 17:02:00,-0.57,-5.17,1.05,263.74,11.39,5.31,0.59,558.6,206449
2026-02-25 17:03:00,-1.62,-5.03,1.27,252.13,13.53,5.43,0.55,572.6,224253
2026-02-25 17:04:00,-1.70,-4.72,2.22,250.18,23.84,5.49,0.61,576.8,198838
2026-02-25 17:05:00,0.35,-5.42,1.61,273.70,16.57,5.66,0.66,572.7,218831
2026-02-25 17:06:00,-0.85,-5.14,2.50,260.65,25.64,5.78,0.51,549.4,196057
2026-02-25 17:07:00,-1.93,-4.79,3.22,248.04,31.99,6.09,0.39,544.7,97947
2026-02-25 17:08:00,-1.41,-5.30,2.54,255.09,24.80,6.04,0.46,560.8,181800
2026-02-25 17:09:00,-1.56,-5.35,2.64,253.76,25.38,6.17,0.38,558.1,133143
2026-02-25 17:10:00,-1.60,-5.43,2.45,253.62,23.41,6.17,0.37,572.5,175873
2026-02-25 17:11:00,-1.28,-5.47,2.42,256.84,23.34,6.12,0.37,569.0,142775
2026-02-25 17:12:00,-1.44,-5.42,2.33,255.10,22.56,6.07,0.35,560.5,147511
2026-02-25 17:13:00,-1.67,-5.36,2.39,252.67,23.07,6.10,0.35,558.4,119644
2026-02-25 17:14:00,-1.87,-5.24,2.81,250.37,26.78,6.23,0.38,565.1,136438
2026-02-25 17:15:00,-1.70,-5.32,2.98,252.31,28.05,6.33,0.34,556.0,109520
2026-02-25 17:16:00,-1.70,-5.73,2.30,253.46,21.09,6.40,0.32,552.9,100115
2026-02-25 17:17:00,-1.99,-5.85,2.26,251.18,20.13,6.58,0.39,592.7,230596
2026-02-25 17:18:00,-1.95,-5.90,2.20,251.67,19.48,6.59,0.29,565.4,142629
2026-02-25 17:19:00,-1.94,-5.87,2.14,251.72,19.07,6.54,0.29,553.3,95205
2026-02-25 17:20:00,-1.25,-5.60,2.44,257.38,22.99,6.24,0.31,547.3,90021
2026-02-25 17:21:00,-1.26,-5.79,1.88,257.75,17.58,6.22,0.33,550.8,109782
2026-02-25 17:22:00,-1.18,-5.88,1.86,258.62,17.25,6.28,0.48,580.5,169644
2026-02-25 17:23:00,-1.07,-5.77,1.99,259.49,18.73,6.20,0.48,555.7,97009
2026-02-25 17:24:00,-0.84,-5.87,1.80,261.88,16.90,6.20,0.43,553.5,113873
2026-02-25 17:25:00,-0.93,-5.89,1.90,261.05,17.71,6.26,0.52,579.0,198398
2026-02-25 17:26:00,-1.05,-5.91,1.85,259.93,17.11,6.28,0.33,552.2,89687
2026-02-25 17:27:00,-1.05,-5.96,1.68,260.05,15.55,6.28,0.37,572.0,130428
2026-02-25 17:28:00,-0.94,-6.18,1.66,261.36,14.88,6.47,0.37,563.6,112750
2026-02-25 17:29:00,-0.49,-6.28,1.47,265.51,13.12,6.47,0.38,577.9,161312
2026-02-25 17:30:00,-0.64,-6.31,1.34,264.24,11.91,6.49,0.43,565.6,124537
2026-02-25 17:31:00,-0.17,-6.33,1.34,268.48,11.95,6.47,0.37,554.8,106413
2026-02-25 17:32:00,-0.51,-6.38,1.17,265.41,10.33,6.50,0.41,560.1,130729
2026-02-25 17:33:00,-0.53,-6.37,1.11,265.25,9.86,6.49,0.42,552.3,117148
2026-02-25 17:34:00,-1.01,-6.36,1.01,260.95,8.88,6.52,0.36,547.4,94651
2026-02-25 17:35:00,-0.81,-6.38,1.00,262.74,8.86,6.51,0.37,554.1,97726
2026-02-25 17:36:00,-0.17,-6.36,0.68,268.50,6.09,6.40,0.49,560.1,148398
2026-02-25 17:37:00,-0.65,-6.39,0.60,264.15,5.32,6.45,0.57,558.4,164772
2026-02-25 17:38:00,-0.24,-6.36,0.54,267.81,4.85,6.39,0.59,554.9,106309
2026-02-25 17:39:00,-0.21,-6.35,0.51,268.11,4.56,6.37,0.59,551.2,110983
2026-02-25 17:40:00,-0.36,-6.34,0.67,266.75,5.98,6.38,0.42,539.1,77512
2026-02-25 17:41:00,-0.47,-6.37,0.51,265.82,4.59,6.41,0.57,553.4,107379
2026-02-25 17:42:00,-0.30,-6.35,0.13,267.26,1.21,6.36,0.40,540.3,99012
2026-02-25 17:43:00,0.02,-6.30,-0.12,270.19,-1.10,6.30,0.44,523.1,61003
2026-02-25 17:44:00,-0.76,-6.36,0.40,263.18,3.53,6.42,0.69,559.2,140235
2026-02-25 17:45:00,-0.75,-6.33,0.28,263.22,2.48,6.38,0.61,557.3,108376
2026-02-25 17:46:00,-0.88,-6.34,-0.08,262.06,-0.69,6.40,0.69,559.9,128886
2026-02-25 17:47:00,-0.78,-6.33,-0.19,262.98,-1.71,6.38,0.74,553.6,102465
2026-02-25 17:48:00,-0.09,-6.00,-1.01,269.14,-9.56,6.09,0.89,557.2,125335
2026-02-25 17:49:00,0.48,-5.08,-1.86,275.43,-20.06,5.43,0.95,559.6,139218
2026-02-25 17:50:00,2.02,-3.61,-2.57,299.32,-31.86,4.87,0.54,494.2,47752
2026-02-25 17:51:00,0.70,-4.90,-1.07,278.18,-12.23,5.06,1.32,523.9,160258
2026-02-25 17:52:00,-0.40,-5.57,0.06,265.84,0.64,5.59,1.71,555.9,255654
2026-02-25 17:53:00,-0.09,-5.73,0.68,269.12,6.81,5.77,1.01,564.8,207064
2026-02-25 17:54:00,0.09,-5.51,0.80,270.97,8.30,5.57,0.69,567.1,162625
2026-02-25 17:55:00,0.28,-5.45,0.05,272.92,0.54,5.46,0.68,553.4,187365
2026-02-25 17:56:00,0.51,-5.29,-0.14,275.48,-1.55,5.31,0.74,562.0,233164
2026-02-25 17:57:00,0.78,-5.23,-0.50,278.46,-5.40,5.31,0.99,532.7,93988
2026-02-25 17:58:00,0.58,-5.07,-0.91,276.52,-10.11,5.18,0.86,550.1,147787
2026-02-25 17:59:00,0.64,-4.97,-1.60,277.36,-17.71,5.26,1.20,576.5,173155
2026-02-25 18:00:00,0.75,-5.05,-1.38,278.42,-15.07,5.29,0.87,547.5,190903
2026-02-25 18:01:00,0.25,-5.18,-0.88,272.71,-9.63,5.26,1.05,544.5,159405
2026-02-25 18:02:00,0.24,-5.28,-1.17,272.55,-12.51,5.41,0.95,531.8,85823
2026-02-25 18:03:00,-0.36,-5.52,0.09,266.28,0.98,5.54,0.70,553.4,193475
2026-02-25 18:04:00,-0.21,-5.47,0.32,267.78,3.35,5.48,0.49,549.2,125243
2026-02-25 18:05:00,0.16,-5.39,0.33,271.74,3.54,5.40,0.48,550.0,112878
2026-02-25 18:06:00,0.56,-5.25,1.40,276.14,14.84,5.47,0.66,576.6,154044
2026-02-25 18:07:00,0.20,-5.56,1.61,272.10,16.16,5.80,0.66,577.3,157569
2026-02-25 18:08:00,0.62,-5.33,1.49,276.68,15.48,5.57,0.61,573.2,134649
2026-02-25 18:09:00,0.73,-5.17,-0.78,277.99,-8.51,5.28,0.66,563.9,120318
2026-02-25 18:10:00,1.09,-4.91,-1.45,282.54,-16.11,5.24,0.69,531.1,165604
2026-02-25 18:11:00,0.44,-5.49,0.03,274.55,0.33,5.51,0.82,560.7,248832
2026-02-25 18:12:00,0.41,-5.35,1.01,274.35,10.70,5.46,0.57,558.9,154819
2026-02-25 18:13:00,-0.54,-2.86,4.20,259.24,55.24,5.11,0.65,553.4,183766
2026-02-25 18:14:00,-1.20,-4.41,3.12,254.73,34.28,5.54,0.59,561.5,189570
2026-02-25 18:15:00,-1.03,-5.02,2.19,258.43,23.17,5.58,0.51,566.5,119795
2026-02-25 18:16:00,-2.02,-4.77,2.37,247.03,24.58,5.70,0.08,553.0,155384
2026-02-25 18:17:00,-1.85,-4.21,3.30,246.24,35.67,5.66,0.08,569.3,278507
2026-02-25 18:18:00,-0.85,-4.48,1.95,259.31,23.18,4.96,0.77,580.3,192623
2026-02-25 18:19:00,0.38,-5.51,-0.25,273.98,-2.60,5.53,0.53,555.0,127584
2026-02-25 18:20:00,-0.16,-5.29,-0.04,268.30,-0.38,5.29,0.54,558.9,198061
2026-02-25 18:21:00,-0.78,-5.44,0.40,261.80,4.15,5.51,0.51,562.8,172138
2026-02-25 18:22:00,-0.18,-5.40,0.60,268.04,6.30,5.43,0.46,562.0,136234
2026-02-25 18:25:00,0.11,-5.31,0.80,271.21,8.57,5.37,0.51,542.2,137389
2026-02-25 18:26:00,-0.17,-5.30,1.08,268.13,11.56,5.41,0.52,580.0,192127
2026-02-25 18:27:00,0.03,-5.13,0.97,270.34,10.72,5.22,0.56,556.9,112344
2026-02-25 18:28:00,0.12,-4.78,-0.47,271.46,-5.59,4.80,0.52,540.0,108773
2026-02-25 18:29:00,-0.64,-3.64,1.04,260.00,15.77,3.84,0.69,541.7,203421
2026-02-25 18:30:00,-0.18,-4.58,2.14,267.74,25.00,5.05,0.79,570.7,203652
2026-02-25 18:31:00,-0.64,-4.70,2.11,262.23,23.97,5.19,0.66,562.8,156546
2026-02-25 18:32:00,-0.77,-4.79,1.77,260.85,20.06,5.16,0.57,545.3,118008
2026-02-25 18:33:00,-1.12,-4.90,1.12,257.17,12.57,5.15,0.72,582.7,245422
2026-02-25 18:34:00,-0.83,-4.99,1.19,260.56,13.23,5.20,0.72,563.1,157560
2026-02-25 18:35:00,-0.55,-4.84,1.12,263.47,13.00,5.00,0.66,556.5,122547
2026-02-25 18:36:00,1.47,-3.89,-1.21,290.65,-16.26,4.34,0.62,535.8,135308
2026-02-25 18:37:00,2.56,-2.39,-2.46,316.98,-35.06,4.28,0.93,541.5,243679
2026-02-25 18:38:00,2.65,-1.95,-2.19,323.70,-33.66,3.95,1.47,541.3,232265
2026-02-25 18:39:00,2.88,-1.96,-1.79,325.80,-27.24,3.92,1.47,530.6,185817
2026-02-25 18:40:00,2.46,-2.76,-1.62,311.66,-23.66,4.04,1.22,536.5,217240
2026-02-25 18:41:00,3.24,-1.80,-1.51,331.05,-22.14,4.00,1.29,538.2,220856
2026-02-25 18:42:00,0.10,-3.76,2.49,271.55,33.46,4.51,1.33,527.3,167163
2026-02-25 18:43:00,1.03,-3.76,2.05,285.29,27.74,4.40,1.10,549.7,161763
2026-02-25 18:44:00,0.83,-4.05,1.05,281.65,14.22,4.26,0.73,558.6,195055
2026-02-25 18:45:00,1.83,-3.51,1.92,297.59,25.86,4.40,0.78,576.6,254550
2026-02-25 18:46:00,2.15,-3.61,1.44,300.77,18.93,4.44,0.67,524.4,142545
2026-02-25 18:47:00,1.93,-3.40,1.96,299.59,26.57,4.38,0.82,552.4,290846
2026-02-25 18:48:00,0.87,-3.48,2.96,284.13,39.53,4.65,0.72,541.6,187962
2026-02-25 18:49:00,1.27,-2.94,2.73,293.33,40.49,4.21,0.72,558.8,180513
2026-02-25 18:50:00,2.82,-1.30,-0.55,335.27,-10.07,3.15,0.81,538.3,205430
2026-02-25 18:51:00,3.92,-0.44,0.08,353.64,1.12,3.95,0.62,524.2,148079
2026-02-25 18:52:00,3.88,-0.33,0.71,355.08,10.30,3.96,1.50,538.2,162640
2026-02-25 18:53:00,2.74,-0.80,2.72,343.63,43.70,3.94,1.90,549.9,181757
2026-02-25 18:56:00,2.98,-1.98,0.62,326.47,9.78,3.63,0.92,535.9,218717
2026-02-25 18:57:00,2.63,-2.29,1.29,318.85,20.29,3.72,0.65,513.7,146521
2026-02-25 18:58:00,2.42,-1.52,-0.98,327.84,-18.87,3.02,0.66,491.8,59069
2026-02-25 18:59:00,1.87,-1.74,-1.47,316.93,-29.98,2.95,1.46,534.5,180104
2026-02-25 19:00:00,2.20,-2.54,-1.51,310.92,-24.22,3.69,0.70,545.9,275875
2026-02-25 19:01:00,2.93,-1.37,-2.13,334.96,-33.40,3.88,1.43,530.0,192358
2026-02-25 19:02:00,2.80,-3.09,-2.24,312.13,-28.21,4.73,1.27,533.5,174684
2026-02-25 19:03:00,2.90,-2.32,-2.69,321.31,-35.94,4.58,1.63,531.0,128582
2026-02-25 19:04:00,3.06,-2.46,-2.24,321.27,-29.72,4.52,1.52,526.0,126790
2026-02-25 19:05:00,3.19,-1.92,-2.37,328.99,-32.53,4.41,1.30,527.6,146244
2026-02-25 19:06:00,3.16,-1.22,-2.76,338.89,-39.15,4.37,1.62,525.5,132181
2026-02-25 19:07:00,3.11,-1.66,-2.69,331.93,-37.36,4.43,1.72,521.9,135173
2026-02-25 19:08:00,3.21,-1.27,-2.79,338.49,-38.98,4.44,1.55,522.5,140209
2026-02-25 19:09:00,2.97,-1.31,-3.04,336.21,-43.12,4.45,1.59,525.6,137420
2026-02-25 19:10:00,2.99,-1.61,-3.00,331.71,-41.43,4.53,1.54,526.7,126852
2026-02-25 19:11:00,2.61,-1.54,-3.36,329.53,-47.90,4.52,1.52,528.1,131397
2026-02-25 19:12:00,2.87,-1.07,-3.13,339.48,-45.58,4.38,1.55,530.2,141140
2026-02-25 19:13:00,3.01,-2.64,-2.13,318.77,-28.00,4.54,1.39,530.1,147756
2026-02-25 19:14:00,2.95,-3.27,-1.55,312.04,-19.43,4.67,1.20,529.4,160821
2026-02-25 19:15:00,2.82,-2.97,-2.02,313.47,-26.23,4.57,1.25,529.9,154536
2026-02-25 19:16:00,2.95,-2.84,-1.57,316.08,-20.92,4.39,1.50,530.3,146684
2026-02-25 19:17:00,1.69,2.46,-3.25,55.40,-47.47,4.41,1.66,535.5,175373
2026-02-25 19:18:00,2.58,2.47,-3.53,43.76,-44.64,5.02,1.89,534.6,113133
2026-02-25 19:19:00,2.80,2.34,-3.32,39.94,-42.31,4.93,2.00,536.9,105995
2026-02-25 19:20:00,2.99,1.96,-3.38,33.23,-43.37,4.92,2.08,530.8,105869
2026-02-25 19:21:00,3.63,1.33,-2.93,20.06,-37.14,4.85,1.72,529.2,100583
2026-02-25 19:22:00,3.64,-0.02,-3.10,359.67,-40.38,4.78,1.98,526.1,102838
2026-02-25 19:23:00,3.32,0.12,-3.44,2.05,-45.95,4.78,1.78,527.1,102036
2026-02-25 19:24:00,3.25,0.68,-3.39,11.85,-45.61,4.74,1.83,529.3,109946
2026-02-25 19:25:00,3.37,0.38,-3.31,6.49,-44.32,4.74,2.00,528.6,113644
2026-02-25 19:26:00,2.95,-1.56,-3.12,332.14,-43.05,4.57,1.88,529.4,128896
2026-02-25 19:27:00,2.58,-2.23,-2.67,319.16,-38.05,4.33,1.73,530.6,140502
2026-02-25 19:29:00,2.74,-3.28,-2.59,309.93,-31.17,5.00,1.41,528.7,133563
2026-02-25 19:30:00,3.13,-1.97,-3.25,327.86,-41.26,4.92,1.53,527.0,129575
2026-02-25 19:31:00,2.95,-2.15,-3.20,323.88,-41.24,4.86,1.74,523.6,120206
2026-02-25 19:32:00,2.92,-1.61,-3.37,331.07,-45.37,4.74,1.50,525.9,129447
2026-02-25 19:33:00,1.89,-4.35,-2.27,293.53,-25.61,5.26,0.97,530.5,173859
2026-02-25 19:34:00,2.47,-3.74,-2.31,303.45,-27.23,5.05,0.67,542.0,148188
2026-02-25 19:35:00,3.02,-1.96,-3.39,326.99,-43.23,4.95,1.26,522.7,140212
2026-02-25 19:36:00,3.00,-1.49,-3.62,333.57,-47.27,4.93,1.79,519.9,111265
2026-02-25 19:37:00,2.53,-3.20,-3.40,308.28,-39.82,5.32,1.81,519.8,110267
2026-02-25 19:38:00,2.54,-2.45,-3.85,316.11,-47.53,5.22,1.55,531.8,110631
2026-02-25 19:39:00,2.29,-2.23,-4.11,315.80,-52.08,5.20,1.58,533.3,115616
2026-02-25 19:40:00,2.20,-2.25,-4.16,314.27,-52.86,5.21,1.75,532.8,111740
2026-02-25 19:41:00,1.54,-3.98,-3.17,291.17,-36.62,5.32,1.31,539.1,103698
2026-02-25 19:42:00,2.30,-2.60,-3.80,311.48,-47.65,5.15,1.43,538.1,103974
2026-02-25 19:43:00,2.20,-3.77,-2.61,300.27,-30.83,5.09,1.27,535.2,117196
2026-02-25 19:44:00,-2.11,-4.92,1.19,246.75,12.56,5.49,0.51,546.5,128539
2026-02-25 19:45:00,-2.84,-5.04,1.60,240.63,15.43,6.00,0.14,563.1,131198
2026-02-25 19:46:00,-2.01,-5.58,0.74,250.23,7.09,5.98,0.18,567.8,124824
2026-02-25 19:47:00,-1.28,-5.44,1.61,256.73,16.08,5.82,0.18,566.7,105813
2026-02-25 19:48:00,-0.81,-5.65,1.29,261.85,12.73,5.85,0.10,565.8,114510
2026-02-25 19:49:00,-1.29,-5.76,0.28,257.35,2.71,5.91,0.15,568.6,121668
2026-02-25 19:50:00,-1.47,-5.75,-0.15,255.67,-1.41,5.93,0.20,570.6,91035
2026-02-25 19:51:00,-0.69,-5.73,-0.01,263.17,-0.13,5.77,0.11,568.0,108870
2026-02-25 19:52:00,-0.58,-5.67,0.26,264.20,2.64,5.71,0.15,566.0,112195
2026-02-25 19:53:00,-0.31,-5.42,0.45,266.71,4.79,5.44,0.17,569.4,137858
2026-02-25 19:54:00,0.26,-5.42,1.15,272.79,12.00,5.55,0.12,572.8,118672
2026-02-25 19:55:00,1.13,-4.48,-2.68,284.18,-30.06,5.34,0.96,553.9,101042
2026-02-25 19:56:00,1.25,-3.89,-3.50,287.86,-40.64,5.38,1.44,547.9,115906
2026-02-25 19:57:00,1.74,-1.67,-4.53,316.23,-61.98,5.13,1.65,541.2,117347
2026-02-25 19:58:00,2.39,-0.53,-4.42,347.47,-61.09,5.05,1.62,532.1,109457
2026-02-25 19:59:00,2.26,0.17,-4.59,4.23,-63.67,5.12,1.77,529.5,105226
2026-02-25 20:00:00,2.40,-0.51,-4.46,347.89,-61.19,5.09,2.00,530.9,104083
2026-02-25 20:02:00,0.58,-1.53,-4.99,290.67,-71.87,5.25,1.91,552.8,101250
2026-02-25 20:03:00,2.95,-0.38,-3.77,352.62,-51.75,4.80,1.78,544.9,101723
2026-02-25 20:04:00,2.77,-1.01,-3.87,339.97,-52.71,4.87,1.43,518.4,103114
2026-02-25 20:05:00,-1.65,-4.72,-1.34,250.72,-14.99,5.18,1.53,521.0,103474
2026-02-25 20:06:00,-2.09,-5.61,-1.14,249.52,-10.81,6.09,0.11,566.1,113823
2026-02-25 20:07:00,-1.70,-5.53,-1.74,252.87,-16.70,6.04,0.52,578.0,104065
2026-02-25 20:08:00,-2.44,-5.22,-1.78,244.97,-17.16,6.03,0.74,572.6,96827
2026-02-25 20:09:00,-2.44,-4.83,-2.67,243.18,-26.30,6.04,0.76,582.6,107847
2026-02-25 20:10:00,-1.82,-4.84,-3.02,249.39,-30.32,5.99,0.87,580.4,75602
2026-02-25 20:11:00,-1.04,-4.70,-3.39,257.58,-35.17,5.89,1.09,571.1,99523
2026-02-25 20:12:00,-0.30,-2.96,-4.79,264.19,-58.15,5.64,1.59,562.4,113974
2026-02-25 20:13:00,-1.77,-3.81,-3.82,245.11,-42.28,5.68,1.58,562.7,152230
2026-02-25 20:14:00,-0.86,-2.83,-4.44,253.17,-56.34,5.33,1.82,563.4,135066
2026-02-25 20:15:00,-1.42,-3.94,-3.90,250.15,-42.91,5.72,1.90,564.8,110545
2026-02-25 20:16:00,-0.77,-3.94,-3.85,259.00,-43.81,5.57,1.59,568.7,100614
2026-02-25 20:17:00,0.14,-3.01,-4.61,272.59,-56.81,5.51,1.50,564.9,89692
2026-02-25 20:18:00,0.99,-0.82,-5.07,320.38,-75.74,5.23,1.76,550.0,106017
2026-02-25 20:19:00,1.42,-0.53,-4.98,339.37,-73.12,5.21,1.98,539.5,109401
2026-02-25 20:20:00,1.01,0.23,-5.19,12.78,-78.75,5.29,1.80,536.0,103076
2026-02-25 20:21:00,1.52,0.08,-4.86,2.84,-72.56,5.09,1.93,545.0,111166
2026-02-25 20:22:00,0.53,-2.36,-4.93,282.76,-63.88,5.49,2.01,548.2,125089
2026-02-25 20:23:00,0.35,-1.42,-5.13,284.02,-74.12,5.33,1.82,553.3,91159
2026-02-25 20:24:00,1.07,-0.86,-5.16,321.02,-75.07,5.34,1.98,540.5,106358
2026-02-25 20:25:00,1.50,-2.39,-4.49,302.04,-57.86,5.30,1.70,540.2,116364
2026-02-25 20:26:00,1.92,-1.78,-4.58,317.15,-60.25,5.28,1.74,534.6,110285
2026-02-25 20:27:00,1.65,-1.72,-4.67,313.88,-62.95,5.25,1.86,537.2,105618
2026-02-25 20:28:00,1.45,0.06,-5.02,2.26,-73.86,5.22,2.07,536.9,111239
2026-02-25 20:29:00,1.90,-1.05,-4.71,331.05,-65.26,5.18,2.05,537.4,110575
2026-02-25 20:30:00,2.15,-0.74,-4.66,341.11,-63.97,5.19,2.06,533.9,108048
2026-02-25 20:31:00,1.82,-1.03,-4.72,330.51,-66.05,5.16,2.10,531.9,112348
2026-02-25 20:32:00,1.73,-1.43,-4.77,320.29,-64.80,5.27,1.91,534.5,109271
2026-02-25 20:33:00,1.52,-0.78,-5.04,332.66,-71.27,5.32,1.67,536.5,99121
2026-02-25 20:35:00,1.60,-2.23,-4.55,305.62,-58.86,5.31,1.74,535.5,94266
2026-02-25 20:36:00,1.76,-1.90,-4.56,312.84,-60.43,5.24,1.67,534.3,89699
2026-02-25 20:37:00,2.72,-1.99,-3.80,323.79,-48.42,5.08,1.38,527.9,70350
2026-02-25 20:38:00,3.00,-1.30,-3.79,336.57,-49.15,5.01,1.83,526.5,101873
2026-02-25 20:39:00,2.96,0.19,-3.92,3.62,-52.85,4.92,1.98,524.9,105535
2026-02-25 20:40:00,2.77,0.04,-4.00,0.82,-55.31,4.87,1.35,516.6,86104
2026-02-25 20:41:00,0.54,-2.35,-4.81,282.88,-63.41,5.38,1.87,545.5,128647
2026-02-25 20:42:00,-0.18,-2.82,-4.82,266.29,-59.62,5.58,1.98,554.9,127514
2026-02-25 20:43:00,1.12,-2.69,-4.46,292.52,-56.83,5.32,1.97,549.1,122087
2026-02-25 20:44:00,2.28,-2.28,-4.02,315.06,-51.30,5.16,1.70,534.9,111454
2026-02-25 20:45:00,1.33,-2.59,-3.98,297.14,-53.85,4.93,1.62,518.4,98480
2026-02-25 20:46:00,-0.44,-3.57,-4.34,263.02,-50.35,5.64,1.62,542.5,95592
2026-02-25 20:47:00,-0.18,-3.89,-3.96,267.42,-45.49,5.55,1.45,561.7,103072
2026-02-25 20:48:00,-0.92,-2.66,-4.89,251.01,-60.05,5.65,1.68,561.1,117295
2026-02-25 20:49:00,-0.50,-0.91,-5.45,240.92,-79.23,5.55,2.16,563.3,123023
2026-02-25 20:50:00,0.19,-0.96,-5.22,281.00,-79.36,5.31,1.94,557.1,104933
2026-02-25 20:51:00,1.08,-2.38,-4.54,294.36,-60.10,5.24,1.34,547.9,85980
2026-02-25 20:52:00,1.72,-2.58,-4.23,303.67,-53.73,5.25,1.16,531.1,96077
2026-02-25 20:53:00,1.94,-3.28,-3.34,300.58,-41.28,5.07,1.49,532.6,121690
2026-02-25 20:54:00,2.33,-3.99,-2.44,300.24,-27.86,5.22,1.12,528.8,122329
2026-02-25 20:55:00,2.11,-3.99,-2.74,297.83,-31.21,5.28,0.99,526.5,127585
2026-02-25 20:56:00,2.45,-3.93,-2.24,301.97,-25.75,5.15,0.89,524.9,141526
2026-02-25 20:57:00,2.17,-3.87,-2.83,299.24,-32.54,5.26,0.98,523.0,130151
2026-02-25 20:58:00,1.55,-2.80,-4.18,298.92,-52.54,5.27,1.64,535.1,112276
2026-02-25 20:59:00,1.69,-3.10,-3.90,298.66,-47.87,5.26,1.74,535.6,102810
2026-02-25 21:00:00,1.75,-3.64,-3.45,295.74,-40.48,5.31,1.45,534.2,106307
2026-02-25 21:01:00,2.12,-3.72,-3.11,299.68,-35.98,5.29,1.32,532.9,109056
2026-02-25 21:02:00,2.35,-2.54,-3.77,312.68,-47.48,5.12,1.45,532.3,96951
2026-02-25 21:03:00,2.29,-2.28,-4.07,315.21,-51.52,5.20,1.66,532.2,96702
2026-02-25 21:04:00,2.27,-1.98,-4.24,318.93,-54.66,5.20,1.82,531.2,106922
2026-02-25 21:05:00,2.35,-1.70,-4.30,324.18,-56.02,5.19,1.84,527.9,105803
2026-02-25 21:06:00,2.15,-2.40,-4.20,311.76,-52.49,5.29,1.73,524.3,101580
2026-02-25 21:08:00,1.49,-2.25,-4.45,303.50,-58.82,5.20,1.73,537.8,91481
2026-02-25 21:09:00,1.98,-4.24,-2.20,295.06,-25.18,5.18,1.66,536.9,92632
2026-02-25 21:10:00,1.78,-2.76,-3.85,302.85,-49.56,5.06,1.02,528.4,103669
2026-02-25 21:11:00,2.37,-4.28,-1.72,298.97,-19.39,5.19,1.60,528.3,123265
2026-02-25 21:12:00,2.12,-4.43,-2.02,295.50,-22.35,5.31,0.66,523.2,128899
2026-02-25 21:13:00,2.55,-4.10,-2.05,301.92,-22.95,5.24,0.80,526.7,131718
2026-02-25 21:14:00,3.06,-2.37,-2.91,322.21,-36.92,4.84,0.95,521.5,131917
2026-02-25 21:15:00,1.90,-3.15,-3.24,301.12,-41.34,4.90,1.69,527.9,111130
2026-02-25 21:16:00,2.27,-3.97,-2.33,299.71,-27.01,5.13,1.33,521.0,117389
2026-02-25 21:17:00,1.60,-4.18,-2.70,290.87,-31.09,5.23,1.25,536.4,116530
2026-02-25 21:18:00,2.44,-3.32,-3.14,306.29,-37.36,5.18,1.59,537.1,114100
2026-02-25 21:19:00,1.93,-3.25,-3.52,300.72,-42.92,5.17,1.75,526.3,103628
2026-02-25 21:20:00,0.41,-4.89,-2.52,274.75,-27.19,5.51,1.48,537.4,101354
2026-02-25 21:21:00,1.02,-4.21,-3.08,283.65,-35.36,5.32,1.20,548.7,111363
2026-02-25 21:22:00,0.87,-3.50,-3.31,283.91,-42.48,4.89,1.26,542.1,93658
2026-02-25 21:23:00,2.11,-3.83,-2.97,298.87,-34.15,5.28,1.10,548.0,74009
2026-02-25 21:24:00,1.22,-4.00,-3.23,286.94,-37.63,5.28,1.10,529.2,116157
2026-02-25 21:25:00,1.76,-4.43,-1.71,291.68,-19.79,5.06,1.32,548.3,103983
2026-02-25 21:26:00,3.27,-1.54,-3.26,334.78,-42.06,4.87,0.66,529.9,167330
2026-02-25 21:27:00,4.16,0.92,-2.03,12.49,-25.48,4.72,2.01,506.1,104734
2026-02-25 21:28:00,1.11,-3.89,-3.61,285.99,-41.78,5.42,2.32,521.3,144049
2026-02-25 21:29:00,0.41,-4.11,-3.54,275.69,-40.61,5.45,1.76,536.3,136101
2026-02-25 21:30:00,-1.66,-4.55,-2.97,249.95,-31.50,5.68,1.69,537.9,135067
2026-02-25 21:31:00,-1.33,-4.61,-3.12,253.84,-33.07,5.72,1.33,562.9,102210
2026-02-25 21:32:00,-0.45,-4.17,-3.81,263.89,-42.30,5.66,1.31,559.0,104517
2026-02-25 21:33:00,0.05,-4.01,-3.85,270.76,-43.89,5.56,1.48,554.6,110808
2026-02-25 21:34:00,0.81,-3.88,-3.74,281.75,-43.35,5.45,1.51,548.6,115114
2026-02-25 21:35:00,0.57,-3.89,-3.79,278.38,-43.92,5.46,1.61,543.3,118758
2026-02-25 21:36:00,3.00,-2.50,-3.26,320.23,-39.81,5.09,1.63,531.5,116228
2026-02-25 21:37:00,3.52,-1.88,-2.78,331.84,-34.89,4.86,1.61,515.2,114120
2026-02-25 21:38:00,4.00,-1.72,-2.31,336.78,-27.97,4.93,1.80,508.9,119293
2026-02-25 21:39:00,4.15,-1.73,-1.79,337.34,-21.70,4.84,1.60,507.9,112305
2026-02-25 21:41:00,4.09,-1.83,-1.81,335.87,-21.97,4.83,1.61,508.6,135220
2026-02-25 21:42:00,4.15,-2.06,-1.57,333.61,-18.75,4.89,1.60,508.6,135522
2026-02-25 21:43:00,4.16,-1.69,-1.77,337.94,-21.49,4.82,1.46,505.9,144280
2026-02-25 21:44:00,3.91,-1.88,-1.97,334.32,-24.49,4.76,1.56,507.5,141092
2026-02-25 21:45:00,3.82,-1.93,-2.12,333.17,-26.32,4.78,1.54,510.0,126329
2026-02-25 21:46:00,3.77,-2.33,-1.94,328.36,-23.68,4.84,1.50,513.2,125107
2026-02-25 21:47:00,3.82,-2.37,-1.85,328.20,-22.40,4.87,1.49,510.8,130161
2026-02-25 21:48:00,3.89,-2.44,-1.61,327.93,-19.29,4.87,1.06,511.8,148855
2026-02-25 21:49:00,3.69,-2.85,-1.52,322.31,-17.99,4.91,1.05,513.0,164630
2026-02-25 21:50:00,3.20,-3.46,-1.37,312.76,-16.19,4.91,1.09,507.4,129899
2026-02-25 21:51:00,3.39,-3.31,-1.59,315.74,-18.60,5.00,0.99,507.8,125761
2026-02-25 21:52:00,3.04,-3.56,-1.81,310.50,-21.10,5.01,1.00,515.1,149260
2026-02-25 21:53:00,2.82,-3.71,-1.81,307.27,-21.25,5.00,1.01,517.5,153277
2026-02-25 21:54:00,2.15,-4.17,-2.16,297.23,-24.69,5.16,1.02,520.7,149747
2026-02-25 21:55:00,2.29,-4.34,-1.36,297.88,-15.51,5.09,1.14,531.4,114535
2026-02-25 21:56:00,2.35,-4.27,-1.54,298.82,-17.59,5.11,0.72,531.6,129782
2026-02-25 21:57:00,2.65,-4.02,-1.50,303.42,-17.28,5.04,0.81,520.2,151184
2026-02-25 22:02:00,1.27,-2.50,-2.47,296.98,-41.30,3.74,2.86,474.3,19257
2026-02-25 22:03:00,1.48,-2.31,-3.61,302.68,-52.82,4.53,1.85,523.1,112802
2026-02-25 22:04:00,2.30,-3.62,-0.73,302.40,-9.67,4.35,1.42,528.0,123238
2026-02-25 22:05:00,1.85,-4.19,-0.89,293.84,-10.95,4.66,0.91,543.6,217704
2026-02-25 22:06:00,2.15,-2.96,-3.29,305.93,-42.01,4.92,0.73,531.8,216128
2026-02-25 22:07:00,3.14,-2.76,-1.06,318.63,-14.26,4.31,1.12,514.8,149389
2026-02-25 22:08:00,3.95,-2.19,-0.10,331.01,-1.33,4.52,1.04,506.8,130502
2026-02-25 22:09:00,3.96,-1.87,0.82,334.69,10.64,4.45,0.75,509.1,181384
2026-02-25 22:10:00,3.77,-1.36,-1.15,340.23,-16.08,4.17,1.31,527.5,227330
2026-02-25 22:11:00,3.62,-1.73,-2.39,334.43,-30.79,4.67,1.58,513.7,132863
2026-02-25 22:12:00,3.38,-2.18,-2.70,327.21,-33.84,4.84,1.50,514.5,127158
2026-02-25 22:13:00,2.64,-1.74,-3.74,326.58,-49.82,4.90,1.73,526.9,164239
2026-02-25 22:14:00,3.04,0.21,-3.70,3.88,-50.52,4.79,,,
2026-02-25 22:15:00,2.09,1.18,-3.66,29.54,-56.74,4.37,,,
2026-02-25 22:16:00,3.13,-3.36,-2.55,312.97,-29.10,5.25,0.69,500.0,100474
2026-02-25 22:17:00,3.11,-0.53,-4.02,350.37,-51.86,5.11,1.40,527.2,129619
2026-02-25 22:18:00,3.04,-0.98,-4.21,342.12,-52.87,5.29,1.78,524.1,112249
2026-02-25 22:19:00,2.75,-0.29,-4.53,353.99,-58.61,5.31,2.13,527.3,103127
2026-02-25 22:20:00,2.38,1.04,-4.62,23.64,-60.64,5.30,3.91,541.6,68849
2026-02-25 22:21:00,1.02,1.68,-5.00,58.76,-68.51,5.37,2.38,542.1,84256
2026-02-25 22:22:00,3.10,-1.95,-3.34,327.78,-42.36,4.96,1.73,535.7,163446
2026-02-25 22:23:00,3.38,-2.53,-2.23,323.25,-27.88,4.78,1.36,509.5,136464
2026-02-25 22:24:00,3.53,-2.03,-2.37,330.17,-30.23,4.72,0.99,505.4,106376
2026-02-25 22:25:00,3.25,-3.13,1.82,316.02,22.00,4.86,1.33,525.6,167966
2026-02-25 22:26:00,3.60,-3.16,0.77,318.73,9.17,4.85,0.73,509.6,145661
2026-02-25 22:27:00,3.32,-3.20,0.99,316.07,12.07,4.72,0.50,494.9,97204
2026-02-25 22:28:00,2.44,-3.05,0.15,308.60,2.16,3.91,0.35,509.7,178938
2026-02-25 22:29:00,3.91,-2.26,-1.34,329.94,-16.50,4.71,1.12,550.9,286163
2026-02-25 22:30:00,3.74,-1.56,-2.24,337.39,-28.93,4.63,1.95,526.5,191204
2026-02-25 22:31:00,2.90,-1.45,-3.52,333.34,-47.34,4.79,1.73,518.5,117457
2026-02-25 22:32:00,2.87,-1.48,-3.60,332.76,-48.14,4.84,1.99,531.1,144929
2026-02-25 22:33:00,3.16,-1.28,-3.39,337.87,-44.86,4.81,1.85,521.1,122346
2026-02-25 22:34:00,3.34,-0.93,-3.37,344.44,-44.14,4.84,2.27,528.2,139511
2026-02-25 22:35:00,3.22,-0.40,-3.50,352.87,-47.18,4.78,1.93,517.6,120106
2026-02-25 22:36:00,2.84,-0.08,-3.93,358.35,-54.14,4.85,2.20,527.1,156566
2026-02-25 22:37:00,3.82,-0.35,-2.53,354.80,-33.44,4.60,2.30,525.5,147345
2026-02-25 22:38:00,4.40,-0.36,-1.62,355.38,-20.15,4.70,1.78,509.0,103999
2026-02-25 22:39:00,4.32,-0.49,-1.28,353.48,-16.43,4.54,1.42,499.5,83200
2026-02-25 22:40:00,3.87,-0.75,-2.73,349.07,-34.69,4.79,1.64,510.9,111059
2026-02-25 22:41:00,3.98,-0.37,-2.68,354.63,-33.79,4.82,1.63,510.5,107515
2026-02-25 22:42:00,4.11,-0.19,-2.15,357.32,-27.59,4.65,1.64,508.7,104312
2026-02-25 22:43:00,3.68,-0.85,-2.82,346.95,-36.71,4.72,1.68,508.0,111483
2026-02-25 22:44:00,3.40,-1.12,-3.06,341.79,-40.56,4.71,1.60,513.0,112596
2026-02-25 22:45:00,3.21,-0.99,-3.45,342.90,-45.75,4.81,1.70,514.3,111766
2026-02-25 22:46:00,3.16,-0.64,-3.68,348.50,-48.72,4.89,1.89,515.3,107017
2026-02-25 22:48:00,3.88,-1.14,-1.59,343.56,-21.51,4.34,1.86,516.3,90423
2026-02-25 22:49:00,4.12,-1.73,0.68,337.22,8.70,4.52,1.05,509.1,166812
2026-02-25 22:50:00,4.62,-0.99,1.12,347.93,13.31,4.86,1.04,506.2,162712
2026-02-25 22:51:00,4.57,-0.84,1.13,349.62,13.62,4.79,1.18,504.9,149029
2026-02-25 22:52:00,4.46,-1.24,1.29,344.50,15.56,4.80,1.15,505.9,148567
2026-02-25 22:53:00,4.42,-1.75,0.89,338.41,10.67,4.83,0.92,507.4,177579
2026-02-25 22:54:00,4.46,-1.59,0.72,340.36,8.67,4.79,0.92,506.9,179195
2026-02-25 22:55:00,4.49,-1.36,1.04,343.11,12.55,4.81,0.98,505.4,170233
2026-02-25 22:56:00,4.62,-1.01,0.80,347.72,9.62,4.80,1.03,504.6,159645
2026-02-25 22:57:00,4.73,-0.84,0.36,349.88,4.24,4.81,1.16,503.8,140304
2026-02-25 22:58:00,4.77,-0.63,-0.60,352.44,-7.12,4.85,1.32,502.8,127313
2026-02-25 22:59:00,4.40,-0.79,-1.88,349.79,-22.87,4.85,1.51,504.0,107177
2026-02-25 23:00:00,3.91,-1.49,-2.43,339.15,-30.19,4.84,1.57,507.6,103058
2026-02-25 23:01:00,3.45,-1.68,-2.94,334.00,-37.39,4.84,1.57,511.2,99036
2026-02-25 23:02:00,3.07,-2.01,-3.36,326.75,-42.46,4.98,1.50,512.9,106737
2026-02-25 23:03:00,2.92,-1.80,-3.55,328.27,-45.97,4.94,1.62,520.5,108326
2026-02-25 23:04:00,3.03,-1.78,-3.43,329.51,-44.32,4.91,1.36,514.8,109740
2026-02-25 23:05:00,2.72,-1.81,-3.77,326.34,-49.15,4.99,1.66,525.0,92904
2026-02-25 23:06:00,2.28,-2.40,-3.48,313.57,-46.46,4.81,1.35,522.8,114055
2026-02-25 23:07:00,1.72,-3.69,-2.90,295.03,-35.49,5.00,1.37,538.7,149774
2026-02-25 23:08:00,2.63,-2.96,-2.89,311.62,-36.13,4.90,1.01,522.6,147350
2026-02-25 23:09:00,2.10,-2.82,-3.37,306.68,-43.76,4.87,1.15,525.1,107919
2026-02-25 23:10:00,3.51,-2.67,-2.07,322.70,-25.15,4.87,1.23,521.7,114818
2026-02-25 23:11:00,3.22,-2.69,-2.51,320.11,-30.84,4.89,1.16,514.5,137470
2026-02-25 23:12:00,2.77,-3.05,-2.35,312.29,-29.73,4.74,1.05,520.2,137199
2026-02-25 23:13:00,2.82,-0.52,-3.92,349.47,-53.77,4.86,1.28,525.4,124056
2026-02-25 23:14:00,2.61,-0.74,-3.96,344.22,-55.57,4.80,1.87,522.5,113771
2026-02-25 23:15:00,2.35,-1.83,-3.67,322.08,-50.96,4.73,1.66,521.3,126914
2026-02-25 23:16:00,1.32,-1.24,-4.46,316.71,-67.89,4.82,1.42,524.3,112167
2026-02-25 23:17:00,2.78,-2.02,-3.24,324.02,-43.31,4.73,1.81,535.3,90001
2026-02-25 23:18:00,3.36,-2.07,-2.49,328.36,-32.20,4.67,1.44,519.0,122163
2026-02-25 23:19:00,2.89,-2.74,-2.59,316.55,-33.06,4.75,1.23,515.9,139836
2026-02-25 23:20:00,2.46,-2.50,-3.19,314.51,-42.26,4.74,1.23,,
2026-02-25 23:21:00,2.54,-2.40,-3.29,316.69,-43.27,4.80,1.75,517.9,106038
2026-02-25 23:22:00,1.60,-2.47,-3.97,302.92,-53.53,4.94,1.57,525.5,104968
2026-02-25 23:23:00,1.48,-2.77,-3.71,298.11,-49.69,4.86,1.37,535.4,118339
2026-02-25 23:24:00,2.34,-3.40,-2.49,304.50,-31.10,4.82,0.96,530.2,157378
2026-02-25 23:25:00,2.28,-3.17,-2.89,305.64,-36.48,4.86,1.11,527.5,147366
2026-02-25 23:26:00,2.90,-2.10,-3.31,324.11,-42.75,4.87,1.24,525.5,124696
2026-02-25 23:27:00,2.60,-1.13,-4.06,336.61,-55.04,4.95,1.48,526.0,108429
2026-02-25 23:28:00,2.67,-0.31,-4.19,353.48,-57.32,4.98,1.81,529.1,95698
2026-02-25 23:29:00,2.43,0.36,-4.35,8.53,-60.55,5.00,1.91,529.0,90384
2026-02-25 23:30:00,2.38,0.60,-4.43,14.03,-61.02,5.07,1.92,527.8,87209
2026-02-25 23:31:00,2.15,2.06,-4.03,43.75,-53.53,5.01,1.66,530.9,88103
2026-02-25 23:32:00,2.30,1.06,-4.26,24.68,-59.23,4.96,1.54,534.0,91890
2026-02-25 23:33:00,2.31,0.01,-4.47,0.20,-62.65,5.03,1.98,524.5,88567
2026-02-25 23:34:00,2.55,1.12,-4.16,23.81,-56.19,5.01,2.14,528.8,89011
2026-02-25 23:35:00,2.40,1.29,-4.22,28.28,-57.17,5.02,1.92,531.3,80785
2026-02-25 23:36:00,2.60,1.72,-3.91,33.49,-51.48,5.00,1.82,524.3,66140
2026-02-25 23:37:00,2.24,0.89,-4.26,21.61,-60.50,4.89,1.98,529.9,82103
2026-02-25 23:38:00,2.28,-0.62,-4.29,344.68,-61.13,4.90,1.76,530.6,96633
2026-02-25 23:39:00,2.29,0.66,-4.37,16.07,-61.39,4.98,1.91,531.9,82679
2026-02-25 23:40:00,1.29,0.61,-5.03,25.36,-74.13,5.23,2.00,542.6,84158
2026-02-25 23:41:00,1.38,0.51,-4.94,20.12,-73.42,5.16,2.06,541.8,91451
2026-02-25 23:42:00,2.11,0.70,-4.43,18.44,-63.33,4.96,1.99,535.0,90290
2026-02-25 23:43:00,3.27,1.34,-3.45,22.34,-44.35,4.94,1.94,525.5,84931
2026-02-25 23:44:00,3.39,1.79,-3.10,27.88,-38.98,4.93,1.92,519.4,84349
2026-02-25 23:45:00,2.84,2.88,-2.72,45.43,-33.88,4.87,1.82,522.2,90408
2026-02-25 23:46:00,2.45,0.24,-4.36,5.52,-60.59,5.01,1.75,525.5,93892
2026-02-25 23:47:00,1.97,-1.03,-4.69,332.33,-64.59,5.19,1.90,526.2,87814
2026-02-25 23:48:00,2.08,-0.25,-4.73,353.23,-66.10,5.18,2.06,534.0,91479
2026-02-25 23:49:00,2.34,-0.04,-4.53,358.96,-62.70,5.10,2.40,534.8,103134
2026-02-25 23:50:00,3.26,0.87,-3.33,14.87,-44.64,4.74,1.84,523.5,76766
2026-02-25 23:51:00,3.67,2.84,-1.77,37.69,-20.84,4.96,2.05,515.6,78214
2026-02-25 23:52:00,3.54,0.90,-3.38,14.27,-42.77,4.98,2.05,517.1,84359
2026-02-25 23:53:00,3.52,-0.19,-3.32,356.93,-43.27,4.85,2.05,517.1,84571
2026-02-25 23:54:00,3.25,-0.35,-3.47,353.79,-46.73,4.77,1.83,513.6,87222
2026-02-25 23:55:00,1.91,-1.03,-4.74,331.59,-65.46,5.21,1.89,534.2,89032
2026-02-25 23:56:00,2.07,-0.83,-4.71,338.23,-64.65,5.22,1.98,534.1,91049
2026-02-25 23:57:00,2.28,-1.19,-4.40,332.40,-59.67,5.09,1.90,532.3,90390
2026-02-25 23:58:00,2.80,-1.43,-4.08,333.00,-52.43,5.15,1.75,526.6,92591
2026-02-25 23:59:00,2.36,-1.37,-4.45,329.84,-58.47,5.22,1.70,524.3,90387
2026-02-26 00:00:00,2.36,-1.57,-4.39,326.43,-57.20,5.23,1.76,526.7,87933
2026-02-26 00:01:00,1.99,-1.91,-4.55,316.22,-58.79,5.32,1.83,528.9,92604
2026-02-26 00:02:00,2.07,-2.25,-4.33,312.64,-54.80,5.30,1.81,533.9,94448
2026-02-26 00:03:00,1.90,-2.61,-4.17,306.10,-52.27,5.27,1.73,535.3,93737
2026-02-26 00:04:00,1.45,-2.94,-4.01,296.17,-50.72,5.18,1.61,534.9,102329
2026-02-26 00:05:00,1.79,-2.51,-4.19,305.45,-53.70,5.20,1.48,540.8,93170
2026-02-26 00:06:00,1.15,-3.72,-3.53,287.15,-42.17,5.25,1.41,535.8,106215
2026-02-26 00:07:00,-0.68,-3.93,-3.68,260.16,-42.69,5.43,1.46,544.7,102515
2026-02-26 00:08:00,-1.08,-3.53,-4.21,253.00,-48.76,5.60,1.58,572.2,90719
2026-02-26 00:09:00,0.20,-4.05,-3.65,272.79,-41.96,5.45,1.33,558.3,98205
2026-02-26 00:10:00,0.26,-4.15,-3.51,273.63,-40.17,5.44,1.31,554.6,108492
2026-02-26 00:11:00,0.09,-3.95,-3.74,271.30,-43.40,5.44,1.33,552.4,108017
2026-02-26 00:12:00,0.47,-3.48,-4.08,277.73,-49.23,5.38,1.22,552.1,94265
2026-02-26 00:13:00,1.76,-2.26,-4.06,307.95,-54.84,4.97,1.67,546.3,93108
2026-02-26 00:14:00,1.79,-2.38,-4.24,306.94,-54.96,5.18,2.24,551.7,159818
2026-02-26 00:15:00,1.95,-0.79,-4.47,337.97,-64.85,4.94,2.15,541.4,151055
2026-02-26 00:16:00,2.71,0.18,-3.78,3.89,-54.28,4.66,1.79,524.1,90243
2026-02-26 00:17:00,3.07,2.09,-3.11,34.23,-39.91,4.84,1.86,524.2,87091
2026-02-26 00:18:00,2.56,2.31,-3.28,42.05,-43.58,4.75,2.01,524.7,85737
2026-02-26 00:19:00,2.47,2.76,-2.70,48.21,-36.12,4.58,1.88,525.4,84484
2026-02-26 00:20:00,2.06,1.94,-3.89,43.25,-53.95,4.81,1.94,530.5,100843
2026-02-26 00:21:00,2.07,1.90,-3.82,42.57,-53.67,4.74,1.82,531.8,99334
2026-02-26 00:22:00,2.45,0.61,-4.00,14.10,-57.75,4.73,1.94,523.4,88101
2026-02-26 00:23:00,2.60,0.73,-3.99,15.75,-55.92,4.82,1.83,521.4,84825
2026-02-26 00:24:00,2.81,2.41,-3.06,40.63,-39.54,4.80,1.84,519.4,81030
2026-02-26 00:25:00,3.06,1.77,-3.06,30.04,-40.90,4.67,1.93,526.1,90866
2026-02-26 00:26:00,3.02,1.85,-3.10,31.55,-41.21,4.71,1.94,526.9,91974
2026-02-26 00:27:00,2.75,1.34,-3.41,26.02,-48.17,4.58,1.95,523.5,91175
2026-02-26 00:28:00,2.91,0.94,-3.58,17.93,-49.44,4.71,1.94,522.8,86349
2026-02-26 00:29:00,2.66,1.67,-3.57,32.10,-48.62,4.75,2.04,526.1,87112
2026-02-26 00:30:00,3.55,0.18,-3.00,2.87,-40.17,4.65,1.92,522.3,86873
2026-02-26 00:31:00,3.56,-0.98,-2.53,344.61,-34.37,4.48,1.70,516.8,90538
2026-02-26 00:32:00,3.05,-0.02,-3.07,359.72,-45.17,4.33,1.75,518.9,95214
2026-02-26 00:33:00,2.16,-0.14,-3.55,356.17,-58.67,4.16,1.63,523.4,104119
2026-02-26 00:34:00,2.84,-2.11,-3.61,323.40,-45.56,5.06,1.25,525.1,111343
2026-02-26 00:35:00,2.82,-2.01,-3.50,324.49,-45.32,4.92,1.68,527.7,91657
2026-02-26 00:36:00,3.24,-1.38,-3.27,336.97,-42.90,4.80,1.84,529.4,99335
2026-02-26 00:37:00,3.31,-0.44,-3.51,352.35,-46.45,4.84,1.76,522.8,109739
2026-02-26 00:38:00,3.20,0.24,-3.52,4.26,-47.70,4.77,1.89,516.0,91369
2026-02-26 00:39:00,2.94,0.28,-3.68,5.54,-51.32,4.72,1.74,519.8,87283
2026-02-26 00:40:00,1.47,-0.93,-4.84,327.58,-70.26,5.14,1.87,536.5,97877
2026-02-26 00:41:00,1.94,-1.18,-4.53,328.80,-63.41,5.07,2.04,541.0,98366
2026-02-26 00:42:00,2.55,-0.40,-4.11,351.09,-57.89,4.85,2.03,524.1,90224
2026-02-26 00:43:00,2.31,1.01,-4.33,23.53,-59.80,5.01,1.78,527.8,83088
2026-02-26 00:44:00,2.58,0.65,-4.14,14.26,-57.30,4.92,2.01,526.0,84252
2026-02-26 00:45:00,2.65,0.39,-4.15,8.38,-57.20,4.94,2.17,524.3,87947
2026-02-26 00:46:00,2.27,0.77,-4.41,18.76,-61.40,5.02,2.08,527.6,89470
2026-02-26 00:47:00,2.84,-0.23,-4.09,355.43,-55.11,4.99,2.04,529.1,91744
2026-02-26 00:48:00,2.68,0.45,-4.22,9.44,-57.23,5.01,1.99,526.0,88814
2026-02-26 00:49:00,3.27,0.00,-3.67,359.95,-48.27,4.92,1.82,521.6,82234
2026-02-26 00:50:00,2.90,0.44,-3.98,8.59,-53.62,4.94,1.78,521.1,81692
2026-02-26 00:51:00,3.17,-0.04,-3.84,359.36,-50.42,4.98,1.89,524.4,80323
2026-02-26 00:52:00,2.82,0.13,-4.18,2.63,-56.01,5.04,1.84,519.4,81994
2026-02-26 00:53:00,3.36,-1.03,-3.56,342.91,-45.36,5.00,1.88,520.8,82583
2026-02-26 00:54:00,3.48,-0.27,-3.52,355.57,-45.25,4.96,1.55,518.0,79983
2026-02-26 00:55:00,2.73,1.20,-3.85,23.68,-52.30,4.87,2.02,517.8,80950
2026-02-26 00:56:00,2.69,0.83,-4.00,17.12,-54.85,4.89,2.16,526.0,85180
2026-02-26 00:57:00,3.29,0.44,-3.65,7.68,-47.67,4.94,1.65,518.0,79097
2026-02-26 00:58:00,3.17,1.00,-3.62,17.49,-47.46,4.92,1.82,520.9,76924
2026-02-26 00:59:00,2.68,1.01,-4.08,20.63,-54.89,4.98,1.87,521.7,76628
2026-02-26 01:00:00,2.54,1.40,-4.07,28.85,-54.52,5.00,1.86,519.9,71693
2026-02-26 01:01:00,2.14,2.05,-4.12,43.85,-54.25,5.08,1.81,530.3,79846
2026-02-26 01:02:00,2.19,1.67,-4.16,37.26,-56.54,4.99,1.76,529.4,83921
2026-02-26 01:03:00,1.94,1.55,-4.08,38.49,-58.63,4.77,1.93,523.9,83760
2026-02-26 01:04:00,1.73,2.16,-4.27,51.35,-57.07,5.09,2.05,527.7,91353
2026-02-26 01:05:00,1.24,2.16,-4.56,60.16,-61.44,5.20,2.05,535.7,99419
2026-02-26 01:06:00,0.96,2.28,-4.66,67.13,-62.04,5.28,2.00,543.4,95791
2026-02-26 01:07:00,0.84,2.52,-4.64,71.69,-60.17,5.34,1.55,550.1,98195
2026-02-26 01:08:00,0.63,2.78,-4.57,77.22,-58.10,5.38,1.57,549.3,112108
2026-02-26 01:09:00,0.61,2.94,-4.54,78.28,-56.52,5.44,1.55,545.3,98163
2026-02-26 01:10:00,0.42,2.62,-4.77,80.83,-60.92,5.46,1.61,546.1,102449
2026-02-26 01:11:00,0.65,2.57,-4.72,75.88,-60.66,5.41,2.06,550.4,93542
2026-02-26 01:12:00,0.92,2.90,-4.41,72.32,-55.39,5.36,1.50,550.3,95999
2026-02-26 01:13:00,0.46,3.12,-4.48,81.56,-54.88,5.48,1.49,548.5,110566
2026-02-26 01:14:00,2.19,-0.18,-3.73,355.31,-59.54,4.33,1.82,534.7,90892
2026-02-26 01:15:00,2.51,-4.41,-0.76,299.68,-8.52,5.13,0.69,545.5,198310
2026-02-26 01:16:00,2.68,-3.13,-2.78,310.50,-34.03,4.97,0.77,533.5,151620
2026-02-26 01:17:00,2.84,0.30,-4.15,6.07,-55.41,5.04,1.65,524.3,99129
2026-02-26 01:18:00,2.44,-0.17,-4.07,356.07,-59.05,4.75,1.78,526.1,91149
2026-02-26 01:19:00,2.10,-1.63,-4.11,322.16,-57.11,4.89,1.79,542.9,99939
2026-02-26 01:20:00,3.17,-0.57,-3.91,349.77,-50.57,5.06,1.99,542.7,104093
2026-02-26 01:21:00,2.94,-1.44,-3.89,333.94,-49.90,5.09,2.06,528.9,102674
2026-02-26 01:22:00,3.08,-2.39,-3.51,322.15,-42.00,5.24,2.07,533.9,103855
2026-02-26 01:23:00,2.79,-2.35,-3.41,319.91,-43.09,5.00,1.62,524.5,101590
2026-02-26 01:24:00,1.93,-4.92,-0.19,291.46,-2.04,5.29,1.29,532.5,124394
2026-02-26 01:25:00,1.85,-5.17,0.59,289.69,6.12,5.52,0.17,569.3,163301
2026-02-26 01:26:00,0.84,-5.65,0.15,278.45,1.52,5.72,0.25,574.1,88106
2026-02-26 01:27:00,2.09,-1.79,-2.59,319.41,-43.24,3.78,0.42,553.8,105678
2026-02-26 01:28:00,1.70,4.10,-2.19,67.48,-26.33,4.95,1.91,526.6,148681
2026-02-26 01:29:00,1.35,4.76,-2.08,74.13,-22.82,5.37,1.53,548.7,121706
2026-02-26 01:30:00,1.29,4.46,-2.57,73.91,-28.93,5.31,1.71,547.3,104936
2026-02-26 01:31:00,0.99,4.78,-1.97,78.35,-21.96,5.26,1.64,552.4,108914
2026-02-26 01:32:00,1.52,4.41,-2.08,70.96,-24.04,5.11,1.60,554.2,110953
2026-02-26 01:33:00,1.28,4.93,-1.84,75.39,-19.83,5.42,1.62,553.0,109452
2026-02-26 01:34:00,1.44,4.66,-2.20,72.83,-24.23,5.35,1.67,550.4,114969
2026-02-26 01:35:00,2.50,3.17,-3.01,51.72,-36.70,5.03,1.46,544.2,105043
2026-02-26 01:36:00,3.40,0.68,-3.59,11.32,-46.03,4.99,1.65,531.4,89915
2026-02-26 01:37:00,2.38,2.49,-3.90,46.32,-48.61,5.20,2.11,526.1,84224
2026-02-26 01:38:00,2.85,2.06,-3.84,35.87,-47.53,5.20,1.84,533.3,76569
2026-02-26 01:39:00,3.22,1.10,-3.83,18.81,-48.34,5.12,1.70,524.6,77126
2026-02-26 01:40:00,3.27,1.10,-3.91,18.55,-48.58,5.21,1.92,520.3,79181
2026-02-26 01:41:00,3.51,0.42,-3.81,6.75,-47.13,5.20,2.16,517.4,78421
2026-02-26 01:42:00,3.44,-0.55,-3.86,351.00,-47.90,5.20,1.94,517.2,77953
2026-02-26 01:43:00,3.47,-0.11,-3.89,358.26,-48.24,5.22,2.11,517.4,77211
2026-02-26 01:44:00,3.48,-0.15,-3.74,357.51,-47.01,5.11,1.96,518.7,79644
2026-02-26 01:45:00,2.98,-0.66,-4.12,347.44,-53.49,5.12,2.11,515.4,73579
2026-02-26 01:46:00,2.56,1.21,-4.05,25.32,-55.01,4.94,1.85,522.8,73290
2026-02-26 01:47:00,3.27,1.74,-3.48,27.95,-43.21,5.08,1.64,522.9,83759
2026-02-26 01:48:00,3.41,1.62,-3.49,25.36,-42.72,5.14,1.92,521.3,88405
2026-02-26 01:49:00,3.27,0.82,-3.76,14.02,-48.11,5.05,2.05,521.4,94531
2026-02-26 01:50:00,3.41,-0.06,-3.74,358.99,-47.66,5.06,2.02,522.5,92385
2026-02-26 01:51:00,3.62,-0.69,-3.65,349.15,-44.69,5.19,1.96,521.6,89578
2026-02-26 01:52:00,3.76,-1.66,-3.11,336.13,-37.11,5.15,1.87,519.3,92880
2026-02-26 01:53:00,3.56,-1.32,-3.54,339.61,-42.98,5.19,1.88,518.7,95475
2026-02-26 01:54:00,3.42,-0.64,-3.96,349.45,-48.69,5.28,1.99,519.9,92139
2026-02-26 01:55:00,3.29,-1.68,-3.47,332.88,-43.23,5.07,1.90,522.4,86833
2026-02-26 01:56:00,3.44,-0.85,-3.89,346.07,-47.65,5.26,2.01,527.2,93161
2026-02-26 01:57:00,3.55,-0.36,-3.84,354.15,-47.04,5.24,1.86,517.2,88679
2026-02-26 01:58:00,3.57,0.35,-3.53,5.54,-44.57,5.03,2.06,517.8,88483
2026-02-26 01:59:00,3.64,0.06,-3.56,0.98,-44.33,5.09,1.95,517.3,88181
2026-02-26 02:00:00,2.83,-0.14,-4.40,357.21,-57.27,5.23,2.14,519.5,95096
2026-02-26 02:01:00,2.94,-0.12,-4.21,357.61,-55.03,5.14,2.06,527.4,95320
2026-02-26 02:02:00,2.77,-0.62,-4.34,347.33,-56.78,5.19,1.98,522.1,92020
2026-02-26 02:03:00,2.45,-0.41,-4.73,350.53,-62.31,5.34,2.05,528.6,94045
2026-02-26 02:04:00,2.65,0.23,-4.68,4.90,-60.43,5.38,2.11,527.9,91751
2026-02-26 02:05:00,2.64,0.18,-4.73,3.86,-60.80,5.42,2.12,526.5,90418
2026-02-26 02:06:00,2.97,-0.45,-4.32,351.33,-55.12,5.26,2.02,522.5,93278
2026-02-26 02:07:00,2.56,-0.19,-4.70,355.82,-61.34,5.35,2.07,526.5,97039
2026-02-26 02:08:00,1.82,0.32,-5.14,10.03,-70.17,5.46,2.12,532.4,98684
2026-02-26 02:09:00,2.16,0.45,-5.03,11.69,-66.34,5.49,2.08,535.1,96117
2026-02-26 02:10:00,2.25,-0.77,-4.91,341.19,-64.14,5.46,1.93,535.0,103074
2026-02-26 02:11:00,3.08,-1.47,-4.08,334.50,-50.07,5.32,1.69,531.0,111641
2026-02-26 02:12:00,2.92,-1.09,-4.45,339.44,-55.01,5.44,1.51,519.9,90466
2026-02-26 02:13:00,2.79,-0.19,-4.66,356.15,-58.98,5.43,2.01,524.9,96887
2026-02-26 02:14:00,2.85,-0.41,-4.57,351.75,-57.77,5.40,1.99,525.1,92804
2026-02-26 02:15:00,2.78,-0.06,-4.60,358.84,-58.82,5.38,1.75,528.2,116210
2026-02-26 02:16:00,2.96,-0.30,-4.49,354.28,-56.42,5.38,1.66,525.7,127387
2026-02-26 02:17:00,2.55,-0.16,-4.82,356.41,-62.11,5.46,1.99,527.0,96658
2026-02-26 02:18:00,2.41,-0.20,-4.92,355.13,-63.88,5.48,2.05,528.1,83712
2026-02-26 02:19:00,1.79,-0.32,-5.24,349.78,-70.82,5.55,2.36,533.0,104216
2026-02-26 02:20:00,1.63,-0.67,-5.30,337.74,-71.64,5.59,2.42,539.5,104790
2026-02-26 02:21:00,2.80,0.28,-4.58,5.67,-58.43,5.37,1.93,532.6,86010
2026-02-26 02:22:00,1.42,0.34,-5.39,13.42,-74.89,5.59,1.90,539.8,96590
2026-02-26 02:23:00,0.98,0.09,-5.69,5.15,-80.20,5.78,2.18,547.4,104425
2026-02-26 02:24:00,0.81,0.64,-5.73,38.35,-79.82,5.82,2.20,547.7,95697
2026-02-26 02:25:00,1.37,0.97,-5.44,35.40,-72.86,5.69,2.00,546.9,93214
2026-02-26 02:26:00,0.91,2.38,-5.18,69.12,-63.82,5.77,1.61,543.2,89117
2026-02-26 02:27:00,0.65,2.31,-4.97,74.16,-64.24,5.52,1.32,546.3,78265
2026-02-26 02:28:00,0.90,2.42,-4.89,69.68,-62.18,5.52,1.60,537.5,65728
2026-02-26 02:29:00,2.68,-0.50,-4.76,349.48,-60.24,5.49,1.32,539.1,74788
2026-02-26 02:30:00,2.52,-4.20,-2.09,300.98,-23.13,5.33,2.06,530.1,98458
2026-02-26 02:31:00,3.16,-3.79,-2.09,309.87,-22.95,5.36,0.49,528.9,171311
2026-02-26 02:32:00,2.98,-2.74,-3.38,317.39,-39.92,5.27,1.00,519.8,120651
2026-02-26 02:33:00,2.90,-2.91,-3.54,314.86,-40.74,5.43,1.33,520.3,98835
2026-02-26 02:34:00,2.82,-3.07,-3.30,312.59,-38.36,5.32,1.89,526.4,91550
2026-02-26 02:35:00,2.94,-4.65,-0.82,302.27,-8.50,5.56,1.00,526.4,120556
2026-02-26 02:36:00,3.03,-4.35,-1.97,304.88,-20.37,5.66,0.90,525.9,123668
2026-02-26 02:37:00,1.86,-5.01,-2.23,290.39,-22.59,5.79,0.76,536.6,115194
2026-02-26 02:38:00,2.53,-4.26,-2.89,300.68,-30.28,5.74,0.63,542.9,111782
2026-02-26 02:39:00,3.72,-1.84,-3.52,333.64,-40.30,5.44,1.88,515.9,86432
2026-02-26 02:40:00,3.21,-2.08,-3.66,327.08,-43.70,5.30,1.92,517.9,88823
2026-02-26 02:41:00,3.17,-2.23,-3.83,324.84,-44.62,5.45,1.96,521.6,93250
2026-02-26 02:42:00,3.38,-1.25,-4.00,339.77,-47.94,5.38,1.96,521.3,90490
2026-02-26 02:43:00,2.93,-0.60,-4.51,348.36,-56.46,5.41,2.03,517.0,81213
2026-02-26 02:44:00,2.53,-0.72,-4.76,344.04,-61.06,5.44,1.89,521.5,89065
2026-02-26 02:45:00,1.71,0.14,-5.25,4.80,-71.93,5.52,2.20,525.8,90100
2026-02-26 02:46:00,1.64,1.47,-5.19,41.90,-66.96,5.64,2.06,547.8,101756
2026-02-26 02:47:00,1.72,2.24,-4.90,52.42,-60.02,5.66,2.07,535.9,85555
2026-02-26 02:48:00,1.68,2.79,-4.55,58.91,-54.36,5.59,1.66,542.4,84663
2026-02-26 02:49:00,1.50,3.01,-4.25,63.54,-51.62,5.42,1.77,545.1,106543
2026-02-26 02:50:00,0.64,4.28,-3.78,81.49,-41.16,5.75,1.55,552.6,110943
2026-02-26 02:51:00,1.53,3.16,-3.21,64.06,-42.44,4.76,1.51,552.3,86609
2026-02-26 02:52:00,2.79,-0.52,-4.47,349.42,-57.55,5.29,1.85,533.3,81496
2026-02-26 02:53:00,2.37,1.16,-4.79,26.02,-61.14,5.47,1.84,530.5,91471
2026-02-26 02:54:00,2.83,1.30,-4.42,24.62,-54.83,5.40,1.87,526.7,85623
2026-02-26 02:55:00,3.32,-0.33,-3.95,354.37,-49.79,5.17,2.02,520.3,81809
2026-02-26 02:56:00,3.18,-0.37,-4.21,353.32,-52.74,5.29,2.15,520.6,85995
2026-02-26 02:57:00,2.97,0.40,-4.44,7.71,-55.95,5.36,2.29,523.1,84974
2026-02-26 02:58:00,2.80,0.62,-4.65,12.41,-58.40,5.46,2.35,525.1,83734
2026-02-26 02:59:00,3.14,0.95,-4.27,16.84,-52.54,5.39,2.24,526.8,81529
2026-02-26 03:00:00,3.14,0.96,-4.26,17.02,-52.35,5.38,2.23,521.7,76400
2026-02-26 03:01:00,3.26,1.86,-3.77,29.76,-45.13,5.32,2.05,519.9,70037
2026-02-26 03:02:00,3.64,0.02,-3.79,0.36,-46.16,5.26,2.01,519.9,72327
2026-02-26 03:03:00,3.32,0.71,-4.10,12.04,-50.35,5.32,1.83,519.4,77983
2026-02-26 03:04:00,3.11,0.31,-4.43,5.76,-54.77,5.42,2.32,520.2,77674
2026-02-26 03:05:00,3.10,-0.01,-4.42,359.86,-54.99,5.40,2.23,521.4,79560
2026-02-26 03:06:00,3.58,0.43,-3.94,6.89,-47.55,5.34,2.11,519.3,76005
2026-02-26 03:07:00,3.69,0.23,-3.85,3.61,-46.20,5.34,1.88,518.0,72220
2026-02-26 03:08:00,3.42,0.62,-4.17,10.31,-50.22,5.43,2.21,519.9,76204
2026-02-26 03:10:00,3.26,1.72,-3.91,27.77,-46.69,5.37,1.98,518.9,73109
2026-02-26 03:11:00,3.07,1.54,-4.14,26.62,-50.33,5.37,1.98,518.9,73109
2026-02-26 03:12:00,3.50,0.44,-4.05,7.19,-48.95,5.37,2.04,515.1,62806
2026-02-26 03:13:00,3.55,0.58,-3.97,9.35,-47.78,5.35,2.02,515.5,65766
2026-02-26 03:14:00,3.95,1.29,-3.29,18.02,-38.34,5.30,1.91,514.0,70253
2026-02-26 03:15:00,3.66,0.52,-3.86,8.08,-46.26,5.35,1.88,511.6,70586
2026-02-26 03:16:00,3.29,0.62,-4.09,10.73,-50.74,5.28,2.24,520.8,80968
2026-02-26 03:17:00,3.10,0.66,-4.08,12.04,-52.18,5.17,2.20,530.4,101643
2026-02-26 03:18:00,2.77,1.75,-4.15,32.38,-51.73,5.29,2.27,527.2,85456
2026-02-26 03:19:00,2.92,1.65,-4.01,29.43,-50.13,5.23,2.42,535.7,93283
2026-02-26 03:20:00,2.98,1.84,-3.79,31.77,-47.27,5.16,2.29,533.2,95783
2026-02-26 03:21:00,3.27,1.80,-3.64,28.79,-44.34,5.21,2.19,528.3,91761
2026-02-26 03:22:00,3.12,1.79,-3.75,29.81,-46.19,5.20,2.19,531.5,90045
2026-02-26 03:23:00,3.04,2.16,-3.61,35.36,-44.06,5.18,2.39,534.4,96783
2026-02-26 03:24:00,3.60,-0.11,-3.85,358.28,-46.92,5.28,2.25,529.0,91026
2026-02-26 03:25:00,3.67,0.58,-3.81,9.07,-45.78,5.32,2.25,527.2,87680
2026-02-26 03:26:00,3.77,1.02,-3.56,15.14,-42.39,5.29,2.28,527.3,88645
2026-02-26 03:27:00,3.74,1.14,-3.43,16.94,-41.22,5.20,2.30,525.8,87361
2026-02-26 03:28:00,3.67,1.10,-3.51,16.67,-42.49,5.20,2.28,525.7,84563
2026-02-26 03:29:00,3.68,0.97,-3.61,14.82,-43.47,5.25,2.12,527.2,85667
2026-02-26 03:30:00,3.52,0.53,-3.87,8.55,-47.35,5.26,2.06,527.0,88998
2026-02-26 03:31:00,3.52,0.66,-3.89,10.61,-47.38,5.29,2.21,527.4,88490
2026-02-26 03:32:00,3.66,0.73,-3.67,11.22,-44.47,5.23,2.27,526.7,89546
2026-02-26 03:33:00,3.63,0.73,-3.63,11.42,-44.45,5.18,2.17,527.0,88809
2026-02-26 03:34:00,3.85,0.96,-3.28,13.95,-39.60,5.15,2.16,528.2,85325
2026-02-26 03:35:00,4.13,0.68,-3.07,9.31,-36.23,5.19,2.08,523.6,81866
2026-02-26 03:36:00,4.69,0.33,-2.01,4.04,-23.16,5.11,2.02,520.2,77494
2026-02-26 03:37:00,4.50,0.27,-2.54,3.37,-29.42,5.18,1.70,519.0,81816
2026-02-26 03:38:00,4.25,0.33,-3.00,4.41,-35.12,5.21,1.90,520.1,82649
2026-02-26 03:39:00,4.10,0.17,-3.36,2.43,-39.35,5.30,2.10,522.4,83013
2026-02-26 03:40:00,3.96,0.21,-3.52,3.01,-41.60,5.30,2.17,524.0,90994
2026-02-26 03:41:00,3.78,0.66,-3.59,9.95,-43.11,5.25,2.03,524.9,94186
2026-02-26 03:42:00,3.90,-0.23,-3.62,356.67,-42.86,5.33,2.04,523.3,88936
2026-02-26 03:43:00,4.02,0.39,-3.58,5.53,-41.55,5.39,2.08,522.2,82891
2026-02-26 03:44:00,3.93,0.35,-3.64,5.13,-42.71,5.37,2.05,522.4,80775
2026-02-26 03:45:00,3.51,1.31,-3.51,20.50,-43.09,5.14,2.12,532.7,108264
2026-02-26 03:46:00,2.90,2.71,-3.16,43.03,-38.51,5.07,2.18,535.3,107940
2026-02-26 03:47:00,2.78,3.40,-2.77,50.67,-32.20,5.19,2.35,542.4,109335
2026-02-26 03:48:00,2.65,3.61,-2.78,53.73,-31.83,5.27,2.42,544.6,114087
2026-02-26 03:49:00,3.06,3.31,-2.81,47.24,-31.95,5.32,2.17,541.2,102359
2026-02-26 03:50:00,2.63,3.82,-2.46,55.43,-27.93,5.26,2.28,538.6,101477
2026-02-26 03:51:00,2.63,3.75,-2.50,54.98,-28.60,5.22,2.25,549.9,114035
2026-02-26 03:52:00,2.57,3.88,-2.55,56.49,-28.72,5.30,2.23,541.8,108707
2026-02-26 03:53:00,2.02,4.35,-2.28,65.09,-25.40,5.30,2.42,553.3,129861
2026-02-26 03:54:00,2.30,4.14,-2.69,60.96,-29.59,5.44,2.35,549.3,117636
2026-02-26 03:55:00,2.67,4.04,-2.34,56.57,-25.82,5.38,2.28,545.7,110788
2026-02-26 03:56:00,2.85,3.89,-2.08,53.76,-23.31,5.26,2.12,541.2,105956
2026-02-26 03:57:00,2.78,3.96,-1.63,54.89,-18.57,5.10,2.11,543.3,119232
2026-02-26 03:58:00,2.39,3.75,-2.44,57.55,-28.73,5.07,2.18,544.4,124895
2026-02-26 04:00:00,2.93,3.78,-1.46,52.22,-17.03,5.00,2.19,543.0,127684
2026-02-26 04:01:00,2.49,3.01,-3.01,50.48,-37.63,4.93,2.14,542.9,126122
2026-02-26 04:02:00,2.38,2.75,-3.37,49.10,-42.84,4.96,2.10,542.9,123393
2026-02-26 04:03:00,2.31,2.52,-3.70,47.53,-47.28,5.03,2.15,544.0,122635
2026-02-26 04:04:00,2.32,2.83,-3.52,50.65,-43.87,5.08,2.01,544.6,118044
2026-02-26 04:05:00,2.42,2.90,-3.29,50.15,-41.07,5.00,2.10,542.1,107741
2026-02-26 04:06:00,2.75,2.87,-2.87,46.14,-35.86,4.90,2.07,543.7,119715
2026-02-26 04:07:00,2.45,1.43,-3.52,30.30,-51.06,4.52,1.91,539.2,113321
2026-02-26 04:08:00,3.16,2.37,-2.91,36.81,-36.40,4.90,2.07,538.3,105256
2026-02-26 04:09:00,3.24,1.99,-2.97,31.63,-38.04,4.82,2.08,535.5,110527
2026-02-26 04:10:00,2.88,2.63,-3.06,42.40,-38.10,4.96,2.11,537.1,103754
2026-02-26 04:11:00,2.94,2.55,-3.12,40.85,-38.69,4.99,2.02,534.3,105867
2026-02-26 04:12:00,2.77,2.57,-3.23,42.94,-40.55,4.97,2.04,537.0,105744
2026-02-26 04:13:00,2.90,2.57,-2.85,41.62,-36.29,4.81,2.09,538.2,109668
2026-02-26 04:14:00,3.06,3.03,-2.31,44.70,-28.18,4.89,2.07,537.7,111702
2026-02-26 04:15:00,0.71,-2.09,-2.54,288.71,-49.01,3.36,1.69,551.8,151164
2026-02-26 04:16:00,1.32,-3.14,-3.49,292.76,-45.70,4.87,1.46,556.1,163080
2026-02-26 04:17:00,2.50,-1.30,-3.76,332.54,-53.12,4.70,1.62,543.0,126518
2026-02-26 04:18:00,3.64,0.14,-2.45,2.26,-33.88,4.39,1.31,530.3,156728
2026-02-26 04:19:00,2.63,0.82,-1.37,17.28,-26.45,3.07,1.43,534.4,153239
2026-02-26 04:20:00,2.58,1.53,-1.86,30.76,-31.85,3.53,1.81,548.0,146648
2026-02-26 04:21:00,2.75,0.96,-2.29,19.18,-38.13,3.70,1.72,548.4,170833
2026-02-26 04:22:00,3.34,0.84,-1.67,14.14,-25.91,3.83,1.67,534.6,169611
2026-02-26 04:23:00,3.28,-0.54,-2.54,350.56,-37.41,4.18,1.87,540.9,179512
2026-02-26 04:24:00,3.85,-1.11,-1.71,343.88,-23.08,4.35,1.47,530.1,160003
2026-02-26 04:25:00,4.33,-0.82,-1.10,349.26,-13.98,4.54,1.30,526.0,175116
2026-02-26 04:26:00,4.56,-0.67,-0.41,351.59,-5.06,4.63,1.09,526.7,196025
2026-02-26 04:27:00,4.63,-0.68,-0.38,351.65,-4.67,4.69,1.10,525.1,188800
2026-02-26 04:28:00,4.62,-0.66,-0.26,351.81,-3.14,4.67,1.07,525.6,190693
2026-02-26 04:29:00,4.64,-0.42,-0.37,354.79,-4.54,4.67,1.18,524.6,177870
2026-02-26 04:30:00,4.61,-0.22,-0.29,357.32,-3.61,4.62,1.17,525.2,177562
2026-02-26 04:31:00,4.54,-0.79,0.17,350.17,2.11,4.61,1.08,525.6,191718
2026-02-26 04:32:00,4.54,-1.38,0.28,343.07,3.43,4.76,0.96,526.9,217759
2026-02-26 04:33:00,4.57,-1.58,0.49,340.90,5.76,4.86,0.84,530.9,247501
2026-02-26 04:34:00,4.36,-1.78,0.66,337.74,8.02,4.76,0.69,526.2,215820
2026-02-26 04:35:00,4.48,-1.21,0.54,344.88,6.64,4.67,0.57,514.4,149298
2026-02-26 04:36:00,4.24,-1.06,0.59,345.97,7.73,4.41,1.00,533.0,257910
2026-02-26 04:37:00,3.75,-2.06,0.42,331.25,5.66,4.30,0.89,538.3,294468
2026-02-26 04:38:00,3.70,-2.05,0.79,331.03,10.53,4.31,0.84,543.5,274937
2026-02-26 04:39:00,3.87,-1.47,1.21,339.26,16.28,4.32,0.75,543.0,305352
2026-02-26 04:40:00,4.24,0.59,1.15,7.96,15.04,4.43,1.13,537.2,245969
2026-02-26 04:41:00,4.29,1.62,1.91,20.64,22.58,4.96,1.42,541.4,147415
2026-02-26 04:42:00,4.16,1.71,2.23,22.36,26.37,5.02,1.24,539.2,147990
2026-02-26 04:43:00,4.00,1.38,2.64,19.04,31.98,4.99,1.39,542.9,125326
2026-02-26 04:44:00,4.04,1.62,2.67,21.90,31.53,5.10,1.27,545.9,142837
2026-02-26 04:45:00,4.19,1.62,2.39,21.10,28.02,5.09,1.11,543.6,150887
2026-02-26 04:46:00,4.32,1.28,1.91,16.51,23.01,4.89,0.98,545.0,171717
2026-02-26 04:47:00,3.40,2.01,-1.55,30.59,-21.38,4.25,1.33,548.1,165855
2026-02-26 04:48:00,1.88,1.90,-2.94,45.29,-47.77,3.97,1.81,549.9,176819
2026-02-26 04:49:00,0.33,0.83,-4.47,68.28,-78.73,4.55,1.85,554.7,198647
2026-02-26 04:50:00,0.09,0.49,-4.98,79.33,-84.31,5.00,1.78,560.2,159664
2026-02-26 04:51:00,0.03,-0.24,-5.09,276.99,-87.27,5.10,2.13,562.6,136370
2026-02-26 04:52:00,-0.32,-0.19,-5.23,211.30,-85.92,5.25,2.05,565.1,147101
2026-02-26 04:53:00,-1.76,2.55,-4.45,124.53,-55.16,5.43,1.66,578.9,193538
2026-02-26 04:54:00,-1.45,2.71,-4.50,118.18,-55.64,5.46,1.72,591.4,129302
2026-02-26 04:55:00,-1.82,3.29,-4.08,119.00,-47.33,5.55,2.02,590.1,150575
2026-02-26 04:56:00,-1.83,3.30,-4.08,118.97,-47.19,5.56,2.03,605.2,155900
2026-02-26 04:57:00,-2.03,2.49,-4.40,129.09,-53.87,5.45,2.35,612.9,177019
2026-02-26 04:58:00,-0.45,3.20,-4.18,98.07,-52.27,5.29,2.32,588.2,179483
2026-02-26 04:59:00,0.17,4.05,-3.57,87.53,-41.33,5.40,1.95,571.6,181619
2026-02-26 05:00:00,0.61,3.34,-4.16,79.69,-50.81,5.37,2.03,567.1,163918
2026-02-26 05:01:00,0.47,3.36,-4.11,82.12,-50.45,5.33,2.04,567.3,163714
2026-02-26 05:02:00,-0.27,3.77,-4.15,94.13,-47.68,5.61,2.07,576.7,158809
2026-02-26 05:03:00,1.03,3.13,-4.44,71.87,-53.37,5.53,2.13,572.9,149387
2026-02-26 05:04:00,1.08,3.29,-4.10,71.84,-49.79,5.37,2.13,562.7,150214
2026-02-26 05:05:00,0.87,3.47,-4.15,75.95,-49.31,5.48,2.11,562.1,144865
2026-02-26 05:06:00,2.77,1.17,-2.57,22.90,-40.50,3.95,1.86,550.7,139864
2026-02-26 05:07:00,4.19,-0.28,-1.77,356.17,-22.83,4.56,1.28,529.0,168373
2026-02-26 05:08:00,4.21,-1.79,-1.10,337.00,-13.51,4.70,1.07,525.1,167252
2026-02-26 05:09:00,4.45,-2.04,0.02,335.31,0.25,4.89,0.81,518.6,134434
2026-02-26 05:10:00,4.12,-2.47,-0.43,329.08,-5.14,4.82,0.92,526.0,213703
2026-02-26 05:11:00,3.42,-3.35,0.09,315.60,1.09,4.79,0.21,484.1,21806
2026-02-26 05:12:00,2.87,-3.69,-1.05,307.93,-12.60,4.79,0.71,544.9,218391
2026-02-26 05:13:00,0.89,-2.60,-3.01,288.91,-47.64,4.08,1.20,600.5,151422
2026-02-26 05:14:00,2.28,-4.33,-0.76,297.77,-8.82,4.96,0.27,500.1,37222
2026-02-26 05:15:00,2.18,-4.25,-1.15,297.18,-13.55,4.91,0.57,537.2,150637
2026-02-26 05:16:00,1.36,-4.94,-0.57,285.37,-6.37,5.16,0.46,561.2,273214
2026-02-26 05:17:00,1.68,-5.07,-0.56,288.31,-5.96,5.36,0.54,555.4,243472
2026-02-26 05:18:00,1.29,-5.16,-0.60,284.08,-6.43,5.35,0.44,556.1,224099
2026-02-26 05:19:00,1.32,-5.24,-0.49,284.14,-5.18,5.42,0.46,558.9,220418
2026-02-26 05:20:00,1.28,-5.23,-0.35,283.72,-3.74,5.39,0.63,556.1,202859
2026-02-26 05:21:00,0.29,-5.34,0.01,273.16,0.15,5.35,0.49,553.9,219682
2026-02-26 05:22:00,-1.44,-5.52,1.45,255.36,14.26,5.89,0.23,559.5,220385
2026-02-26 05:23:00,-1.20,-5.52,1.18,257.70,11.75,5.77,0.17,575.1,154003
2026-02-26 05:24:00,-1.73,-5.48,1.31,252.46,12.79,5.90,0.20,574.6,193357
2026-02-26 05:25:00,-1.12,-5.76,0.27,259.00,2.66,5.88,0.20,575.5,190553
2026-02-26 05:26:00,-0.76,-5.80,-0.34,262.53,-3.35,5.86,0.21,583.1,164292
2026-02-26 05:27:00,-1.35,-5.52,1.34,256.22,13.26,5.84,0.50,568.9,134560
2026-02-26 05:28:00,-0.91,-5.79,0.65,261.07,6.31,5.89,0.23,577.4,138097
2026-02-26 05:29:00,-0.19,-5.81,-0.90,268.17,-8.83,5.88,0.15,580.2,182680
2026-02-26 05:30:00,0.28,-5.55,-1.36,272.90,-13.78,5.72,0.64,567.9,154594
2026-02-26 05:31:00,0.55,-5.44,-0.96,275.74,-9.96,5.55,0.57,559.1,124937
2026-02-26 05:32:00,0.70,-5.39,-0.85,277.41,-8.91,5.50,0.41,563.3,236863
2026-02-26 05:33:00,0.93,-5.24,-0.56,280.06,-6.03,5.35,0.56,563.7,208239
2026-02-26 05:34:00,0.60,-5.34,0.40,276.45,4.30,5.39,0.43,572.6,158418
2026-02-26 05:35:00,1.11,-3.91,-1.49,285.81,-20.15,4.33,0.84,570.7,134387
2026-02-26 05:36:00,2.45,-1.71,-4.25,325.06,-54.94,5.19,1.58,554.7,126271
2026-02-26 05:37:00,2.56,-1.50,-4.10,329.53,-54.11,5.06,1.74,543.2,140627
2026-02-26 05:38:00,2.56,0.80,-4.12,17.40,-56.97,4.92,1.69,539.3,142923
2026-02-26 05:39:00,2.28,1.84,-4.20,38.88,-55.07,5.12,1.72,542.2,151701
2026-02-26 05:40:00,2.43,1.84,-4.01,37.21,-52.76,5.04,1.94,541.4,134828
2026-02-26 05:41:00,1.59,1.63,-4.66,45.76,-63.91,5.19,1.67,550.7,170770
2026-02-26 05:42:00,1.07,2.02,-4.55,62.02,-63.38,5.09,1.93,546.9,141414
2026-02-26 05:43:00,-0.50,3.87,-3.70,97.35,-43.48,5.37,1.57,584.2,184462
2026-02-26 05:44:00,1.67,1.43,-4.74,40.54,-65.16,5.22,1.77,558.8,109555
2026-02-26 05:45:00,1.34,2.20,-4.47,58.74,-60.08,5.16,1.63,550.8,138762
2026-02-26 05:46:00,0.93,1.09,-5.29,49.58,-74.82,5.48,1.68,553.7,133971
2026-02-26 05:47:00,0.91,1.94,-5.09,64.85,-67.11,5.52,1.73,559.7,132119
2026-02-26 05:48:00,0.42,2.83,-4.84,81.48,-59.43,5.62,1.65,561.7,149897
2026-02-26 05:49:00,-0.21,3.80,-4.26,93.11,-48.27,5.71,1.59,569.5,153406
2026-02-26 05:50:00,-0.98,3.93,-3.83,104.00,-43.37,5.58,1.57,582.1,158396
2026-02-26 05:51:00,0.73,2.51,-4.21,73.79,-58.20,4.96,1.52,571.1,156527
2026-02-26 05:52:00,2.41,-0.40,-4.64,350.54,-62.18,5.25,1.67,550.3,143124
2026-02-26 05:53:00,2.41,-0.09,-4.64,357.96,-62.55,5.23,1.89,544.5,137384
2026-02-26 05:54:00,2.64,0.10,-4.46,2.13,-59.30,5.18,1.82,538.9,134984
2026-02-26 05:55:00,3.32,0.48,-3.76,8.25,-48.23,5.04,1.78,529.0,122705
2026-02-26 05:56:00,3.95,1.03,-2.97,14.60,-36.08,5.05,1.60,524.4,126709
2026-02-26 05:57:00,3.79,1.68,-2.76,23.85,-33.59,4.98,1.76,527.2,120906
2026-02-26 05:58:00,3.71,2.26,-2.72,31.41,-32.06,5.13,1.77,527.3,121288
2026-02-26 05:59:00,3.59,3.06,-1.94,40.42,-22.38,5.10,1.94,530.0,132358
2026-02-26 06:00:00,2.69,3.77,-2.37,54.53,-27.14,5.21,2.04,536.1,137798
2026-02-26 06:01:00,0.77,4.23,-2.57,79.63,-30.83,5.01,2.06,538.5,157941
2026-02-26 06:02:00,-0.66,5.36,-1.47,97.06,-15.23,5.59,1.56,572.9,156564
2026-02-26 06:03:00,0.62,2.74,-3.23,77.28,-48.97,4.28,1.85,576.5,157999
2026-02-26 06:04:00,1.62,2.30,-4.63,54.84,-58.65,5.42,1.67,558.5,129340
2026-02-26 06:05:00,1.88,3.08,-4.10,58.58,-48.64,5.47,1.57,545.4,123354
2026-02-26 06:06:00,2.28,2.85,-3.96,51.29,-47.28,5.38,1.72,538.5,113644
2026-02-26 06:07:00,1.73,3.15,-4.11,61.19,-48.81,5.46,1.82,542.5,121618
2026-02-26 06:08:00,1.68,2.74,-3.65,58.47,-48.57,4.87,1.81,546.3,137742
2026-02-26 06:09:00,1.55,-0.98,-4.93,327.68,-69.53,5.26,1.86,541.0,137647
2026-02-26 06:10:00,0.70,-3.26,-4.29,282.05,-52.11,5.43,1.88,545.6,144389
2026-02-26 06:11:00,0.51,-3.28,-4.48,278.88,-53.48,5.58,1.70,560.4,145561
2026-02-26 06:12:00,0.33,-1.45,-5.08,282.80,-73.73,5.29,1.65,556.8,134558
2026-02-26 06:13:00,0.41,-1.52,-5.37,284.95,-73.69,5.60,2.16,560.5,135907
2026-02-26 06:14:00,0.87,-1.89,-5.12,294.83,-67.87,5.53,2.06,556.1,137775
2026-02-26 06:15:00,1.27,-0.27,-5.56,348.21,-76.85,5.70,1.77,544.1,111469
2026-02-26 06:16:00,0.50,0.78,-5.85,57.34,-81.00,5.92,2.14,554.3,114817
2026-02-26 06:17:00,0.44,1.36,-5.75,71.90,-76.08,5.93,1.98,554.9,121553
2026-02-26 06:18:00,0.81,1.14,-5.67,54.51,-76.12,5.84,1.77,556.6,120045
2026-02-26 06:19:00,0.82,1.17,-5.72,55.07,-75.95,5.89,1.92,557.6,109617
2026-02-26 06:20:00,0.90,1.37,-5.59,56.83,-73.67,5.82,2.03,556.9,109069
2026-02-26 06:21:00,0.82,2.59,-5.14,72.41,-62.11,5.81,1.61,555.1,111023
2026-02-26 06:22:00,1.27,2.83,-4.92,65.83,-57.76,5.81,1.71,552.4,108366
2026-02-26 06:23:00,0.85,3.21,-4.75,75.19,-55.10,5.79,1.86,554.7,110987
2026-02-26 06:24:00,0.46,4.48,-3.52,84.10,-38.03,5.72,1.93,563.5,126338
2026-02-26 06:25:00,0.33,5.31,-2.66,86.40,-26.52,5.95,1.94,570.6,141472
2026-02-26 06:26:00,-0.22,5.51,-2.25,92.31,-22.23,5.96,1.76,574.2,138924
2026-02-26 06:27:00,-0.36,5.82,-2.07,93.52,-19.57,6.19,2.22,578.8,122456
2026-02-26 06:28:00,-0.19,5.43,-2.96,91.98,-28.57,6.18,2.03,574.6,109530
2026-02-26 06:29:00,0.07,5.04,-3.38,89.22,-33.84,6.07,2.15,573.6,107967
2026-02-26 06:30:00,-0.20,4.42,-3.94,92.61,-41.73,5.92,1.31,,
2026-02-26 06:31:00,0.67,4.41,-3.42,81.31,-37.41,5.62,1.31,564.0,116857
2026-02-26 06:32:00,0.45,3.97,-3.43,83.54,-40.66,5.26,1.85,564.1,137711
2026-02-26 06:33:00,1.28,2.86,-3.80,65.86,-50.47,4.93,1.46,555.0,140411
2026-02-26 06:34:00,0.58,-2.33,-4.23,283.98,-60.39,4.87,1.37,563.4,151406
2026-02-26 06:35:00,0.91,-4.23,-3.77,282.19,-41.09,5.74,1.07,555.7,131164
2026-02-26 06:36:00,1.00,-3.56,-4.25,285.69,-48.96,5.63,1.51,553.9,125091
2026-02-26 06:37:00,1.13,-2.78,-4.31,292.19,-55.15,5.25,1.73,551.9,118855
2026-02-26 06:38:00,1.51,-1.31,-4.63,319.03,-66.63,5.05,1.91,551.8,133859
2026-02-26 06:39:00,1.78,-1.47,-4.45,320.42,-62.59,5.02,1.98,546.4,147300
2026-02-26 06:40:00,1.63,2.06,-4.63,51.53,-60.43,5.33,1.71,542.7,139793
2026-02-26 06:41:00,1.72,2.05,-4.72,49.89,-60.46,5.43,1.48,544.0,141852
2026-02-26 06:42:00,1.67,2.73,-4.37,58.46,-53.82,5.42,1.55,541.7,153217
2026-02-26 06:43:00,1.97,2.94,-4.23,56.18,-50.04,5.52,1.60,544.1,138846
2026-02-26 06:44:00,1.11,1.40,-4.67,51.67,-69.03,5.00,1.61,546.1,144745
2026-02-26 06:45:00,-0.12,2.46,-4.67,92.81,-62.17,5.28,1.51,564.7,140113
2026-02-26 06:46:00,2.28,-0.25,-4.63,353.71,-63.63,5.16,1.12,556.0,133839
2026-02-26 06:47:00,2.61,-0.33,-4.26,352.70,-58.28,5.00,1.48,532.4,114027
2026-02-26 06:48:00,3.12,-0.75,-3.63,346.52,-48.51,4.84,1.32,521.6,147913
2026-02-26 06:49:00,2.79,0.81,-4.20,16.23,-55.34,5.10,1.75,527.2,126179
2026-02-26 06:50:00,-0.79,-0.55,-5.63,215.20,-80.30,5.71,2.73,546.1,221170
2026-02-26 06:51:00,-0.36,-0.21,-5.66,210.13,-85.76,5.67,2.24,561.4,146839
2026-02-26 06:52:00,-0.36,0.28,-5.65,142.81,-85.39,5.66,1.84,568.7,121747
2026-02-26 06:53:00,0.70,-0.18,-5.49,345.23,-82.48,5.53,1.61,558.5,127035
2026-02-26 06:54:00,0.92,-0.33,-5.45,340.12,-79.81,5.54,1.67,551.8,126602
2026-02-26 06:55:00,0.20,-0.28,-5.62,304.59,-86.50,5.63,1.72,554.1,133136
2026-02-26 06:56:00,0.39,-0.24,-5.60,328.95,-85.33,5.62,1.60,556.1,139929
2026-02-26 06:57:00,0.47,0.11,-5.57,13.66,-85.02,5.59,1.73,554.4,136672
2026-02-26 06:58:00,0.23,0.32,-5.13,54.65,-85.58,5.14,3.05,555.7,119492
2026-02-26 06:59:00,-1.12,-0.51,-5.45,204.43,-77.27,5.59,4.66,566.1,99713
2026-02-26 07:00:00,0.41,-0.03,-5.43,355.81,-85.72,5.44,2.08,569.6,151388
2026-02-26 07:01:00,0.58,0.68,-5.31,49.66,-80.43,5.38,1.98,560.2,142640
2026-02-26 07:02:00,-0.23,2.03,-4.99,96.45,-67.72,5.39,1.50,552.0,167280
2026-02-26 07:04:00,0.21,-5.36,-1.91,272.22,-19.62,5.69,0.70,561.8,143588
2026-02-26 07:05:00,0.04,-4.21,-3.20,270.49,-37.23,5.29,0.39,528.1,77779
2026-02-26 07:06:00,-0.09,-4.97,-1.85,269.00,-20.40,5.31,1.45,567.7,182551
2026-02-26 07:07:00,0.58,-4.56,-2.52,277.21,-28.70,5.24,1.31,553.0,130458
2026-02-26 07:08:00,-1.28,-5.48,-1.20,256.83,-12.05,5.76,0.92,532.6,79046
2026-02-26 07:09:00,-1.41,-5.90,-0.14,256.57,-1.36,6.07,1.19,564.8,92659
2026-02-26 07:10:00,-1.08,-5.34,-2.55,258.61,-25.08,6.01,1.11,578.8,134690
2026-02-26 07:11:00,-0.11,-5.28,-2.69,268.76,-26.97,5.92,1.00,564.3,139492
2026-02-26 07:12:00,0.42,-5.35,-2.16,274.51,-21.93,5.79,1.10,553.4,131055
2026-02-26 07:13:00,1.24,-5.30,-1.67,283.17,-17.02,5.70,1.03,548.6,139013
2026-02-26 07:14:00,0.33,-4.58,-3.30,274.13,-35.74,5.65,1.19,548.9,136052
2026-02-26 07:15:00,0.91,-4.99,-0.09,280.32,-1.00,5.08,1.32,558.8,149938
2026-02-26 07:16:00,0.45,-4.78,-1.44,275.32,-16.65,5.01,0.44,567.7,194430
2026-02-26 07:17:00,-1.14,-5.10,-2.92,257.43,-29.18,5.99,1.44,567.3,185130
2026-02-26 07:18:00,0.11,-4.76,-2.67,271.33,-29.30,5.46,1.36,553.5,132225
2026-02-26 07:19:00,3.34,-1.14,-3.17,341.10,-41.86,4.74,1.41,540.9,157714
2026-02-26 07:20:00,3.56,1.66,-2.98,24.99,-37.22,4.93,1.72,527.4,154378
2026-02-26 07:21:00,3.28,1.80,-3.00,28.79,-38.72,4.80,1.53,523.2,138980
2026-02-26 07:22:00,2.32,1.10,-4.49,25.38,-60.27,5.17,2.45,496.4,93902
2026-02-26 07:23:00,2.94,1.89,-3.90,32.75,-48.09,5.24,1.81,521.4,133508
2026-02-26 07:24:00,2.96,1.75,-3.92,30.57,-48.73,5.21,1.67,531.3,177002
2026-02-26 07:25:00,2.95,-0.42,-3.86,351.99,-52.30,4.87,2.24,538.0,180355
2026-02-26 07:26:00,3.12,0.41,-3.99,7.52,-51.71,5.08,3.93,548.0,125534
2026-02-26 07:27:00,2.94,-2.48,-1.22,319.85,-17.57,4.04,3.06,531.9,82092
2026-02-26 07:28:00,3.56,-3.07,-1.90,319.16,-21.97,5.07,1.06,510.4,91400
2026-02-26 07:29:00,3.47,-2.38,-2.68,325.56,-32.49,4.98,0.94,502.0,103913
2026-02-26 07:30:00,1.53,-2.01,-4.11,307.39,-58.40,4.82,1.19,507.5,125628
2026-02-26 07:31:00,1.89,-2.74,-3.62,304.54,-47.39,4.92,1.81,548.5,187026
2026-02-26 07:32:00,0.49,-5.17,-2.22,275.38,-23.12,5.64,1.25,541.7,136319
2026-02-26 07:33:00,0.53,-4.76,-2.98,276.38,-31.94,5.64,1.37,565.3,165209
2026-02-26 07:34:00,0.04,-4.31,-3.59,270.55,-39.81,5.61,1.58,562.3,207296
2026-02-26 07:35:00,1.27,-4.23,-3.23,286.78,-36.22,5.47,1.72,560.6,127165
2026-02-26 07:36:00,1.34,-4.71,-2.28,285.95,-24.93,5.40,1.72,,
2026-02-26 07:37:00,1.85,-3.72,-3.30,296.53,-38.52,5.31,1.59,524.8,97301
2026-02-26 07:38:00,1.55,-4.37,-2.64,289.57,-29.65,5.34,1.50,548.0,218111
2026-02-26 07:39:00,1.36,-5.07,-1.67,285.05,-17.70,5.51,0.80,540.2,189801
2026-02-26 07:40:00,1.09,-4.83,-2.39,282.76,-25.75,5.50,0.67,542.5,219655
2026-02-26 07:41:00,1.33,-4.46,-2.84,286.59,-31.39,5.45,1.00,546.7,197434
2026-02-26 07:42:00,1.76,-4.48,-2.40,291.47,-26.46,5.38,1.37,544.4,153603
2026-02-26 07:43:00,2.19,-4.27,-2.28,297.15,-25.40,5.32,1.28,533.8,137658
2026-02-26 07:44:00,1.35,-4.51,-2.78,286.60,-30.54,5.47,0.98,519.9,121825
2026-02-26 07:45:00,1.12,-4.60,-2.86,283.62,-31.08,5.53,1.13,529.1,128763
2026-02-26 07:46:00,0.84,-4.94,-2.49,279.62,-26.44,5.59,1.56,558.0,183388
2026-02-26 07:47:00,0.09,-5.50,-1.74,270.98,-17.60,5.77,1.45,556.0,194787
2026-02-26 07:48:00,-0.24,-5.38,-2.14,267.42,-21.68,5.79,0.75,552.1,175082
2026-02-26 07:49:00,0.16,-5.33,-2.02,271.70,-20.78,5.70,0.96,555.3,222449
2026-02-26 07:50:00,0.21,-5.45,-1.79,272.19,-18.11,5.74,1.16,544.7,103425
2026-02-26 07:51:00,-0.06,-5.25,-2.44,269.30,-24.87,5.79,1.16,562.7,188135
2026-02-26 07:52:00,-0.24,-4.82,-3.29,267.12,-34.25,5.84,0.77,522.0,80922
2026-02-26 07:53:00,0.20,-4.86,-3.12,272.35,-32.69,5.78,1.59,575.8,236830
2026-02-26 07:54:00,0.62,-4.96,-2.79,277.12,-29.17,5.73,1.34,559.3,177790
2026-02-26 07:55:00,0.74,-4.99,-2.71,278.39,-28.29,5.73,1.45,549.8,142681
2026-02-26 07:56:00,1.37,-4.68,-2.51,286.28,-27.24,5.48,1.19,525.8,89359
2026-02-26 07:57:00,0.99,-4.70,-2.97,281.86,-31.78,5.64,1.33,545.5,174495
2026-02-26 07:58:00,0.89,-4.68,-3.02,280.75,-32.39,5.64,1.34,544.4,158061
2026-02-26 07:59:00,0.90,-4.78,-2.85,280.64,-30.43,5.64,1.27,538.2,109995
2026-02-26 08:00:00,1.72,-3.72,-3.48,294.86,-40.35,5.38,1.54,546.3,153791
2026-02-26 08:01:00,0.88,-3.58,-1.64,283.88,-24.00,4.04,1.67,532.6,165171
2026-02-26 08:02:00,-2.36,-5.05,2.31,244.91,22.49,6.04,1.28,512.7,106368
2026-02-26 08:03:00,-2.22,-5.25,1.12,247.05,11.16,5.81,0.94,537.1,104048
2026-02-26 08:04:00,-0.81,-5.43,-0.21,261.52,-2.16,5.49,0.43,579.0,143938
2026-02-26 08:05:00,-1.01,-5.44,-0.05,259.51,-0.47,5.54,0.49,573.9,191105
2026-02-26 08:06:00,-2.59,-4.90,0.88,242.19,9.05,5.61,0.55,552.0,120847
2026-02-26 08:07:00,0.26,-5.05,-1.74,272.90,-18.97,5.35,0.93,545.7,128337
2026-02-26 08:08:00,0.39,-5.12,-1.89,274.34,-20.18,5.47,1.12,553.5,128340
2026-02-26 08:09:00,0.34,-4.62,-2.76,274.18,-30.78,5.39,1.13,553.8,128340
2026-02-26 08:10:00,0.36,-3.77,-4.21,275.52,-48.05,5.66,1.80,571.4,229965
2026-02-26 08:11:00,0.79,-3.83,-4.21,281.62,-47.06,5.74,1.67,552.1,143436
2026-02-26 08:12:00,1.37,-3.48,-4.24,291.50,-48.57,5.66,1.81,553.0,161010
2026-02-26 08:13:00,0.85,-3.95,-4.07,282.14,-45.20,5.73,1.96,553.8,170863
2026-02-26 08:14:00,0.34,-4.23,-4.01,274.65,-43.35,5.84,1.80,548.3,142599
2026-02-26 08:15:00,0.65,-3.93,-4.15,279.39,-46.12,5.75,1.69,543.8,129423
2026-02-26 08:16:00,1.27,-4.74,-2.81,285.00,-29.78,5.65,1.65,541.8,122555
2026-02-26 08:17:00,-0.53,-3.78,-4.28,262.05,-48.31,5.74,1.25,535.2,104724
2026-02-26 08:18:00,0.15,-3.85,-4.25,272.30,-47.79,5.74,0.97,532.4,102069
2026-02-26 08:19:00,0.40,-3.14,-4.59,277.17,-55.38,5.58,1.59,549.4,121380
2026-02-26 08:20:00,1.11,-2.79,-4.47,291.63,-56.08,5.39,2.05,552.4,176752
2026-02-26 08:21:00,1.51,-2.35,-4.48,302.76,-58.02,5.28,2.37,557.2,225618
2026-02-26 08:22:00,1.72,-1.23,-4.64,324.51,-65.52,5.09,1.95,542.8,150054
2026-02-26 08:23:00,1.15,-0.98,-4.95,319.39,-73.06,5.18,1.43,523.6,81163
2026-02-26 08:24:00,3.14,-0.82,-3.77,345.29,-49.30,4.98,1.31,522.5,129265
2026-02-26 08:25:00,3.43,-0.21,-3.57,356.51,-46.15,4.95,1.27,517.2,119149
2026-02-26 08:26:00,1.86,0.88,-4.74,25.34,-66.48,5.17,0.84,506.2,98839
2026-02-26 08:27:00,1.91,2.20,-4.29,49.01,-55.87,5.19,1.56,518.2,124952
2026-02-26 08:28:00,-0.06,2.99,-4.63,91.13,-57.19,5.51,1.39,521.4,101775
2026-02-26 08:29:00,-0.64,3.16,-4.66,101.37,-55.32,5.67,1.51,563.0,147373
2026-02-26 08:30:00,-0.60,2.60,-5.05,102.94,-62.15,5.71,1.47,567.1,144430
2026-02-26 08:31:00,0.23,1.87,-4.83,83.04,-68.67,5.18,1.40,556.5,116904
2026-02-26 08:32:00,2.27,-1.23,-4.26,331.59,-58.83,4.98,1.86,556.8,206606
2026-02-26 08:33:00,2.19,-0.02,-4.71,359.47,-65.06,5.19,1.81,534.8,238248
2026-02-26 08:34:00,1.82,-0.18,-4.95,354.31,-69.71,5.28,1.26,518.1,111795
2026-02-26 08:35:00,2.43,-1.43,-4.15,329.43,-55.80,5.02,1.97,540.5,147494
2026-02-26 08:36:00,2.98,-0.06,-3.82,358.88,-52.05,4.85,1.91,532.0,110229
2026-02-26 08:37:00,2.97,-1.58,-3.61,331.93,-47.02,4.94,3.03,539.7,74487
2026-02-26 08:38:00,3.43,-1.70,-3.11,333.55,-39.12,4.93,0.58,495.9,97965
2026-02-26 08:39:00,3.14,-2.06,-3.22,326.71,-40.64,4.95,1.88,532.2,179096
2026-02-26 08:40:00,2.65,-1.79,-3.75,325.96,-49.57,4.92,1.73,523.1,124632
2026-02-26 08:41:00,3.07,-1.54,-3.47,333.35,-45.27,4.89,1.93,534.0,166089
2026-02-26 08:42:00,1.47,-3.21,-3.57,294.57,-45.33,5.02,1.96,535.2,170904
2026-02-26 08:43:00,2.79,-3.01,-1.58,312.82,-20.99,4.40,1.97,560.8,187179
2026-02-26 08:44:00,2.20,-3.65,-1.70,301.07,-21.69,4.59,1.06,530.6,147371
2026-02-26 08:45:00,2.54,-3.53,-1.45,305.74,-18.46,4.58,0.66,497.1,92098
2026-02-26 08:46:00,-0.13,-5.12,2.32,268.52,24.34,5.62,1.03,521.7,102332
2026-02-26 08:47:00,-0.24,-4.74,3.07,267.05,32.86,5.65,0.74,557.6,146167
2026-02-26 08:48:00,2.87,-4.29,0.02,303.79,0.21,5.17,0.85,562.3,183134
2026-02-26 08:49:00,3.12,-4.07,-0.17,307.43,-1.86,5.13,1.30,540.3,192990
2026-02-26 08:50:00,3.27,-3.86,0.36,310.26,4.08,5.07,0.46,499.1,124714
2026-02-26 08:51:00,3.76,0.19,2.48,2.91,33.35,4.51,0.44,486.3,53923
2026-02-26 08:52:00,2.79,3.12,2.83,48.24,34.05,5.05,1.08,524.8,175883
2026-02-26 08:53:00,3.94,-1.78,-2.17,335.69,-26.69,4.84,1.33,532.1,219291
2026-02-26 08:54:00,3.53,-2.53,-2.42,324.42,-29.10,4.97,2.07,526.8,152854
2026-02-26 08:55:00,3.49,-2.17,-2.76,328.13,-33.88,4.95,0.95,501.6,123892
2026-02-26 08:56:00,3.57,-1.24,-3.05,340.91,-38.91,4.86,1.43,508.8,137065
2026-02-26 08:57:00,2.25,-1.41,-4.26,327.84,-58.05,5.02,1.15,491.6,102529
2026-02-26 08:58:00,3.25,-1.61,-3.44,333.60,-43.50,5.00,1.93,536.8,189303
2026-02-26 08:59:00,3.24,-1.56,-3.46,334.28,-43.91,4.99,1.70,523.1,147288
2026-02-26 09:00:00,3.74,-1.68,-2.59,335.84,-32.27,4.84,1.39,500.2,99028
2026-02-26 09:01:00,2.81,-2.92,-2.76,313.89,-34.28,4.91,1.64,518.0,167472
2026-02-26 09:02:00,2.18,2.00,-2.41,42.55,-39.22,3.81,2.33,526.3,150899
2026-02-26 09:03:00,2.53,3.66,-2.00,55.32,-24.21,4.88,2.15,524.8,127027
2026-02-26 09:04:00,2.86,3.04,-2.17,46.73,-27.46,4.70,1.37,511.0,118568
2026-02-26 09:05:00,2.14,-0.45,-4.29,348.22,-62.96,4.82,1.42,507.3,104273
2026-02-26 09:06:00,1.57,-2.05,-4.27,307.33,-58.82,4.99,2.00,541.1,154659
2026-02-26 09:07:00,1.72,-1.90,-4.03,312.09,-57.53,4.78,1.94,543.1,151761
2026-02-26 09:08:00,2.12,-0.98,-4.26,335.17,-61.22,4.86,1.84,533.7,149836
2026-02-26 09:09:00,1.73,-3.10,-3.63,299.26,-45.64,5.08,2.24,539.6,185189
2026-02-26 09:10:00,1.65,-4.27,-3.09,291.10,-34.06,5.52,1.98,539.5,164543
2026-02-26 09:11:00,1.42,-4.47,-3.03,287.68,-32.84,5.58,1.58,539.5,112052
2026-02-26 09:12:00,1.43,-4.46,-3.04,287.75,-33.02,5.58,1.47,534.2,121763
2026-02-26 09:13:00,1.81,-4.49,-2.67,291.91,-28.88,5.53,1.67,544.2,161862
2026-02-26 09:14:00,2.29,-4.18,-2.61,298.72,-28.67,5.44,1.76,543.6,175059
2026-02-26 09:15:00,2.36,-4.37,-2.25,298.39,-24.34,5.45,1.77,543.2,176815
2026-02-26 09:16:00,1.93,-4.77,-2.08,292.00,-22.03,5.55,1.29,531.9,118123
2026-02-26 09:17:00,1.50,-5.06,-1.82,286.47,-19.06,5.58,0.88,516.6,85053
2026-02-26 09:18:00,1.26,-5.10,-2.03,283.85,-21.19,5.63,0.98,524.0,92749
2026-02-26 09:19:00,1.53,-5.04,-1.79,286.87,-18.82,5.56,1.18,534.1,113274
2026-02-26 09:20:00,1.48,-5.04,-1.88,286.38,-19.68,5.58,1.22,541.4,145295
2026-02-26 09:21:00,1.40,-5.19,-1.53,285.11,-15.84,5.59,1.23,541.4,151823
2026-02-26 09:22:00,1.24,-5.29,-1.44,283.17,-14.85,5.62,1.10,529.2,118511
2026-02-26 09:23:00,0.30,-5.57,-1.65,273.10,-16.45,5.81,1.26,549.9,174846
2026-02-26 09:24:00,-2.27,-5.23,-2.33,246.49,-22.24,6.16,1.02,544.2,137361
2026-02-26 09:25:00,-2.81,-5.29,-1.75,242.04,-16.34,6.24,0.90,542.8,94748
2026-02-26 09:26:00,-2.18,-5.31,-2.19,247.72,-20.86,6.14,1.52,592.0,155172
2026-02-26 09:27:00,-2.04,-5.46,-1.89,249.54,-17.98,6.12,1.47,569.1,134869
2026-02-26 09:28:00,-1.71,-5.55,-1.90,252.86,-18.12,6.11,1.06,558.0,126044
2026-02-26 09:29:00,-2.30,-5.59,-1.43,247.64,-13.27,6.21,1.14,571.8,144535
2026-02-26 09:30:00,-1.90,-5.78,-1.36,251.78,-12.62,6.23,1.03,559.3,111107
2026-02-26 09:31:00,-1.78,-5.80,-0.83,252.92,-7.81,6.13,0.69,568.5,115576
2026-02-26 09:32:00,-1.15,-6.05,-0.25,259.26,-2.35,6.16,0.68,560.6,151578
2026-02-26 09:33:00,-2.05,-5.93,0.42,250.92,3.83,6.29,0.60,535.3,105308
2026-02-26 09:34:00,-1.52,-6.04,0.05,255.84,0.44,6.23,0.48,552.3,120569
2026-02-26 09:35:00,-0.71,-6.09,0.42,263.34,3.91,6.15,0.51,560.9,151907
2026-02-26 09:36:00,0.25,-5.56,-0.47,272.53,-4.82,5.58,0.55,541.0,136408
2026-02-26 09:37:00,2.42,-3.28,-2.88,306.38,-35.24,4.99,0.74,527.1,158347
2026-02-26 09:38:00,2.65,-3.15,-2.80,310.02,-34.21,4.98,1.15,509.2,175139
2026-02-26 09:39:00,3.31,-1.74,-3.14,332.31,-40.00,4.88,1.35,493.3,85261
2026-02-26 09:40:00,2.89,-2.51,-2.87,318.96,-36.82,4.78,1.76,507.7,101420
2026-02-26 09:41:00,3.14,-3.42,-2.16,312.56,-24.92,5.13,1.75,513.2,114763
2026-02-26 09:42:00,3.24,-2.99,-2.61,317.27,-30.61,5.12,1.74,516.4,139929
2026-02-26 09:43:00,2.95,-2.90,-3.02,315.51,-36.16,5.12,1.97,533.6,209095
2026-02-26 09:44:00,2.36,-4.13,-1.87,299.76,-21.45,5.11,1.43,516.3,146818
2026-02-26 09:45:00,0.54,-5.09,-1.34,276.01,-14.67,5.29,1.54,529.0,169997
2026-02-26 09:46:00,0.53,-5.41,-0.94,275.64,-9.81,5.51,1.07,501.5,92255
2026-02-26 09:47:00,1.12,-5.11,-1.12,282.34,-12.07,5.35,0.90,549.8,205632
2026-02-26 09:48:00,2.18,-4.54,-1.22,295.69,-13.61,5.18,0.87,566.3,245042
2026-02-26 09:49:00,1.22,-5.27,-0.35,283.00,-3.72,5.42,0.56,519.4,125126
2026-02-26 09:50:00,1.15,-5.40,0.23,282.00,2.41,5.52,0.74,536.9,155202
2026-02-26 09:51:00,1.45,-5.16,0.15,285.66,1.62,5.37,0.73,539.6,174716
2026-02-26 09:52:00,2.39,-4.29,-1.17,299.13,-13.37,5.05,0.58,525.4,173174
2026-02-26 09:53:00,0.44,-5.03,-1.85,275.02,-20.10,5.37,0.70,513.2,153648
2026-02-26 09:54:00,0.71,-5.48,-0.37,277.40,-3.83,5.53,1.06,524.5,143246
2026-02-26 09:55:00,-0.40,-5.75,-0.95,265.97,-9.39,5.84,1.32,573.0,192376
2026-02-26 09:56:00,1.60,-4.91,-0.10,288.01,-1.10,5.16,0.93,547.3,177958
2026-02-26 09:57:00,3.38,-3.80,1.16,311.69,12.81,5.22,1.24,552.8,346802
2026-02-26 09:58:00,3.14,-4.22,0.43,306.63,4.71,5.28,0.48,497.8,218056
2026-02-26 09:59:00,2.27,-4.79,-0.81,295.34,-8.66,5.36,0.92,520.0,175563
2026-02-26 10:03:00,2.38,-3.40,-3.22,305.03,-37.80,5.26,1.29,516.6,162614
2026-02-26 10:05:00,1.91,-4.60,-1.74,292.58,-19.29,5.28,1.21,511.5,133436
2026-02-26 10:06:00,2.15,-3.71,-2.98,300.09,-34.83,5.22,1.29,515.3,126289
2026-02-26 10:07:00,2.03,-2.45,-3.83,309.56,-50.27,4.97,1.39,520.9,125858
2026-02-26 10:08:00,1.75,-2.88,-3.09,301.33,-42.48,4.58,1.33,526.9,160119
2026-02-26 10:09:00,1.73,-4.65,-1.06,290.40,-12.02,5.07,1.14,530.5,187952
2026-02-26 10:10:00,1.95,0.44,-3.19,12.64,-58.00,3.76,0.94,528.6,179545
2026-02-26 10:11:00,1.41,3.12,-3.53,65.76,-45.84,4.92,1.47,533.9,167147
2026-02-26 10:12:00,1.87,2.30,-3.56,50.92,-50.18,4.63,1.35,537.5,170398
2026-02-26 10:13:00,2.71,1.65,-3.36,31.43,-46.67,4.62,1.37,525.6,157536
2026-02-26 10:14:00,2.19,1.40,-3.79,32.68,-55.52,4.59,1.79,521.7,142628
2026-02-26 10:15:00,2.53,0.14,-3.37,3.09,-53.01,4.22,1.46,527.2,178467
2026-02-26 10:16:00,2.64,0.46,-3.52,10.00,-52.74,4.42,1.77,527.7,158373
2026-02-26 10:17:00,1.61,-2.00,-3.68,308.89,-55.12,4.49,1.93,525.0,158942
2026-02-26 10:18:00,1.12,-4.10,-1.21,285.26,-15.86,4.42,1.99,516.2,168458
2026-02-26 10:19:00,0.49,-5.37,0.30,275.24,3.23,5.40,0.89,538.8,156682
2026-02-26 10:22:00,1.29,-3.31,-1.63,291.27,-24.73,3.91,0.57,542.2,103260
2026-02-26 10:23:00,3.25,-2.63,-1.62,320.97,-21.15,4.48,0.92,525.6,131197
2026-02-26 10:24:00,2.99,-3.54,-1.65,310.24,-19.56,4.92,1.17,512.2,170237
2026-02-26 10:25:00,1.94,-4.63,-0.46,292.68,-5.26,5.04,0.89,520.3,190749
2026-02-26 10:26:00,2.25,-4.14,0.33,298.53,4.07,4.72,0.83,524.5,178220
2026-02-26 10:27:00,3.34,-1.84,-2.79,331.13,-36.18,4.73,1.33,515.8,128015
2026-02-26 10:28:00,3.62,-0.54,-3.05,351.50,-39.81,4.76,1.70,506.7,135948
2026-02-26 10:29:00,2.98,-2.37,-2.57,321.43,-34.04,4.59,1.79,508.9,123832
2026-02-26 10:30:00,3.29,-1.19,-3.13,340.05,-41.82,4.70,1.32,525.7,128918
2026-02-26 10:31:00,3.15,-0.69,-3.54,347.59,-47.71,4.79,1.66,507.8,129520
2026-02-26 10:32:00,2.68,-0.74,-3.88,344.62,-54.38,4.78,1.72,513.4,133018
2026-02-26 10:33:00,2.85,-0.79,-3.59,344.56,-50.56,4.65,1.82,518.5,131195
2026-02-26 10:34:00,2.63,0.28,-3.80,6.18,-55.21,4.63,1.50,521.7,140817
2026-02-26 10:35:00,2.50,-2.52,-2.86,314.71,-38.86,4.56,1.48,517.0,137616
2026-02-26 10:36:00,-1.27,-3.92,-2.08,252.09,-26.77,4.61,1.54,541.8,242291
2026-02-26 10:37:00,1.91,-2.58,-3.28,306.53,-45.59,4.60,1.56,533.3,207731
2026-02-26 10:38:00,0.51,-3.81,-2.88,277.65,-36.82,4.80,1.83,534.6,176057
2026-02-26 10:39:00,0.48,-3.88,-3.32,277.05,-40.37,5.13,1.81,545.0,165678
2026-02-26 10:40:00,0.60,-4.11,-3.12,278.37,-36.94,5.19,1.42,542.9,143193
2026-02-26 10:41:00,1.28,-3.27,-3.77,291.41,-47.03,5.16,1.48,536.5,149695
2026-02-26 10:42:00,1.85,-2.51,-4.05,306.36,-52.36,5.11,1.85,529.8,149881
2026-02-26 10:43:00,1.59,-2.88,-3.88,298.97,-49.73,5.09,1.77,528.4,127009
2026-02-26 10:44:00,3.29,-1.58,-3.18,334.38,-41.08,4.83,1.97,535.0,148137
2026-02-26 10:45:00,3.16,-2.18,-3.08,325.47,-38.76,4.92,1.64,512.8,132570
2026-02-26 10:46:00,1.32,-0.56,-4.87,336.97,-73.61,5.07,1.53,518.3,145180
2026-02-26 10:47:00,2.33,-0.77,-3.64,341.77,-56.00,4.39,1.16,544.3,133087
2026-02-26 10:48:00,1.64,-2.52,-3.91,303.01,-52.44,4.93,2.01,509.6,138289
2026-02-26 10:49:00,2.69,-3.90,-1.28,304.65,-15.07,4.90,1.33,517.6,152880
2026-02-26 10:50:00,2.46,-3.98,-1.46,301.76,-17.35,4.90,1.19,517.6,175869
2026-02-26 10:51:00,1.77,-4.65,0.15,290.84,1.73,4.98,0.79,519.5,193851
2026-02-26 10:52:00,-0.59,-4.83,2.40,263.01,26.28,5.43,0.36,544.7,159277
2026-02-26 10:55:00,-1.33,-4.76,3.15,254.34,32.51,5.86,0.12,564.0,139878
2026-02-26 10:56:00,-1.11,-5.20,2.31,257.99,23.46,5.80,0.15,561.2,130243
2026-02-26 10:57:00,-0.84,-5.06,2.66,260.57,27.38,5.78,0.18,559.2,112548
2026-02-26 10:58:00,0.26,-5.05,2.38,272.97,25.22,5.58,0.20,560.5,114780
2026-02-26 10:59:00,1.21,-4.86,2.00,283.98,21.79,5.39,0.23,556.6,145597
2026-02-26 11:00:00,-0.91,-5.39,1.26,260.41,12.98,5.61,0.21,554.0,149592
2026-02-26 11:01:00,0.86,-5.02,1.50,279.71,16.39,5.31,0.36,551.6,99310
2026-02-26 11:02:00,0.59,-5.23,0.85,276.45,9.17,5.33,0.29,549.2,215906
2026-02-26 11:03:00,0.79,-5.11,0.04,278.83,0.39,5.17,0.55,539.8,174149
2026-02-26 11:04:00,-0.80,-5.29,-0.15,261.38,-1.62,5.35,0.67,551.3,257955
2026-02-26 11:05:00,-1.53,-5.38,-0.39,254.09,-3.94,5.60,0.68,560.0,182898
2026-02-26 11:06:00,-2.55,-5.07,0.47,243.27,4.72,5.69,0.80,564.7,145311
2026-02-26 11:07:00,-2.61,-4.91,-1.19,242.04,-12.08,5.69,0.78,573.0,148509
2026-02-26 11:08:00,-3.14,-4.64,-1.56,235.90,-15.58,5.82,0.94,576.6,130206
2026-02-26 11:09:00,-2.37,-4.53,-1.90,242.35,-20.34,5.46,1.23,574.5,131302
2026-02-26 11:10:00,0.04,-5.15,-0.71,270.41,-7.83,5.20,0.96,548.4,135267
2026-02-26 11:11:00,0.73,-4.81,-1.02,278.63,-11.81,4.97,0.79,528.7,135469
2026-02-26 11:12:00,-0.24,-4.78,-0.72,267.10,-8.59,4.84,0.84,539.2,149901
2026-02-26 11:13:00,1.86,-3.23,-2.01,299.93,-28.29,4.24,0.91,541.2,171829
2026-02-26 11:14:00,2.00,-3.57,-1.67,299.30,-22.17,4.42,1.24,520.4,174760
2026-02-26 11:15:00,1.07,-4.08,-2.11,284.66,-26.56,4.72,1.18,525.0,158112
2026-02-26 11:16:00,2.63,-1.51,-2.32,330.18,-37.39,3.82,1.03,526.4,145943
2026-02-26 11:17:00,3.29,0.79,-2.96,13.51,-41.17,4.50,1.57,514.0,125336
2026-02-26 11:18:00,3.41,0.84,-3.02,13.81,-40.72,4.63,1.50,509.6,119968
2026-02-26 11:19:00,3.52,0.00,-3.21,0.03,-42.35,4.77,1.65,510.7,114849
2026-02-26 11:20:00,3.73,0.46,-2.85,6.97,-37.12,4.72,1.50,508.4,103673
2026-02-26 11:21:00,3.55,0.12,-3.22,1.93,-42.17,4.79,1.59,508.4,109941
2026-02-26 11:22:00,3.64,0.40,-3.33,6.28,-42.32,4.95,1.54,510.0,102395
2026-02-26 11:23:00,3.93,0.63,-2.82,9.15,-35.31,4.87,1.58,509.1,105820
2026-02-26 11:24:00,4.06,0.56,-2.49,7.85,-31.21,4.80,1.58,507.4,106662
2026-02-26 11:25:00,3.80,1.20,-2.70,17.53,-34.10,4.81,1.45,507.1,108831
2026-02-26 11:28:00,4.17,2.36,-0.93,29.52,-10.97,4.88,1.63,508.5,107338
2026-02-26 11:29:00,4.16,2.39,-0.66,29.87,-7.86,4.84,1.55,508.3,110700
2026-02-26 11:30:00,4.13,2.33,-0.64,29.43,-7.71,4.79,1.47,508.2,115882
2026-02-26 11:31:00,3.63,2.22,-1.58,31.51,-20.34,4.54,1.57,509.6,117269
2026-02-26 11:32:00,3.14,2.65,-2.30,40.19,-29.28,4.71,1.64,511.8,126257
2026-02-26 11:33:00,2.81,3.16,-2.43,48.43,-29.90,4.88,1.73,512.6,124069
2026-02-26 11:34:00,3.10,3.02,-2.04,44.30,-25.24,4.78,1.72,515.9,120422
2026-02-26 11:35:00,3.76,1.94,-1.96,27.26,-24.88,4.67,1.64,515.8,125006
2026-02-26 11:36:00,4.02,2.07,-1.62,27.30,-19.67,4.80,1.47,507.7,106719
2026-02-26 11:37:00,4.28,1.10,-1.81,14.39,-22.31,4.77,1.42,501.5,102808
2026-02-26 11:38:00,4.19,0.64,-2.09,8.72,-26.24,4.73,1.25,502.0,105554
2026-02-26 11:39:00,4.04,1.78,-2.09,23.74,-25.27,4.89,1.41,503.9,97127
2026-02-26 11:40:00,3.96,1.74,-2.20,23.65,-26.99,4.86,1.50,504.6,92884
2026-02-26 11:41:00,3.86,1.94,-2.37,26.74,-28.72,4.93,1.58,506.8,95629
2026-02-26 11:42:00,3.97,1.24,-2.50,17.37,-31.00,4.85,1.53,506.5,98780
2026-02-26 11:43:00,3.70,1.08,-2.97,16.28,-37.58,4.87,1.53,506.0,97801
2026-02-26 11:44:00,4.07,1.20,-2.25,16.47,-27.96,4.80,1.53,505.0,96485
2026-02-26 11:45:00,3.91,1.01,-2.45,14.48,-31.20,4.72,1.50,504.2,99899
2026-02-26 11:46:00,4.18,0.42,-2.22,5.76,-27.83,4.75,1.51,505.2,108579
2026-02-26 11:47:00,4.14,0.82,-2.33,11.18,-28.83,4.82,1.40,503.2,115677
2026-02-26 11:48:00,4.02,0.25,-2.55,3.59,-32.36,4.77,1.63,507.2,109836
2026-02-26 11:49:00,4.04,1.13,-2.37,15.65,-29.46,4.82,1.49,505.5,119063
2026-02-26 11:50:00,4.09,0.21,-2.21,2.98,-28.30,4.66,1.57,507.3,107169
2026-02-26 11:51:00,4.16,-0.72,-2.32,350.16,-28.80,4.81,1.47,506.1,124902
2026-02-26 11:52:00,3.83,-1.55,-2.25,337.93,-28.55,4.71,1.42,508.5,135820
2026-02-26 11:53:00,3.86,-0.46,-2.88,353.19,-36.55,4.83,1.65,509.0,120682
2026-02-26 11:54:00,3.86,0.19,-2.84,2.86,-36.31,4.79,1.53,508.2,116338
2026-02-26 11:55:00,3.85,-0.01,-2.79,359.79,-35.90,4.75,1.56,506.6,122827
2026-02-26 11:56:00,3.72,-0.82,-2.93,347.54,-37.56,4.81,1.55,508.9,127880
2026-02-26 11:57:00,3.89,0.31,-2.58,4.54,-33.49,4.68,1.58,509.6,128740
2026-02-26 11:58:00,3.44,-0.79,-3.11,347.07,-41.36,4.70,1.60,511.5,132882
2026-02-26 11:59:00,3.76,-0.52,-2.96,352.06,-37.95,4.81,1.60,513.1,136222
2026-02-26 12:01:00,3.53,-1.65,-2.74,335.00,-35.08,4.76,1.46,514.7,128482
2026-02-26 12:02:00,3.66,-1.56,-2.55,336.87,-32.68,4.73,1.46,514.0,131031
2026-02-26 12:03:00,3.07,-0.03,-3.64,359.37,-49.87,4.76,1.53,515.2,137868
2026-02-26 12:04:00,3.06,-0.02,-3.69,359.61,-50.37,4.80,1.74,522.9,137808
2026-02-26 12:05:00,3.13,-0.61,-3.64,348.89,-48.79,4.84,1.73,515.1,124181
2026-02-26 12:06:00,2.90,-1.10,-3.57,339.25,-49.00,4.73,1.64,522.7,136082
2026-02-26 12:07:00,3.21,-2.22,-2.71,325.36,-34.84,4.75,1.52,514.7,146557
2026-02-26 12:08:00,3.59,-1.12,-2.82,342.62,-36.87,4.70,1.44,512.7,145276
2026-02-26 12:09:00,4.01,-0.55,-2.35,352.19,-30.11,4.68,1.40,511.5,140365
2026-02-26 12:10:00,4.00,-0.54,-2.30,352.37,-29.65,4.65,1.40,509.0,154983
2026-02-26 12:11:00,4.03,-0.71,-1.97,349.96,-25.73,4.54,1.17,507.5,162194
2026-02-26 12:12:00,4.01,-1.27,-2.08,342.49,-26.31,4.69,1.13,508.6,167426
2026-02-26 12:13:00,3.82,-0.57,-2.94,351.50,-37.29,4.86,1.44,509.1,140200
2026-02-26 12:14:00,4.13,-0.76,-2.43,349.56,-30.08,4.85,1.56,509.3,128472
2026-02-26 12:15:00,3.21,-2.57,-1.89,321.33,-24.73,4.52,1.51,518.6,185820
2026-02-26 12:16:00,3.92,-2.10,-1.57,331.89,-19.40,4.72,1.33,519.5,217789
2026-02-26 12:17:00,3.80,-2.01,-1.78,332.20,-22.47,4.65,1.29,510.2,174516
2026-02-26 12:18:00,3.48,-1.81,-2.51,332.55,-32.63,4.66,1.60,512.6,147779
2026-02-26 12:19:00,0.49,-4.22,-2.74,276.59,-32.82,5.05,1.51,518.5,141635
2026-02-26 12:20:00,0.98,-4.17,-2.86,283.27,-33.71,5.15,1.31,535.6,131946
2026-02-26 12:21:00,1.10,-3.63,-3.32,286.82,-41.20,5.04,1.38,529.5,158275
2026-02-26 12:22:00,1.96,-3.55,-2.36,298.92,-30.23,4.70,1.59,536.3,148455
2026-02-26 12:23:00,0.13,-4.18,-2.88,271.73,-34.55,5.07,1.77,512.0,174634
2026-02-26 12:24:00,1.73,-2.93,-2.72,300.53,-38.64,4.36,1.02,531.8,125386
2026-02-26 12:25:00,3.62,-0.46,-2.87,352.74,-38.12,4.64,1.58,510.2,126957
2026-02-26 12:26:00,3.59,0.10,-2.98,1.56,-39.71,4.66,1.72,510.3,129493
2026-02-26 12:27:00,3.92,-0.61,-2.46,351.12,-31.84,4.67,1.52,504.7,133658
2026-02-26 12:28:00,3.96,-0.44,-2.38,353.68,-30.89,4.64,1.45,505.0,131669
2026-02-26 12:29:00,4.10,-0.01,-2.22,359.93,-28.43,4.66,1.52,504.0,128771
2026-02-26 12:30:00,4.08,-0.57,-2.25,352.08,-28.59,4.69,1.53,503.5,132700
2026-02-26 12:31:00,4.05,-0.46,-2.17,353.45,-28.00,4.61,1.41,504.0,143780
2026-02-26 12:32:00,3.80,0.12,-2.24,1.79,-30.44,4.41,1.31,504.1,151165
2026-02-26 12:34:00,3.20,-2.91,-1.86,317.72,-23.27,4.70,1.19,509.9,148874
2026-02-26 12:35:00,2.60,-3.55,-1.79,306.24,-22.11,4.75,1.20,512.2,152324
2026-02-26 12:36:00,2.35,-3.54,-2.35,303.60,-28.98,4.86,1.28,519.7,160401
2026-02-26 12:37:00,1.49,-4.28,-1.96,289.19,-23.37,4.93,1.37,519.5,142361
2026-02-26 12:38:00,1.48,-4.26,-2.34,289.13,-27.40,5.08,1.39,526.9,127175
2026-02-26 12:39:00,1.90,-3.80,-2.63,296.62,-31.72,5.00,1.13,529.3,140668
2026-02-26 12:40:00,1.64,-4.21,-2.16,291.29,-25.56,5.00,1.36,522.8,150423
2026-02-26 12:41:00,2.51,-3.57,-1.84,305.05,-22.90,4.74,1.38,524.9,145986
2026-02-26 12:42:00,2.64,-3.73,-1.38,305.31,-16.80,4.77,1.35,518.7,151636
2026-02-26 12:43:00,2.77,-3.75,-1.18,306.46,-14.20,4.81,1.12,510.3,160943
2026-02-26 12:44:00,2.08,-4.32,-1.06,295.75,-12.44,4.91,0.93,511.3,152741
2026-02-26 12:45:00,1.25,-4.59,-1.82,285.28,-20.97,5.10,1.03,522.8,140161
2026-02-26 12:46:00,1.47,-4.76,-1.37,287.20,-15.42,5.16,1.08,526.4,141481
2026-02-26 12:47:00,1.15,-4.95,-0.93,283.14,-10.36,5.16,0.97,527.4,148201
2026-02-26 12:48:00,1.00,-5.09,-0.64,281.06,-7.01,5.23,0.84,529.7,149762
2026-02-26 12:49:00,1.24,-5.05,-0.08,283.77,-0.93,5.20,0.76,527.1,152839
2026-02-26 12:50:00,2.37,-4.44,0.28,298.08,3.18,5.04,0.71,521.3,174380
2026-02-26 12:51:00,2.55,-4.36,0.07,300.37,0.85,5.05,0.68,515.8,204805
2026-02-26 12:52:00,2.73,-4.00,1.47,304.28,16.84,5.06,0.66,508.1,162703
2026-02-26 12:53:00,3.06,-3.78,1.57,308.97,17.93,5.11,0.18,473.3,43391
2026-02-26 12:54:00,2.59,-4.06,0.30,302.52,3.52,4.82,0.58,518.2,231425
2026-02-26 12:55:00,2.36,-4.14,0.76,299.64,9.03,4.82,0.72,513.1,200214
2026-02-26 12:56:00,1.99,-4.35,1.11,294.57,13.11,4.91,0.29,522.8,196005
2026-02-26 12:57:00,2.46,-4.02,0.98,301.44,11.70,4.81,0.73,527.7,174898
2026-02-26 12:58:00,2.74,-3.74,-0.04,306.16,-0.46,4.64,0.69,518.0,194613
2026-02-26 12:59:00,1.93,-4.15,2.25,294.91,26.16,5.10,0.31,538.5,187141
2026-02-26 13:00:00,2.09,-4.12,2.04,296.87,23.84,5.04,0.21,545.4,183526
2026-02-26 13:01:00,3.20,-3.48,1.25,312.55,14.86,4.89,0.36,516.0,309282
2026-02-26 13:02:00,3.40,-3.31,1.22,315.77,14.39,4.89,0.26,488.1,147120
2026-02-26 13:03:00,3.24,-3.30,1.29,314.40,15.55,4.80,0.24,503.2,169448
2026-02-26 13:04:00,3.17,-3.33,1.36,313.65,16.53,4.79,0.24,507.9,190343
2026-02-26 13:05:00,3.50,-2.96,1.27,319.81,15.51,4.76,0.16,466.4,26307
2026-02-26 13:07:00,2.81,-3.46,2.07,309.11,24.87,4.92,0.14,513.4,194991
2026-02-26 13:08:00,2.89,-3.40,1.91,310.35,23.22,4.85,0.18,515.6,210941
2026-02-26 13:09:00,3.02,-3.37,1.74,311.85,21.07,4.85,0.41,526.3,293525
2026-02-26 13:10:00,3.91,-2.09,1.12,331.83,14.15,4.57,0.42,520.6,316101
2026-02-26 13:11:00,3.70,-2.42,1.16,326.83,14.73,4.57,0.81,503.3,231026
2026-02-26 13:12:00,3.29,-2.79,1.55,319.64,19.77,4.58,0.64,509.7,257743
2026-02-26 13:13:00,2.75,-3.21,2.05,310.51,25.82,4.69,0.28,532.1,333376
2026-02-26 13:14:00,2.35,-3.54,2.33,303.56,28.76,4.84,0.12,474.9,78123
2026-02-26 13:15:00,1.91,-3.91,2.33,296.09,28.13,4.93,0.16,521.5,216420
2026-02-26 13:16:00,1.92,-4.10,1.97,295.14,23.52,4.94,0.24,531.1,274971
2026-02-26 13:17:00,1.26,-4.11,2.55,287.03,30.67,5.00,0.14,530.5,237922
2026-02-26 13:18:00,1.55,-3.98,2.55,291.27,30.80,4.97,0.11,535.8,232098
2026-02-26 13:19:00,1.13,-4.65,1.12,283.70,13.21,4.91,0.35,541.6,177929
2026-02-26 13:20:00,1.62,-4.22,2.12,290.97,25.10,4.99,0.41,548.5,162153
2026-02-26 13:21:00,1.45,-4.39,2.00,288.33,23.35,5.04,0.23,546.3,247923
2026-02-26 13:22:00,2.20,-4.24,0.93,297.45,10.97,4.87,0.35,529.4,247060
2026-02-26 13:23:00,2.32,-4.13,0.80,299.37,9.57,4.81,0.61,516.8,173385
2026-02-26 13:24:00,2.58,-3.99,0.32,302.83,3.90,4.76,0.68,513.0,196014
2026-02-26 13:25:00,2.17,-3.91,-0.49,299.09,-6.22,4.50,0.89,513.7,171139
2026-02-26 13:26:00,2.94,-3.42,-0.32,310.74,-4.08,4.52,1.14,515.1,154047
2026-02-26 13:27:00,3.10,-3.38,0.11,312.49,1.35,4.58,0.98,514.2,180258
2026-02-26 13:28:00,2.17,-4.08,0.65,297.97,8.02,4.66,0.94,504.9,196460
2026-02-26 13:29:00,1.77,-4.31,0.70,292.33,8.59,4.71,0.75,519.5,190116
2026-02-26 16:00:00,-1.23,-4.11,2.62,253.39,31.40,5.03,0.30,543.6,153878
2026-02-26 16:01:00,0.64,-4.54,1.34,278.03,16.32,4.78,0.29,534.3,135685
2026-02-26 16:02:00,1.21,-4.47,0.78,285.19,9.55,4.69,0.51,528.9,116970
2026-02-26 16:03:00,0.95,-4.39,1.10,282.20,13.77,4.62,0.91,552.0,156879
2026-02-26 16:04:00,0.75,-4.44,-0.21,279.60,-2.72,4.51,0.42,543.7,183846
2026-02-26 16:05:00,1.64,-4.00,-1.10,292.30,-14.34,4.46,1.19,527.6,161265
2026-02-26 16:06:00,1.33,-3.32,-2.19,291.81,-31.51,4.19,0.86,529.0,255950
2026-02-26 16:07:00,1.38,-3.72,-1.71,290.43,-23.32,4.32,0.89,506.8,129601
2026-02-26 16:08:00,1.63,-2.54,-2.57,302.70,-40.41,3.96,1.49,516.5,147197
2026-02-26 16:09:00,-0.03,-4.00,1.96,269.54,26.14,4.45,2.34,484.7,80737
2026-02-26 16:10:00,-0.19,-4.31,2.32,267.52,28.25,4.90,0.61,571.0,207720
2026-02-26 16:11:00,0.66,-4.56,1.31,278.29,15.86,4.79,0.22,557.1,153982
2026-02-26 16:12:00,0.56,-4.04,2.65,277.93,33.01,4.87,0.23,548.3,163222
2026-02-26 16:13:00,0.81,-4.27,1.99,280.70,24.56,4.78,0.28,558.1,221025
2026-02-26 16:14:00,0.83,-4.10,1.79,281.48,23.17,4.55,0.32,539.2,226244
2026-02-26 16:15:00,0.92,-4.35,1.11,282.01,14.00,4.58,0.27,526.1,180477
2026-02-26 16:16:00,0.50,-4.26,2.03,276.65,25.28,4.75,0.21,533.5,163526
2026-02-26 16:17:00,1.46,-2.48,-1.18,300.50,-22.32,3.11,0.53,540.1,222617
2026-02-26 16:18:00,1.84,-0.11,-4.19,356.66,-66.30,4.58,1.17,535.3,240903
2026-02-26 16:19:00,1.40,0.24,-4.43,9.83,-72.16,4.65,1.61,512.0,123817
2026-02-26 16:20:00,1.97,-0.87,-3.88,336.24,-60.99,4.43,1.91,522.8,136605
2026-02-26 16:21:00,2.17,-2.29,-2.63,313.44,-39.91,4.11,1.63,501.6,95165
2026-02-26 16:22:00,1.93,-2.48,-2.58,307.99,-39.43,4.07,1.71,515.2,121814
2026-02-26 16:23:00,2.05,-2.09,-2.67,314.39,-42.40,3.97,1.14,506.7,149046
2026-02-26 16:24:00,1.41,-1.03,-3.65,323.94,-64.41,4.05,1.46,508.0,92209
2026-02-26 16:25:00,1.06,-1.56,1.75,304.24,42.88,2.57,1.47,508.0,90250
2026-02-26 16:26:00,0.44,-2.05,3.76,282.20,60.79,4.30,2.07,577.2,118194
2026-02-26 16:27:00,0.80,-1.36,3.40,300.34,65.09,3.75,0.56,523.8,110317
2026-02-26 16:28:00,0.03,-0.97,3.93,272.04,76.12,4.05,0.29,548.5,215572
2026-02-26 16:29:00,-0.11,-1.71,3.85,266.45,65.99,4.22,0.28,548.2,175817
2026-02-26 16:30:00,1.37,-1.56,0.73,311.26,19.32,2.20,0.18,532.5,155425
2026-02-26 16:31:00,1.34,-0.11,-3.83,355.45,-70.69,4.05,0.55,520.9,164132
2026-02-26 16:32:00,0.27,0.40,-4.05,55.90,-83.14,4.07,1.21,522.1,153016
2026-02-26 16:33:00,0.08,0.66,-3.67,82.76,-79.67,3.73,1.61,537.5,168614
2026-02-26 16:34:00,1.82,0.04,-2.48,1.25,-53.70,3.08,1.86,543.0,202323
2026-02-26 16:35:00,1.24,0.76,-3.23,31.51,-65.77,3.54,2.00,533.1,196473
2026-02-26 16:36:00,1.13,-0.51,-3.30,335.92,-69.37,3.52,1.53,516.3,97815
2026-02-26 16:37:00,0.82,-1.65,-2.46,296.52,-53.27,3.07,1.82,533.0,190227
2026-02-26 16:38:00,0.37,-3.82,-0.61,275.48,-9.07,3.89,1.73,536.8,227529
2026-02-26 16:39:00,-1.11,-4.40,0.66,255.86,8.33,4.59,0.21,548.9,218365
2026-02-26 16:40:00,-1.69,-3.69,-0.66,245.34,-9.25,4.11,0.25,559.0,268156
2026-02-26 16:41:00,-1.91,-3.66,-1.87,242.52,-24.33,4.53,0.89,533.4,146008
2026-02-26 16:42:00,-2.24,-4.12,-0.67,241.47,-8.13,4.74,1.41,560.0,153939
2026-02-26 16:43:00,-2.06,-4.03,-1.36,242.95,-16.70,4.72,0.88,539.0,173677
2026-02-26 16:44:00,-2.63,-4.08,0.03,237.26,0.32,4.85,0.96,562.6,196431
2026-02-26 16:45:00,-2.97,-4.29,-0.15,235.31,-1.63,5.22,0.85,561.7,151631
2026-02-26 16:46:00,-3.80,-3.94,0.69,226.02,7.22,5.51,0.71,557.1,161133
2026-02-26 16:47:00,-3.96,-3.86,1.22,224.27,12.43,5.67,0.50,545.9,184552
2026-02-26 16:48:00,-3.52,-3.16,2.34,221.89,26.33,5.28,0.32,533.8,185108
2026-02-26 16:49:00,-3.70,-2.79,2.68,216.95,30.08,5.36,0.29,534.0,215616
2026-02-26 16:50:00,-3.18,-3.91,2.38,230.86,25.32,5.58,0.18,525.7,224814
2026-02-26 16:51:00,-3.28,-4.18,2.51,231.92,25.28,5.87,0.15,520.5,168575
2026-02-26 16:52:00,-3.19,-4.24,2.58,232.98,25.92,5.90,0.20,536.1,183047
2026-02-26 16:53:00,-3.25,-4.57,2.16,234.52,21.04,6.01,0.22,540.2,176180
2026-02-26 16:54:00,-3.30,-4.61,1.86,234.42,18.21,5.97,0.17,525.4,176035
2026-02-26 16:55:00,-3.54,-4.60,1.23,232.42,12.01,5.93,0.15,499.4,54309
2026-02-26 16:56:00,-3.75,-4.39,-0.21,229.44,-2.08,5.78,0.22,542.1,213896
2026-02-26 16:57:00,-3.35,-4.44,0.05,232.98,0.47,5.56,0.87,570.2,233797
2026-02-26 16:58:00,-2.96,-4.50,0.22,236.62,2.33,5.39,0.95,573.2,235397
2026-02-26 16:59:00,-2.81,-4.53,0.24,238.19,2.59,5.34,0.70,587.5,154740
2026-02-26 17:00:00,-3.29,-4.16,0.85,231.66,9.11,5.38,0.40,549.1,140366
2026-02-26 17:01:00,-3.12,-4.45,1.20,234.98,12.40,5.56,0.26,528.0,123761
2026-02-26 17:02:00,-3.55,-4.44,1.47,231.35,14.49,5.87,0.21,525.8,152907
2026-02-26 17:03:00,-3.21,-4.52,1.12,234.67,11.44,5.66,0.20,535.2,233549
2026-02-26 17:04:00,-3.14,-4.58,1.20,235.54,12.23,5.68,0.26,538.5,215354
2026-02-26 17:05:00,-3.40,-3.97,1.13,229.40,12.15,5.35,0.25,525.9,107710
2026-02-26 17:06:00,-3.63,-4.30,0.98,229.85,9.85,5.72,0.22,530.4,143830
2026-02-26 17:07:00,-3.84,-4.05,0.97,226.48,9.91,5.67,0.29,554.1,252673
2026-02-26 17:08:00,-2.28,-4.58,0.50,243.49,5.58,5.14,0.25,528.5,152168
2026-02-26 17:09:00,-1.97,-4.53,-0.66,246.53,-7.61,4.98,0.27,527.7,143555
2026-02-26 17:10:00,-2.81,-4.09,-0.67,235.49,-7.73,5.01,0.72,527.3,126536
2026-02-26 17:11:00,-2.55,-3.43,0.11,233.44,1.52,4.28,0.65,568.0,213745
2026-02-26 17:12:00,2.18,-1.84,3.12,319.96,47.52,4.22,0.23,545.9,151213
2026-02-26 17:13:00,2.91,-2.25,1.67,322.19,24.37,4.04,0.26,537.8,236091
2026-02-26 17:14:00,3.17,-2.20,1.78,325.16,24.75,4.25,0.28,498.3,152649
2026-02-26 17:15:00,3.20,-0.88,2.65,344.64,38.53,4.25,0.61,509.8,172710
2026-02-26 17:16:00,3.88,0.80,0.73,11.68,10.39,4.03,0.71,508.8,188518
2026-02-26 17:17:00,4.08,-0.49,0.31,353.15,4.37,4.12,0.98,498.3,141032
2026-02-26 17:18:00,4.19,-0.10,0.02,358.65,0.33,4.19,0.81,479.7,60252
2026-02-26 17:19:00,4.01,0.46,-0.23,6.57,-3.24,4.05,0.90,482.9,73617
2026-02-26 17:20:00,3.90,0.57,-0.84,8.34,-12.09,4.03,1.24,498.7,168645
2026-02-26 17:21:00,4.04,-0.18,-1.24,357.45,-17.04,4.23,1.19,495.2,174344
2026-02-26 17:22:00,4.13,-0.30,-0.77,355.80,-10.56,4.21,1.20,490.3,98100
2026-02-26 17:23:00,3.92,0.03,-1.29,0.44,-18.29,4.13,1.42,499.3,118074
2026-02-26 17:24:00,3.55,-0.73,-1.96,348.39,-28.44,4.13,1.14,489.9,117195
2026-02-26 17:25:00,2.92,-1.61,-2.50,331.21,-36.88,4.17,1.21,485.1,100042
2026-02-26 17:26:00,2.95,-1.40,-2.71,334.64,-39.73,4.24,1.45,515.0,156777
2026-02-26 17:27:00,2.36,-1.64,-2.91,325.15,-45.43,4.09,1.57,500.9,108519
2026-02-26 17:28:00,2.16,-1.92,-3.19,318.37,-47.84,4.31,1.63,506.3,128270
2026-02-26 17:29:00,2.03,0.65,-3.51,17.79,-58.80,4.11,1.09,482.1,79154
2026-02-26 17:30:00,2.22,0.07,-3.36,1.87,-56.55,4.03,1.71,516.0,138385
2026-02-26 17:31:00,1.94,-0.73,-3.60,339.28,-60.08,4.15,1.85,523.3,151338
2026-02-26 17:33:00,1.03,-3.56,1.22,286.05,18.16,3.90,1.55,520.1,102415
2026-02-26 17:34:00,-0.93,-4.20,-1.06,257.54,-13.82,4.43,1.23,514.0,105112
2026-02-26 17:35:00,-2.45,-4.26,0.03,240.08,0.31,4.92,0.99,540.9,132354
2026-02-26 17:36:00,-2.62,-3.73,1.37,234.93,16.72,4.76,0.85,568.0,164146
2026-02-26 17:37:00,0.30,-3.95,0.78,274.27,11.08,4.04,0.55,559.5,188223
2026-02-26 17:38:00,2.47,-2.93,-0.74,310.07,-10.87,3.90,0.45,535.2,179100
2026-02-26 17:39:00,3.01,-1.97,-1.47,326.74,-22.24,3.88,0.80,490.4,95163
2026-02-26 17:40:00,3.19,-0.33,-2.01,354.17,-32.09,3.78,1.57,499.9,115777
2026-02-26 17:41:00,2.96,-1.76,-2.04,329.28,-30.65,4.00,2.07,515.8,216280
2026-02-26 17:42:00,3.04,-1.12,-2.37,339.78,-36.17,4.01,1.54,499.7,126425
2026-02-26 17:43:00,3.13,-0.42,-2.28,352.40,-35.89,3.89,1.62,502.8,132909
2026-02-26 17:44:00,2.85,0.19,-2.81,3.72,-44.55,4.01,1.53,497.0,99123
2026-02-26 17:45:00,3.11,0.00,-2.76,359.99,-41.55,4.16,1.77,516.5,157503
2026-02-26 17:46:00,3.21,-0.04,-2.69,359.31,-40.02,4.19,1.66,507.7,126217
2026-02-26 17:47:00,3.14,-0.51,-2.78,350.81,-41.22,4.23,1.55,499.2,94799
2026-02-26 17:48:00,3.31,-0.34,-2.66,354.14,-38.61,4.26,1.62,500.7,91047
2026-02-26 17:49:00,3.33,-0.34,-2.74,354.23,-39.32,4.33,1.48,495.0,80554
2026-02-26 17:50:00,3.16,-0.22,-2.96,356.01,-43.01,4.34,1.53,498.1,92888
2026-02-26 17:51:00,3.27,-0.30,-2.79,354.82,-40.33,4.31,1.56,486.2,79806
2026-02-26 17:52:00,3.04,0.00,-3.05,0.06,-45.12,4.31,1.58,495.2,96997
2026-02-26 17:53:00,3.00,0.14,-3.15,2.71,-46.38,4.35,1.82,529.4,166356
2026-02-26 17:54:00,2.81,0.51,-3.40,10.31,-50.05,4.44,2.00,525.9,173170
2026-02-26 17:55:00,2.63,0.62,-3.41,13.31,-51.59,4.35,1.92,512.4,130563
2026-02-26 17:56:00,2.71,0.78,-3.26,16.03,-49.20,4.31,1.43,495.0,82082
2026-02-26 17:57:00,2.78,0.98,-3.00,19.50,-45.50,4.20,1.74,505.2,109798
2026-02-26 17:58:00,2.57,1.68,-3.13,33.18,-45.56,4.39,2.23,514.9,139822
2026-02-26 17:59:00,2.32,1.22,-3.36,27.60,-52.00,4.26,1.10,480.9,51819
2026-02-26 18:00:00,2.37,1.03,-3.61,23.47,-54.35,4.44,1.83,506.2,114373
2026-02-26 18:01:00,2.51,0.44,-3.46,9.95,-53.64,4.30,1.98,517.9,123744
2026-02-26 18:02:00,2.18,-1.04,-3.82,334.48,-57.68,4.52,2.17,522.2,124038
2026-02-26 18:03:00,2.06,-0.50,-3.98,346.49,-61.91,4.51,1.38,495.2,66600
2026-02-26 18:04:00,2.06,-0.28,-4.02,352.20,-62.67,4.53,1.13,486.8,49150
2026-02-26 18:05:00,2.14,-0.38,-4.00,349.94,-61.49,4.55,2.57,525.3,158074
2026-02-26 18:06:00,2.39,-0.30,-3.80,352.77,-57.68,4.50,1.43,499.5,95127
2026-02-26 18:07:00,2.32,-0.48,-3.94,348.26,-58.96,4.60,1.27,499.0,86186
2026-02-26 18:08:00,2.26,-0.70,-3.86,342.84,-58.46,4.53,1.75,513.7,107156
2026-02-26 18:09:00,2.41,-0.30,-3.81,352.81,-57.54,4.52,1.68,509.3,94124
2026-02-26 18:10:00,1.94,-0.85,-4.01,336.28,-62.16,4.54,1.75,499.2,90279
2026-02-26 18:11:00,2.07,-0.45,-3.88,347.81,-61.42,4.42,1.22,484.3,67321
2026-02-26 18:12:00,2.24,0.34,-3.57,8.51,-57.59,4.23,1.94,532.6,157721
2026-02-26 18:13:00,2.55,1.01,-3.39,21.57,-51.09,4.36,1.96,516.8,117023
2026-02-26 18:14:00,2.49,0.73,-3.44,16.32,-52.93,4.31,1.31,486.1,54545
2026-02-26 18:15:00,2.82,-0.02,-3.32,359.54,-49.63,4.36,2.08,522.2,152379
2026-02-26 18:16:00,2.47,-0.59,-3.50,346.53,-54.06,4.33,2.15,513.4,123001
2026-02-26 18:17:00,2.08,-0.47,-3.85,347.41,-61.01,4.40,1.61,512.7,96603
2026-02-26 18:18:00,2.13,-0.45,-3.78,348.07,-60.03,4.37,1.09,478.2,46260
2026-02-26 18:19:00,2.19,0.17,-3.64,4.41,-58.91,4.25,1.75,517.4,169959
2026-02-26 18:20:00,1.75,0.31,-3.58,10.16,-63.55,4.00,1.79,521.4,132652
2026-02-26 18:21:00,1.68,-1.55,-2.16,317.38,-43.43,3.15,4.40,526.6,84448
2026-02-26 18:22:00,0.77,-4.00,0.22,280.89,3.13,4.08,3.05,527.2,129949
2026-02-26 18:23:00,-0.26,-4.07,-0.85,266.34,-11.79,4.17,0.64,509.1,117957
2026-02-26 18:24:00,0.91,-2.93,-1.90,287.34,-31.81,3.61,0.87,514.0,150726
2026-02-26 18:25:00,0.80,-0.76,-4.31,316.56,-75.68,4.45,1.31,516.9,189384
2026-02-26 18:26:00,0.87,-3.59,-2.50,283.63,-34.04,4.46,1.39,494.7,80448
2026-02-26 18:27:00,0.14,-4.01,-2.49,271.95,-31.85,4.72,1.82,531.6,132106
2026-02-26 18:28:00,0.82,-3.71,-2.66,282.49,-34.94,4.64,1.30,525.7,154689
2026-02-26 18:29:00,1.25,-3.52,-2.60,289.50,-34.89,4.55,1.41,524.8,147672
2026-02-26 18:30:00,0.84,-3.58,-2.68,283.14,-36.09,4.55,2.05,533.6,206605
2026-02-26 18:31:00,0.91,-3.32,-2.92,285.40,-40.30,4.51,0.89,506.1,85942
2026-02-26 18:32:00,-0.27,-4.73,-1.44,266.75,-16.89,4.95,1.08,523.0,153304
2026-02-26 18:33:00,-0.57,-4.73,-1.05,263.08,-12.46,4.88,0.88,494.4,78845
2026-02-26 18:34:00,-0.60,-4.57,-1.56,262.48,-18.67,4.87,0.64,540.7,254976
2026-02-26 18:35:00,-0.38,-4.70,-1.24,265.38,-14.78,4.88,0.83,545.9,195565
2026-02-26 18:36:00,-0.47,-4.82,-0.76,264.42,-8.89,4.90,0.80,537.1,140585
2026-02-26 18:37:00,-0.57,-5.01,-0.40,263.52,-4.51,5.06,0.76,533.9,129589
2026-02-26 18:38:00,-0.33,-4.79,0.76,266.09,9.04,4.86,1.02,538.9,223518
2026-02-26 18:39:00,-0.86,-4.16,2.69,258.39,32.30,5.03,0.56,522.4,139563
2026-02-26 18:40:00,-1.23,-4.48,2.22,254.62,25.55,5.15,0.10,524.4,115036
2026-02-26 18:41:00,-0.67,-4.47,1.70,261.48,20.63,4.83,0.19,539.8,166855
2026-02-26 18:42:00,-1.16,-4.74,1.42,256.24,16.27,5.08,0.30,529.0,119566
2026-02-26 18:43:00,-1.19,-4.71,1.63,255.80,18.53,5.12,0.21,540.1,116333
2026-02-26 18:44:00,-0.72,-4.66,1.12,261.19,13.32,4.85,0.17,543.5,131957
2026-02-26 18:45:00,0.77,-4.38,-0.71,280.01,-9.03,4.51,0.30,544.5,161029
2026-02-26 18:46:00,1.51,-3.86,-0.88,291.41,-11.93,4.24,0.97,517.1,126737
2026-02-26 18:47:00,-0.64,-2.60,0.53,256.28,11.14,2.73,0.91,510.4,161062
2026-02-26 18:48:00,-4.02,1.94,2.84,154.18,32.46,5.29,1.57,572.4,140904
2026-02-26 18:49:00,-4.23,-0.96,2.79,192.81,32.77,5.16,0.20,484.8,36991
2026-02-26 18:50:00,-3.67,-2.81,2.54,217.48,28.83,5.27,1.13,571.4,191640
2026-02-26 18:51:00,-4.81,-1.98,1.81,202.34,19.16,5.50,1.05,576.9,244374
2026-02-26 18:52:00,-4.39,-2.74,1.67,211.94,17.86,5.44,0.86,540.8,144799
2026-02-26 18:53:00,-3.91,-3.20,1.43,219.29,15.75,5.25,0.55,541.8,139622
2026-02-26 18:54:00,-2.17,-4.09,1.92,242.05,22.54,5.01,0.22,516.2,91814
2026-02-26 18:55:00,-3.11,-4.12,0.93,232.94,10.23,5.25,0.21,506.5,80328
2026-02-26 18:56:00,-2.77,-4.39,0.43,237.69,4.79,5.21,0.65,539.4,180438
2026-02-26 18:57:00,-3.30,-3.98,0.14,230.36,1.59,5.17,0.89,557.8,228600
2026-02-26 18:58:00,-3.23,-3.88,1.00,230.25,11.24,5.15,0.59,547.8,164112
2026-02-26 18:59:00,-3.44,-3.90,0.60,228.61,6.56,5.23,0.56,536.7,123144
2026-02-26 19:00:00,-3.51,-3.84,0.56,227.55,6.18,5.24,0.40,521.9,112034
2026-02-26 19:01:00,-3.34,-3.89,0.34,229.39,3.75,5.14,0.11,478.8,55484
2026-02-26 19:02:00,-3.86,-3.37,0.55,221.10,6.12,5.16,0.81,580.1,276578
2026-02-26 19:03:00,-3.08,-4.03,0.30,232.63,3.38,5.08,0.61,550.2,223559
2026-02-26 19:04:00,-3.49,-3.44,1.05,224.52,12.11,5.01,0.68,546.2,133967
2026-02-26 19:05:00,-3.34,-2.91,2.54,221.05,29.87,5.10,0.95,570.0,227334
2026-02-26 19:06:00,-3.78,-2.70,2.02,215.56,23.53,5.07,0.31,523.5,177308
2026-02-26 19:07:00,-3.47,-2.67,1.85,217.60,22.96,4.75,0.15,494.1,86258
2026-02-26 19:08:00,-2.32,-3.54,1.62,236.75,20.95,4.54,0.17,524.7,271040
2026-02-26 19:09:00,-3.32,-2.99,0.61,222.00,7.73,4.51,0.58,544.9,261307
2026-02-26 19:10:00,-2.69,-3.57,0.84,232.99,10.64,4.55,0.82,547.4,203866
2026-02-26 19:11:00,0.04,-3.52,3.10,270.61,41.29,4.69,0.95,591.2,151983
2026-02-26 19:12:00,-1.42,-4.24,1.89,251.50,22.98,4.85,0.70,563.8,134201
2026-02-26 19:13:00,-1.66,-4.31,1.65,248.93,19.66,4.90,0.38,535.5,122121
2026-02-26 19:14:00,-2.00,-4.42,0.75,245.68,8.81,4.90,0.63,543.8,143468
2026-02-26 19:15:00,-1.67,-4.42,0.73,249.31,8.77,4.78,1.06,540.9,186337
2026-02-26 19:16:00,-0.88,-4.64,-0.08,259.26,-0.99,4.73,0.72,562.0,286302
2026-02-26 19:17:00,-0.48,-4.67,0.22,264.16,2.73,4.70,0.91,540.9,154244
2026-02-26 19:18:00,-0.23,-4.50,0.38,267.05,4.76,4.52,0.49,519.5,101393
2026-02-26 19:19:00,-0.11,-4.42,0.61,268.63,7.83,4.46,0.43,529.7,151837
2026-02-26 19:20:00,-1.11,-4.38,-0.59,255.79,-7.45,4.55,0.76,532.3,124717
2026-02-26 19:21:00,-2.45,-4.14,-1.31,239.43,-15.21,4.98,0.74,516.9,99605
2026-02-26 19:22:00,-1.62,-4.32,-1.71,249.46,-20.34,4.92,0.85,559.4,170526
2026-02-26 19:23:00,-1.02,-4.17,-1.99,256.22,-24.89,4.73,1.11,552.3,193239
2026-02-26 19:24:00,-0.38,-4.14,-2.03,264.80,-25.96,4.63,1.07,538.3,142260
2026-02-26 19:25:00,-0.39,-4.15,-1.79,264.61,-23.27,4.54,0.95,523.4,100912
2026-02-26 19:26:00,-1.09,-3.38,-3.09,252.15,-41.00,4.71,0.83,517.3,92412
2026-02-26 19:27:00,-0.05,-3.19,-3.14,269.19,-44.57,4.47,1.36,529.6,146588
2026-02-26 19:28:00,-0.06,-2.91,-3.40,268.74,-49.46,4.48,1.79,533.8,174174
2026-02-26 19:29:00,-0.04,-1.79,-3.94,268.81,-65.55,4.32,1.55,513.3,126098
2026-02-26 19:30:00,-0.43,-1.98,-3.34,257.72,-58.74,3.91,1.65,511.9,122275
2026-02-26 19:31:00,2.66,-2.76,-0.76,313.97,-11.17,3.91,2.13,544.3,186671
2026-02-26 19:32:00,2.39,-2.53,-1.59,313.39,-24.56,3.83,1.98,519.6,204687
2026-02-26 19:33:00,0.57,-1.60,-3.82,289.64,-66.04,4.18,0.80,480.3,112640
2026-02-26 19:34:00,2.08,-1.76,-2.64,319.84,-44.13,3.79,1.86,469.6,86574
2026-02-26 19:35:00,2.91,-1.30,-1.93,335.94,-31.22,3.72,1.60,535.6,187531
2026-02-26 19:36:00,2.28,-1.76,-2.50,322.34,-40.94,3.82,1.99,512.3,241646
2026-02-26 19:37:00,2.06,-1.99,-2.66,315.97,-42.83,3.91,1.47,501.7,169083
2026-02-26 19:38:00,2.09,-1.93,-2.63,317.33,-42.75,3.88,1.51,502.7,158837
2026-02-26 19:39:00,2.54,-1.70,-1.83,326.11,-30.89,3.56,1.41,493.0,123910
2026-02-26 19:40:00,2.17,-2.79,1.71,307.84,25.81,3.92,0.64,478.8,123181
2026-02-26 19:41:00,2.42,-2.66,-0.77,312.25,-12.10,3.68,0.96,471.8,99625
2026-02-26 19:42:00,2.82,-1.39,-1.90,333.88,-31.13,3.68,0.75,459.6,43289
2026-02-26 19:43:00,3.19,-0.46,-1.53,351.78,-25.35,3.57,0.30,451.2,12494
2026-02-26 19:46:00,3.10,0.31,1.88,5.68,31.11,3.64,1.13,485.9,153312
2026-02-26 19:47:00,2.60,-2.09,1.37,321.15,22.24,3.61,1.68,500.1,146087
2026-02-26 19:48:00,2.46,-2.10,0.85,319.50,14.81,3.34,0.76,495.7,141405
2026-02-26 19:49:00,-0.17,-3.24,3.14,266.94,44.06,4.51,0.80,510.8,203806
2026-02-26 19:50:00,0.66,-3.34,2.56,281.25,36.97,4.26,0.18,540.5,164458
2026-02-26 19:51:00,2.02,-2.83,2.21,305.49,32.43,4.13,0.17,525.7,322803
2026-02-26 19:52:00,1.28,-3.53,1.96,290.00,27.55,4.23,0.06,460.3,42310
2026-02-26 19:53:00,1.57,-3.37,1.71,295.07,24.73,4.09,0.09,498.5,242822
2026-02-26 19:54:00,1.23,-3.70,1.55,288.42,21.70,4.20,0.33,558.2,218194
2026-02-26 19:55:00,0.75,-3.81,1.81,281.10,24.98,4.29,0.22,539.7,200835
2026-02-26 19:56:00,0.11,-4.06,1.37,271.53,18.72,4.28,0.20,534.7,176099
2026-02-26 19:57:00,0.33,-4.06,0.97,274.64,13.33,4.19,0.20,540.0,181634
2026-02-26 19:58:00,-1.01,-2.66,-2.44,249.31,-40.66,3.75,0.77,522.6,153456
2026-02-26 19:59:00,-1.33,-1.51,-1.19,228.53,-30.51,2.34,1.48,532.5,134504
2026-02-26 20:00:00,0.17,-3.73,2.75,272.59,36.34,4.64,1.04,544.3,135622
2026-02-26 20:01:00,-0.43,-4.05,2.19,263.96,28.33,4.63,0.12,533.6,146415
2026-02-26 20:02:00,-1.17,-4.49,1.30,255.39,15.63,4.82,0.14,532.2,158619
2026-02-26 20:03:00,-1.85,-4.29,0.87,246.67,10.55,4.75,0.20,512.1,130608
2026-02-26 20:04:00,-0.86,-3.96,1.29,257.82,17.69,4.25,0.29,544.7,229151
2026-02-26 20:05:00,-0.23,-4.17,1.26,266.80,16.76,4.36,0.23,553.7,221017
2026-02-26 20:06:00,-0.76,-4.20,1.16,259.72,15.24,4.42,0.09,513.9,160274
2026-02-26 20:07:00,-0.63,-3.85,2.56,260.63,33.27,4.66,0.30,550.8,155478
2026-02-26 20:08:00,-1.25,-4.08,2.08,252.89,26.05,4.75,0.14,529.4,166289
2026-02-26 20:09:00,-0.75,-3.83,2.44,258.91,32.02,4.60,0.14,538.8,221235
2026-02-26 20:10:00,-1.01,-4.24,1.72,256.55,21.50,4.68,0.13,534.8,187432
2026-02-26 20:11:00,0.22,-4.12,0.78,273.02,10.72,4.20,0.17,524.1,157406
2026-02-26 20:12:00,2.51,-1.93,-0.91,322.54,-16.02,3.30,0.40,513.8,180546
2026-02-26 20:13:00,3.19,-1.16,-1.34,339.94,-21.55,3.65,1.01,500.0,152913
2026-02-26 20:14:00,3.57,-0.83,-0.97,346.89,-14.85,3.79,1.20,486.3,122088
2026-02-26 20:15:00,3.55,0.03,-1.28,0.48,-19.89,3.77,1.10,479.7,126381
2026-02-26 20:16:00,3.60,-0.34,-1.08,354.58,-16.66,3.77,1.09,478.8,136349
2026-02-26 20:17:00,3.03,-0.31,-2.04,354.19,-33.83,3.66,2.18,504.3,202295
2026-02-26 20:18:00,2.29,-0.72,-2.95,342.50,-50.81,3.80,2.05,502.9,191797
2026-02-26 20:19:00,1.51,-0.81,-2.79,331.93,-58.45,3.27,1.59,494.6,147462
2026-02-26 20:20:00,1.62,-1.76,-3.24,312.64,-53.62,4.03,1.24,485.7,99096
2026-02-26 20:21:00,1.32,-1.68,-3.35,308.01,-57.49,3.97,1.91,527.4,180390
2026-02-26 20:22:00,1.32,-2.50,-2.98,297.84,-46.53,4.10,1.85,510.3,152189
2026-02-26 20:23:00,1.16,-2.64,-2.97,293.61,-45.86,4.14,1.12,474.9,63417
2026-02-26 20:24:00,0.89,-2.14,-3.46,292.56,-56.18,4.16,1.62,529.0,185335
2026-02-26 20:25:00,0.50,-1.96,-3.78,284.25,-61.87,4.29,1.75,523.6,161437
2026-02-26 20:26:00,0.84,-2.38,-2.48,289.44,-44.49,3.54,1.60,516.8,124110
2026-02-26 20:27:00,1.62,-3.25,1.75,296.48,25.70,4.03,1.98,531.0,94496
2026-02-26 20:28:00,1.23,-3.64,1.52,288.74,21.56,4.13,0.68,484.2,45773
2026-02-26 20:29:00,0.56,-4.27,0.40,277.41,5.30,4.32,0.11,501.9,131467
2026-02-26 20:30:00,0.97,-3.80,-1.57,284.29,-21.78,4.23,0.88,517.9,155606
2026-02-26 20:31:00,0.72,-3.81,-1.29,280.67,-18.48,4.08,1.05,517.6,203466
2026-02-26 20:32:00,0.49,-2.04,-3.63,283.36,-59.92,4.19,1.16,519.5,206265
2026-02-26 20:33:00,0.32,-3.86,-2.30,274.81,-30.67,4.50,1.84,522.1,119022
2026-02-26 20:34:00,0.32,-3.13,-3.06,275.87,-44.22,4.39,1.54,524.9,124142
2026-02-26 20:35:00,1.13,-3.02,-2.76,290.44,-40.56,4.24,0.95,508.2,117232
2026-02-26 20:36:00,1.71,-2.94,-2.52,300.21,-36.59,4.23,1.43,518.2,148440
2026-02-26 20:37:00,2.31,-2.58,-2.10,311.76,-31.24,4.05,1.15,499.2,117300
2026-02-26 20:38:00,2.66,-1.81,-2.34,325.80,-36.06,3.98,1.18,495.1,129268
2026-02-26 20:39:00,2.76,-1.90,-2.09,325.39,-31.92,3.95,1.75,502.3,157877
2026-02-26 20:40:00,2.21,-2.29,-2.51,313.95,-38.25,4.05,1.27,491.5,112565
2026-02-26 20:41:00,1.92,-2.33,-2.76,309.51,-42.38,4.09,1.19,493.4,109395
2026-02-26 20:42:00,2.39,-1.56,-2.85,326.75,-44.97,4.03,1.13,483.0,84350
2026-02-26 20:43:00,2.26,-1.67,-2.95,323.62,-46.43,4.08,1.67,506.2,179442
2026-02-26 20:44:00,2.30,-2.03,-2.65,318.51,-40.81,4.05,1.61,500.5,138209
2026-02-26 20:45:00,2.30,-1.08,-3.02,334.71,-49.99,3.95,1.51,491.6,101204
2026-02-26 20:46:00,2.60,-1.81,-2.39,325.21,-37.00,3.97,1.77,500.6,126464
2026-02-26 20:47:00,2.97,-0.79,-2.41,345.13,-38.13,3.90,1.66,496.1,117519
2026-02-26 20:48:00,2.85,0.24,-2.68,4.79,-43.11,3.91,1.47,484.3,95567
2026-02-26 20:49:00,2.41,0.97,-2.70,21.99,-46.05,3.75,1.63,485.6,107454
2026-02-26 20:50:00,2.64,-1.61,-1.68,328.61,-28.52,3.52,2.24,512.8,183647
2026-02-26 20:51:00,3.08,-0.89,-1.69,343.98,-27.80,3.63,1.87,503.2,163165
2026-02-26 20:52:00,3.05,0.09,-2.17,1.70,-35.40,3.74,0.92,477.5,111678
2026-02-26 20:53:00,3.19,0.18,-2.18,3.19,-34.25,3.87,2.05,502.3,181240
2026-02-26 20:54:00,3.22,0.03,-2.05,0.58,-32.39,3.82,0.66,471.8,95333
2026-02-26 20:55:00,2.92,-2.12,-1.25,324.03,-19.13,3.81,0.90,475.7,81696
2026-02-26 20:56:00,1.42,-3.72,0.43,290.93,6.21,4.00,1.40,498.8,141155
2026-02-26 20:57:00,1.08,-4.07,0.94,284.81,12.54,4.31,0.97,480.2,86637
2026-02-26 20:58:00,-0.32,-4.23,1.31,265.62,17.17,4.44,0.39,545.6,142854
2026-02-26 20:59:00,-2.00,-4.26,1.24,244.88,14.74,4.87,0.30,541.6,198500
2026-02-26 21:00:00,-3.00,-3.74,1.68,231.25,19.28,5.08,0.31,532.0,171029
2026-02-26 21:01:00,-1.50,-3.78,2.37,248.37,30.23,4.70,0.29,530.3,127877
2026-02-26 21:02:00,0.20,-3.46,2.88,273.27,39.68,4.51,0.27,539.8,117672
2026-02-26 21:03:00,-0.95,-3.77,2.69,255.87,34.75,4.73,0.20,526.9,121423
2026-02-26 21:04:00,-2.21,-3.79,2.08,239.76,25.41,4.85,0.21,518.5,110425
2026-02-26 21:05:00,-3.24,-3.16,1.67,224.26,20.29,4.83,0.32,534.0,111392
2026-02-26 21:06:00,-3.79,-2.37,2.09,212.03,25.03,4.93,0.29,528.5,158876
2026-02-26 21:07:00,-3.48,-2.96,1.59,220.36,19.23,4.84,0.15,513.7,194229
2026-02-26 21:08:00,-2.78,-2.99,2.47,227.05,31.13,4.77,0.18,514.7,147175
2026-02-26 21:09:00,-2.97,-3.21,2.39,227.28,28.66,4.98,0.26,528.8,131160
2026-02-26 21:10:00,-2.71,-2.80,3.14,225.99,38.83,5.00,0.30,549.1,218450
2026-02-26 21:11:00,-3.18,-3.32,2.27,226.27,26.29,5.13,0.17,518.2,261041
2026-02-26 21:12:00,-3.41,-3.38,1.87,224.69,21.28,5.15,0.12,517.6,136908
2026-02-26 21:13:00,-3.30,-3.27,1.57,224.71,18.64,4.90,0.91,540.2,125205
2026-02-26 21:14:00,-3.50,-3.32,1.94,223.54,21.92,5.20,0.89,551.5,147942
2026-02-26 21:15:00,-3.11,-3.39,2.27,227.42,26.28,5.13,0.35,529.0,158237
2026-02-26 21:16:00,-3.01,-3.47,1.83,229.03,21.75,4.95,0.21,525.0,162672
2026-02-26 21:17:00,-1.64,-4.08,0.87,248.14,11.22,4.48,0.25,537.3,210168
2026-02-26 21:18:00,-1.07,-3.88,1.09,254.53,15.22,4.17,0.21,528.6,155675
2026-02-26 21:19:00,0.18,-4.18,0.53,272.53,7.27,4.22,0.20,520.9,98530
2026-02-26 21:20:00,-0.64,-4.40,0.78,261.69,9.98,4.51,0.26,525.8,105110
2026-02-26 21:21:00,0.09,-4.24,1.14,271.18,15.01,4.40,0.29,525.0,104601
2026-02-26 21:22:00,0.85,-4.03,-0.22,281.95,-3.01,4.13,0.29,520.7,100231
2026-02-26 21:23:00,0.32,-3.71,-0.83,274.87,-12.58,3.82,0.30,529.6,98054
2026-02-26 21:24:00,-0.06,-4.20,1.43,269.25,18.79,4.44,0.29,529.9,100608
2026-02-26 21:25:00,-0.47,-4.50,0.89,263.98,11.08,4.61,0.23,528.2,110777
2026-02-26 21:26:00,-0.79,-4.20,1.90,259.38,23.93,4.68,0.22,502.2,89171
2026-02-26 21:27:00,-0.99,-4.13,2.11,256.55,26.41,4.74,0.12,556.6,141406
2026-02-26 21:28:00,-0.81,-4.52,1.03,259.77,12.65,4.70,0.16,521.2,95132
2026-02-26 21:29:00,-1.09,-4.56,-0.22,256.54,-2.70,4.69,0.18,512.3,100890
2026-02-26 21:30:00,-1.04,-4.56,-0.27,257.22,-3.27,4.69,0.29,538.4,136148
2026-02-26 21:31:00,-0.57,-4.66,-0.05,263.06,-0.61,4.69,0.28,536.0,116447
2026-02-26 21:32:00,-0.32,-4.60,0.36,265.96,4.48,4.62,0.29,522.7,132939
2026-02-26 21:33:00,0.02,-4.52,0.86,270.28,10.75,4.60,0.25,522.5,104724
2026-02-26 21:34:00,-0.05,-4.48,0.76,269.42,9.66,4.55,0.19,524.7,102958
2026-02-26 21:35:00,-0.98,-4.34,-1.19,257.31,-14.92,4.61,0.57,531.0,140648
2026-02-26 21:36:00,-2.14,-4.06,-0.88,242.21,-10.86,4.67,0.70,539.0,175921
2026-02-26 21:37:00,-1.98,-3.78,-2.04,242.38,-25.50,4.73,0.56,547.5,212542
2026-02-26 21:38:00,-2.80,-2.89,-2.38,225.92,-30.59,4.68,0.93,551.1,201178
2026-02-26 21:39:00,-0.06,-3.34,-1.12,268.99,-18.44,3.52,1.10,544.5,111561
2026-02-26 21:40:00,0.79,-4.20,-0.51,280.60,-6.81,4.30,1.59,572.2,148315
2026-02-26 21:41:00,0.86,-4.11,0.10,281.81,1.43,4.20,0.68,517.6,106687
2026-02-26 21:42:00,1.04,-4.02,-0.27,284.46,-3.71,4.16,0.74,534.3,137801
2026-02-26 21:43:00,0.25,-4.08,-1.55,273.48,-20.82,4.37,1.16,515.3,144216
2026-02-26 21:44:00,0.75,-4.05,-0.92,280.43,-12.52,4.22,0.76,501.5,83251
2026-02-26 21:45:00,0.47,-4.20,-0.74,276.45,-9.93,4.29,0.62,508.5,169370
2026-02-26 21:46:00,1.40,-3.50,-1.42,291.74,-20.67,4.03,0.95,507.7,122721
2026-02-26 21:47:00,1.89,-2.71,-2.14,304.85,-32.94,3.94,0.91,516.8,139779
2026-02-26 21:48:00,-0.76,-4.00,-0.98,259.29,-13.47,4.19,0.81,509.3,216939
2026-02-26 21:49:00,-1.34,-4.49,-0.44,253.42,-5.37,4.70,0.62,525.6,165152
2026-02-26 21:50:00,-0.83,-4.46,0.70,259.41,8.81,4.59,0.34,536.6,142755
2026-02-26 21:51:00,-0.98,-4.49,0.49,257.75,6.12,4.62,0.59,524.6,140074
2026-02-26 21:52:00,-1.23,-4.25,-0.90,253.91,-11.51,4.52,0.68,521.7,122287
2026-02-26 21:53:00,-0.67,-4.20,-1.20,261.00,-15.72,4.42,0.30,529.3,151213
2026-02-26 21:54:00,-2.76,-3.86,-1.05,234.39,-12.49,4.86,0.56,526.2,162408
2026-02-26 21:55:00,-1.76,-4.15,-1.32,247.03,-16.29,4.69,1.04,532.2,91427
2026-02-26 21:56:00,-1.24,-4.61,0.10,254.92,1.16,4.77,0.29,526.3,99566
2026-02-26 21:57:00,-0.98,-4.55,-0.58,257.80,-7.07,4.69,0.31,523.3,95871
2026-02-26 21:58:00,-0.70,-4.43,-1.02,261.06,-12.83,4.60,0.53,497.2,65368
2026-02-26 22:00:00,-0.46,-4.40,1.07,264.01,13.56,4.55,0.21,527.9,123221
2026-02-26 22:01:00,-1.87,-4.14,-1.50,245.69,-18.31,4.78,0.81,534.6,94131
2026-02-26 22:02:00,0.06,-4.47,0.65,270.74,8.21,4.52,0.91,544.1,92106
2026-02-26 22:03:00,0.31,-4.15,1.32,274.24,17.54,4.36,0.39,534.9,111902
2026-02-26 22:04:00,-2.43,-4.15,0.71,239.67,8.38,4.86,0.22,519.7,110829
2026-02-26 22:05:00,-1.83,-4.25,1.24,246.64,15.01,4.79,0.18,515.9,117712
2026-02-26 22:06:00,-1.86,-4.00,1.94,245.02,23.74,4.82,0.13,526.3,146354
2026-02-26 22:07:00,-2.80,-3.76,1.92,233.36,22.28,5.06,0.13,523.5,152636
2026-02-26 22:08:00,-3.18,-3.05,2.40,223.75,28.54,5.02,0.14,514.7,164738
2026-02-26 22:09:00,-2.04,-3.37,2.79,238.86,35.31,4.82,0.13,520.6,187638
2026-02-26 22:10:00,-1.07,-3.34,2.98,252.29,40.40,4.60,0.11,531.5,204189
2026-02-26 22:11:00,1.84,-1.53,-1.93,320.29,-38.89,3.08,0.34,527.8,229196
2026-02-26 22:12:00,1.91,-0.73,-2.92,339.14,-55.11,3.57,1.25,484.2,83486
2026-02-26 22:13:00,1.67,0.19,-2.17,6.62,-52.18,2.75,2.13,504.2,153226
2026-02-26 22:14:00,2.62,-1.14,-2.47,336.40,-40.87,3.78,2.11,504.0,151258
2026-02-26 22:15:00,2.68,-1.09,-2.83,337.86,-44.35,4.04,1.55,499.4,94189
2026-02-26 22:16:00,3.15,-0.84,-2.06,345.14,-32.31,3.86,1.42,486.4,68184
2026-02-26 22:17:00,3.16,-0.93,-1.98,343.57,-30.97,3.84,1.31,480.2,81685
2026-02-26 22:18:00,2.99,-1.39,-2.15,335.14,-33.08,3.94,1.74,500.9,163161
2026-02-26 22:19:00,3.28,-1.51,-1.71,335.29,-25.34,3.99,1.23,492.8,136352
2026-02-26 22:20:00,3.31,-1.52,-1.53,335.33,-22.76,3.95,1.03,485.8,117833
2026-02-26 22:21:00,3.26,-1.84,-1.27,330.49,-18.73,3.95,1.24,494.8,145292
2026-02-26 22:22:00,2.98,-2.08,-1.46,325.05,-21.93,3.92,1.11,492.6,148495
2026-02-26 22:23:00,2.75,-2.26,-1.69,320.60,-25.48,3.94,0.89,489.6,134640
2026-02-26 22:24:00,2.54,-2.06,-2.10,320.97,-32.74,3.89,0.84,482.8,113743
2026-02-26 22:25:00,1.86,-2.37,-2.97,308.04,-44.58,4.23,0.98,489.8,121465
2026-02-26 22:26:00,1.55,-2.11,-3.28,306.34,-51.42,4.20,1.31,515.6,151082
2026-02-26 22:27:00,1.48,-2.09,-3.25,305.42,-51.74,4.14,1.34,497.4,99088
2026-02-26 22:28:00,1.42,-2.27,-3.20,302.07,-50.09,4.17,1.52,505.6,111578
2026-02-26 22:29:00,2.04,-2.22,-2.74,312.59,-42.28,4.07,1.47,506.0,111386
2026-02-26 22:30:00,1.61,-2.25,-3.25,305.44,-49.62,4.27,1.47,506.0,110971
2026-02-26 22:31:00,1.31,-1.99,-3.66,303.34,-56.90,4.36,1.37,505.4,98938
2026-02-26 22:32:00,1.56,-1.91,-3.42,309.25,-54.18,4.22,1.36,489.1,73904
2026-02-26 22:33:00,2.37,-1.82,-2.73,322.56,-42.36,4.04,1.64,514.3,129045
2026-02-26 22:34:00,2.45,-1.13,-2.97,335.17,-47.74,4.02,1.53,501.8,144242
2026-02-26 22:35:00,2.37,-1.05,-3.04,336.16,-49.64,3.99,1.73,493.9,104085
2026-02-26 22:36:00,2.62,-1.75,-2.62,326.20,-39.76,4.10,1.31,481.7,65057
2026-02-26 22:37:00,2.41,-1.47,-3.09,328.56,-47.52,4.19,1.16,488.3,104066
2026-02-26 22:38:00,2.72,-2.22,-2.18,320.74,-31.88,4.13,1.35,496.5,121812
2026-02-26 22:39:00,2.56,-2.20,-0.66,319.26,-11.10,3.44,1.27,495.3,124305
2026-02-26 22:40:00,2.61,-2.03,-1.63,322.10,-26.17,3.69,1.19,493.1,126525
2026-02-26 22:41:00,2.95,-1.95,-1.80,326.54,-26.94,3.97,1.37,492.4,112969
2026-02-26 22:42:00,2.04,-1.82,-3.23,318.23,-49.69,4.23,1.51,493.5,108497
2026-02-26 22:43:00,2.34,-2.14,-2.58,317.59,-39.17,4.09,1.63,499.0,104982
2026-02-26 22:44:00,2.52,-1.70,-2.07,325.97,-34.32,3.68,1.11,486.5,88290
2026-02-26 22:45:00,2.24,-2.86,-2.05,307.99,-29.41,4.17,0.26,455.5,24375
2026-02-26 22:46:00,2.20,-3.14,-1.57,304.95,-22.33,4.14,0.88,494.0,124437
2026-02-26 22:47:00,2.18,-3.37,-1.38,302.92,-19.02,4.24,0.94,500.1,136602
2026-02-26 22:48:00,2.26,-3.01,-1.94,306.90,-27.32,4.23,1.00,496.5,134620
2026-02-26 22:49:00,2.28,-3.16,-1.61,305.80,-22.53,4.21,1.23,494.7,122186
2026-02-26 22:50:00,1.66,-3.78,-0.74,293.68,-10.16,4.19,1.10,492.8,122790
2026-02-26 22:51:00,1.04,-4.35,-0.28,283.51,-3.58,4.48,0.55,509.2,204518
2026-02-26 22:52:00,1.62,-3.97,-0.66,292.21,-8.69,4.34,0.61,504.5,154640
2026-02-26 22:53:00,1.95,-3.59,-1.23,298.51,-16.79,4.27,0.72,501.7,141621
2026-02-26 22:54:00,2.71,-0.88,-2.97,341.94,-46.16,4.11,1.18,497.1,118226
2026-02-26 22:55:00,2.72,-0.28,-3.19,354.18,-49.39,4.20,1.67,492.8,86719
2026-02-26 22:56:00,2.70,-0.13,-3.23,357.32,-50.11,4.21,1.79,492.3,80838
2026-02-26 22:57:00,2.80,-0.03,-3.05,359.44,-47.38,4.14,1.79,491.9,80463
2026-02-26 22:58:00,2.61,-0.07,-3.19,358.57,-50.69,4.13,1.85,492.6,80139
2026-02-26 22:59:00,2.62,0.07,-3.27,1.51,-51.36,4.19,1.83,492.9,77783
2026-02-26 23:00:00,2.93,-0.48,-2.89,350.65,-44.22,4.14,1.85,491.7,79092
2026-02-26 23:01:00,2.98,-0.83,-2.81,344.54,-42.21,4.18,1.63,490.0,79618
2026-02-26 23:02:00,2.84,-1.27,-2.85,335.88,-42.55,4.22,1.36,,
2026-02-26 23:03:00,2.95,-1.53,-2.70,332.51,-39.09,4.28,1.36,490.9,81385
2026-02-26 23:04:00,2.73,-1.38,-3.01,333.16,-44.55,4.29,1.44,488.7,81038
2026-02-26 23:05:00,2.55,-1.49,-3.03,329.77,-45.70,4.23,1.44,493.7,83577
2026-02-26 23:06:00,2.74,-1.09,-2.99,338.35,-45.48,4.20,1.34,490.9,85742
2026-02-26 23:07:00,2.69,-0.65,-3.12,346.43,-48.46,4.17,1.47,489.7,83308
2026-02-26 23:08:00,2.62,0.20,-3.26,4.41,-51.10,4.18,1.84,493.0,81831
2026-02-26 23:09:00,2.68,-0.14,-3.28,356.94,-50.70,4.23,1.91,494.6,84637
2026-02-26 23:10:00,2.93,-0.08,-2.96,358.47,-45.30,4.17,1.81,492.4,81277
2026-02-26 23:11:00,3.12,0.07,-2.71,1.32,-41.01,4.14,1.76,489.2,77125
2026-02-26 23:12:00,2.51,-0.33,-3.39,352.48,-53.25,4.23,1.80,491.3,87226
2026-02-26 23:13:00,2.99,0.54,-2.82,10.16,-42.87,4.15,1.85,493.3,91031
2026-02-26 23:14:00,2.97,0.53,-2.84,10.10,-43.31,4.14,1.87,489.1,75171
2026-02-26 23:15:00,2.63,0.58,-3.26,12.42,-50.45,4.23,1.90,489.8,77565
2026-02-26 23:16:00,3.03,0.45,-2.90,8.43,-43.36,4.22,1.80,490.4,77651
2026-02-26 23:17:00,3.13,0.16,-2.70,3.01,-40.72,4.13,1.74,489.2,73136
2026-02-26 23:18:00,3.30,0.46,-2.40,7.85,-35.82,4.11,1.77,487.9,76611
2026-02-26 23:19:00,3.21,0.65,-2.47,11.47,-37.03,4.11,1.84,486.4,72158
2026-02-26 23:20:00,3.18,0.57,-2.53,10.23,-38.02,4.10,1.73,487.9,73395
2026-02-26 23:21:00,3.06,1.31,-2.22,23.18,-33.66,4.00,2.03,489.4,74504
2026-02-26 23:22:00,2.90,-0.16,-2.95,356.85,-45.45,4.14,1.82,488.1,78395
2026-02-26 23:23:00,2.93,0.24,-2.94,4.62,-44.99,4.16,1.77,487.0,77949
2026-02-26 23:24:00,2.83,0.80,-2.83,15.69,-43.84,4.08,1.90,488.3,77378
2026-02-26 23:25:00,2.63,0.51,-3.16,10.99,-49.71,4.14,2.01,490.4,77716
2026-02-26 23:26:00,2.84,0.55,-2.92,11.04,-45.25,4.11,1.94,487.7,76489
2026-02-26 23:27:00,2.95,0.34,-2.80,6.56,-43.34,4.08,1.89,485.4,75199
2026-02-26 23:28:00,2.92,-0.45,-2.76,351.15,-43.03,4.04,1.77,484.6,75704
2026-02-26 23:29:00,2.84,-0.64,-2.65,347.38,-42.39,3.93,1.70,483.3,78113
2026-02-26 23:30:00,2.66,0.27,-3.11,5.86,-49.32,4.10,1.92,484.3,80133
2026-02-26 23:31:00,2.48,-0.73,-3.05,343.58,-49.72,4.00,1.95,485.0,81242
2026-02-26 23:32:00,2.48,-0.99,-3.07,338.19,-49.00,4.07,1.73,484.1,87851
2026-02-26 23:33:00,2.87,-0.75,-2.86,345.30,-44.02,4.12,1.67,485.0,78157
2026-02-26 23:34:00,2.74,0.29,-3.31,6.06,-50.28,4.31,2.03,493.2,74172
2026-02-26 23:36:00,2.70,0.18,-3.40,3.75,-51.43,4.34,1.80,491.3,71632
2026-02-26 23:37:00,2.46,1.19,-3.32,25.88,-50.53,4.31,1.99,494.2,75656
2026-02-26 23:38:00,2.42,0.92,-3.40,20.92,-52.70,4.27,2.14,493.4,77574
2026-02-26 23:39:00,2.38,1.01,-3.38,23.05,-52.60,4.25,1.89,494.3,79975
2026-02-26 23:40:00,2.33,1.13,-3.32,25.91,-52.05,4.22,1.97,493.3,77409
2026-02-26 23:41:00,2.08,0.45,-3.71,12.26,-60.12,4.28,2.06,492.9,82372
2026-02-26 23:42:00,2.22,0.35,-3.63,8.97,-58.22,4.27,2.07,492.5,82827
2026-02-26 23:43:00,2.59,1.22,-3.10,25.16,-47.31,4.22,2.00,492.8,77271
2026-02-26 23:44:00,2.72,1.50,-2.88,28.81,-42.82,4.24,1.96,493.1,73350
2026-02-26 23:45:00,2.58,1.24,-3.07,25.68,-47.06,4.20,2.00,492.6,73182
2026-02-26 23:46:00,2.55,1.04,-3.18,22.21,-49.09,4.21,1.90,491.7,72952
2026-02-26 23:47:00,2.76,0.69,-3.05,14.11,-46.90,4.17,1.78,490.3,69616
2026-02-26 23:48:00,2.82,0.37,-3.06,7.57,-47.07,4.17,1.86,491.6,72475
2026-02-26 23:49:00,2.68,0.50,-3.26,10.47,-50.02,4.25,1.90,489.6,72468
2026-02-26 23:50:00,2.83,0.46,-3.12,9.19,-47.45,4.24,1.81,491.2,71447
2026-02-26 23:51:00,2.39,0.46,-3.45,10.95,-54.76,4.22,1.89,492.7,72967
2026-02-26 23:52:00,1.87,0.98,-3.70,27.57,-60.25,4.26,1.97,494.3,87453
2026-02-26 23:53:00,2.10,1.16,-3.46,28.90,-55.27,4.22,1.96,492.3,75481
2026-02-26 23:54:00,2.25,-0.18,-2.63,355.43,-49.45,3.47,1.95,493.0,81277
2026-02-26 23:55:00,3.03,-1.21,-1.91,338.29,-30.36,3.78,0.77,490.3,182747
2026-02-26 23:56:00,2.45,0.18,-3.03,4.18,-50.94,3.90,1.50,492.0,131214
2026-02-26 23:57:00,2.59,0.91,-2.80,19.27,-45.56,3.92,1.92,488.9,85279
2026-02-26 23:58:00,3.02,0.87,-2.21,16.08,-35.14,3.84,1.90,487.0,83177
2026-02-26 23:59:00,2.89,1.46,-1.92,26.73,-30.62,3.77,1.93,486.3,85733
2026-02-27 00:00:00,2.52,-0.95,-2.59,339.27,-43.85,3.74,1.70,486.4,80917
2026-02-27 00:01:00,2.30,-2.39,-2.24,313.90,-34.10,4.00,1.22,485.5,86112
2026-02-27 00:02:00,2.56,-1.57,-2.38,328.39,-38.44,3.83,1.21,481.2,96196
2026-02-27 00:03:00,2.63,-0.34,-3.04,352.64,-48.91,4.03,1.72,483.0,77101
2026-02-27 00:04:00,2.45,-0.45,-3.24,349.66,-52.53,4.09,1.60,486.5,77981
2026-02-27 00:05:00,2.43,-0.19,-3.30,355.59,-53.55,4.10,1.54,488.8,75852
2026-02-27 00:06:00,2.24,-0.27,-3.39,353.22,-56.39,4.08,1.66,489.0,82392
2026-02-27 00:07:00,2.20,0.35,-3.33,8.95,-56.21,4.00,1.84,489.7,77352
2026-02-27 00:08:00,2.27,0.36,-3.16,8.91,-53.95,3.91,1.84,,
2026-02-27 00:09:00,2.26,0.01,-2.98,0.27,-52.80,3.74,1.68,484.9,83498
2026-02-27 00:10:00,2.36,-0.14,-2.15,356.72,-42.24,3.19,2.07,493.1,97019
2026-02-27 00:11:00,2.81,-1.29,0.89,335.30,16.02,3.22,0.89,469.7,70912
2026-02-27 00:12:00,1.85,-0.18,-3.35,354.31,-61.00,3.83,1.33,481.0,79395
2026-02-27 00:13:00,2.37,-0.33,-2.99,352.01,-51.29,3.83,1.55,486.4,83563
2026-02-27 00:14:00,2.88,-0.24,-2.65,355.20,-42.49,3.92,1.54,484.3,88337
2026-02-27 00:15:00,2.62,0.42,-2.81,9.08,-46.67,3.86,1.73,484.5,89900
2026-02-27 00:16:00,3.03,0.57,-2.69,10.63,-41.14,4.09,1.80,485.0,83333
2026-02-27 00:17:00,3.21,0.75,-2.40,13.20,-36.01,4.08,1.74,484.8,77255
2026-02-27 00:18:00,3.32,0.03,-2.34,0.48,-35.18,4.06,1.74,483.8,77876
2026-02-27 00:19:00,3.29,0.18,-2.25,3.16,-34.37,3.99,1.64,481.6,86504
2026-02-27 00:20:00,3.46,0.45,-2.05,7.39,-30.39,4.04,1.65,481.8,82016
2026-02-27 00:21:00,3.49,0.76,-2.19,12.33,-31.51,4.19,1.49,481.1,79238
2026-02-27 00:22:00,3.28,0.15,-1.89,2.63,-29.96,3.79,1.68,485.1,75965
2026-02-27 00:23:00,3.32,0.06,-1.81,0.96,-28.62,3.79,1.56,482.2,87140
2026-02-27 00:24:00,3.40,0.41,-1.76,6.88,-27.19,3.85,1.73,483.7,79053
2026-02-27 00:25:00,3.39,0.41,-1.80,6.90,-27.85,3.86,1.64,483.0,79633
2026-02-27 00:26:00,3.20,0.35,-2.27,6.25,-35.20,3.93,1.72,484.6,79604
2026-02-27 00:27:00,3.20,0.05,-2.14,0.83,-33.79,3.86,1.71,484.4,78584
2026-02-27 00:28:00,3.39,0.02,-1.58,0.31,-25.03,3.74,1.54,481.2,87150
2026-02-27 00:29:00,3.38,0.12,-1.75,1.96,-27.40,3.80,1.68,481.3,90697
2026-02-27 00:30:00,3.30,0.21,-1.85,3.69,-29.31,3.79,1.74,481.2,88291
2026-02-27 00:31:00,3.19,0.37,-1.93,6.65,-31.06,3.75,1.74,480.5,87271
2026-02-27 00:32:00,3.18,0.27,-1.90,4.78,-30.77,3.71,1.75,480.9,87180
2026-02-27 00:33:00,3.01,0.14,-2.22,2.59,-36.39,3.74,1.72,481.7,83519
2026-02-27 00:34:00,3.07,0.07,-2.26,1.34,-36.42,3.81,1.77,481.3,79059
2026-02-27 00:35:00,2.87,0.08,-2.51,1.64,-41.20,3.82,1.81,478.6,79057
2026-02-27 00:36:00,2.95,0.00,-2.41,359.98,-39.32,3.81,1.87,478.7,79187
2026-02-27 00:37:00,2.97,0.40,-2.27,7.59,-37.14,3.76,1.91,481.2,81944
2026-02-27 00:38:00,2.83,0.36,-2.49,7.32,-41.14,3.78,1.93,480.4,79528
2026-02-27 00:39:00,2.75,0.61,-2.63,12.51,-43.08,3.85,1.91,480.1,79771
2026-02-27 00:40:00,3.02,0.35,-2.19,6.68,-35.73,3.75,1.69,480.0,80776
2026-02-27 00:41:00,3.27,-0.02,-1.84,359.69,-29.38,3.75,1.69,480.0,80810
2026-02-27 00:42:00,3.21,0.41,-1.86,7.21,-29.93,3.73,1.76,482.8,75969
2026-02-27 00:43:00,3.30,0.37,-1.77,6.44,-28.07,3.77,1.85,480.4,78261
2026-02-27 00:44:00,3.35,0.00,-1.90,0.07,-29.55,3.85,1.68,478.3,78790
2026-02-27 00:45:00,3.09,-0.24,-2.42,355.60,-37.98,3.93,1.68,477.4,76667
2026-02-27 00:46:00,3.07,-0.23,-2.46,355.80,-38.54,3.94,1.81,478.4,80357
2026-02-27 00:47:00,3.49,0.15,-1.41,2.47,-21.96,3.77,1.67,479.0,88185
2026-02-27 00:48:00,3.51,0.14,-1.16,2.29,-18.25,3.70,1.50,478.2,88458
2026-02-27 00:49:00,3.47,0.02,-1.12,0.34,-17.94,3.65,1.54,477.5,85512
2026-02-27 00:50:00,3.44,-0.34,-1.31,354.42,-20.71,3.69,1.53,477.4,90594
2026-02-27 00:51:00,3.51,-0.29,-1.22,355.32,-19.13,3.73,1.53,477.4,92411
2026-02-27 00:52:00,3.54,-0.34,-1.43,354.57,-21.86,3.83,1.65,474.7,88209
2026-02-27 00:53:00,3.45,-0.40,-1.62,353.39,-24.92,3.84,1.53,470.1,95625
2026-02-27 00:54:00,3.21,0.08,-2.22,1.47,-34.68,3.90,1.54,470.7,91076
2026-02-27 00:55:00,3.11,0.04,-2.30,0.73,-36.53,3.87,1.78,472.8,88640
2026-02-27 00:56:00,3.25,0.08,-1.97,1.48,-31.23,3.81,1.88,470.8,81804
2026-02-27 00:57:00,3.60,-0.19,-1.22,356.97,-18.74,3.80,1.60,469.8,93491
2026-02-27 00:58:00,3.51,0.07,-1.42,1.22,-22.01,3.79,1.86,471.3,85323
2026-02-27 00:59:00,3.55,-0.57,-1.17,350.93,-18.04,3.78,1.52,475.2,95012
2026-02-27 01:00:00,3.65,-0.83,-0.97,347.15,-14.49,3.86,1.34,477.3,101910
2026-02-27 01:01:00,3.73,-0.58,-0.51,351.23,-7.76,3.81,1.26,477.3,107228
2026-02-27 01:02:00,3.75,-0.47,-0.38,352.88,-5.77,3.80,1.27,476.6,103790
2026-02-27 01:03:00,3.79,-0.98,-0.37,345.52,-5.36,3.93,1.22,476.2,108740
2026-02-27 01:04:00,3.80,-0.98,-0.31,345.60,-4.53,3.94,1.07,475.9,122012
2026-02-27 01:05:00,3.72,-1.02,-0.26,344.62,-3.93,3.87,1.01,476.2,125248
2026-02-27 01:06:00,3.85,-0.43,-0.48,353.62,-7.00,3.90,1.10,477.2,117485
2026-02-27 01:07:00,3.82,-0.27,-0.52,355.94,-7.77,3.86,1.26,476.6,105715
2026-02-27 01:08:00,3.79,0.29,-0.46,4.44,-6.83,3.83,1.36,474.4,100550
2026-02-27 01:09:00,3.71,-0.23,-0.81,356.53,-12.32,3.80,1.40,471.6,100462
2026-02-27 01:10:00,3.61,-0.34,-1.33,354.64,-20.12,3.87,1.52,472.5,96865
2026-02-27 01:11:00,3.54,-0.03,-1.59,359.48,-24.20,3.88,1.76,473.8,90493
2026-02-27 01:12:00,3.36,-0.28,-2.00,355.26,-30.63,3.92,1.77,476.6,88709
2026-02-27 01:13:00,3.56,0.83,-1.26,13.07,-19.08,3.87,1.81,474.1,83938
2026-02-27 01:14:00,3.73,-0.16,-1.05,357.55,-15.75,3.88,1.81,473.8,83414
2026-02-27 01:15:00,3.76,0.04,-0.99,0.68,-14.74,3.89,1.44,473.0,96464
2026-02-27 01:16:00,3.63,-0.29,-1.19,355.40,-18.10,3.83,1.60,474.4,94214
2026-02-27 01:17:00,3.48,-0.53,-1.57,351.41,-24.03,3.86,1.59,473.8,94019
2026-02-27 01:18:00,3.65,0.05,-1.21,0.79,-18.36,3.85,1.60,472.4,94558
2026-02-27 01:19:00,2.22,-2.59,-1.18,310.54,-19.11,3.61,1.23,476.0,107043
2026-02-27 01:20:00,2.33,-2.83,-1.67,309.48,-24.48,4.03,1.00,476.7,103642
2026-02-27 01:21:00,3.19,-1.26,-1.65,338.42,-25.70,3.81,1.39,471.3,90660
2026-02-27 01:22:00,3.53,-0.69,-1.44,348.95,-21.80,3.87,1.70,469.3,102828
2026-02-27 01:23:00,3.21,-1.52,-1.32,334.68,-20.32,3.79,1.74,470.1,108656
2026-02-27 01:24:00,2.98,-2.16,-1.59,324.08,-23.35,4.01,1.40,474.9,132365
2026-02-27 01:25:00,2.65,-2.52,-1.88,316.43,-27.18,4.12,1.65,471.9,112659
2026-02-27 01:26:00,3.08,-2.17,-0.86,324.83,-12.87,3.86,1.36,479.9,119736
2026-02-27 01:27:00,3.49,-1.61,-0.40,335.23,-5.87,3.87,1.35,471.2,122086
2026-02-27 01:28:00,3.54,-1.47,-0.45,337.43,-6.66,3.86,1.07,472.5,163325
2026-02-27 01:29:00,3.27,-1.91,-0.77,329.71,-11.51,3.87,1.28,470.2,133024
2026-02-27 01:30:00,2.74,-2.46,-1.42,318.16,-21.14,3.95,1.32,475.4,121168
2026-02-27 01:31:00,3.21,-1.63,-1.06,333.07,-16.44,3.76,1.28,470.9,128884
2026-02-27 01:32:00,2.96,-2.22,-1.09,323.09,-16.47,3.86,1.11,473.5,130544
2026-02-27 01:33:00,2.71,-0.65,-2.70,346.57,-44.10,3.88,1.69,471.7,96527
2026-02-27 01:34:00,2.70,-1.09,-2.36,338.09,-39.00,3.75,1.88,468.0,82450
2026-02-27 01:35:00,2.89,-1.51,-1.77,332.49,-28.47,3.71,1.72,468.2,92447
2026-02-27 01:36:00,3.22,-1.31,-1.38,337.90,-21.69,3.74,1.53,467.5,104369
2026-02-27 01:37:00,3.22,-1.88,-1.07,329.72,-16.10,3.88,1.27,467.1,119790
2026-02-27 01:38:00,3.32,-1.83,-0.90,331.15,-13.30,3.89,1.30,471.1,125640
2026-02-27 01:39:00,3.47,-1.51,-1.20,336.55,-17.54,3.97,1.46,471.0,110960
2026-02-27 01:40:00,3.40,-2.17,-0.20,327.47,-2.82,4.03,1.32,471.7,123990
2026-02-27 01:41:00,3.43,-1.78,0.31,332.56,4.64,3.88,0.75,478.0,151715
2026-02-27 01:42:00,3.27,-2.12,0.77,327.08,11.22,3.97,0.94,474.9,145794
2026-02-27 01:43:00,3.44,-1.75,-0.02,333.10,-0.31,3.86,0.80,477.0,149570
2026-02-27 01:44:00,3.40,-1.70,-0.04,333.35,-0.53,3.80,1.09,471.8,113234
2026-02-27 01:45:00,3.24,-2.13,0.24,326.72,3.47,3.89,0.80,473.8,129618
2026-02-27 01:46:00,3.21,-2.21,0.50,325.46,7.29,3.93,0.70,475.3,130835
2026-02-27 01:47:00,3.14,-2.08,0.61,326.53,9.25,3.81,0.69,475.6,130686
2026-02-27 01:48:00,2.86,-2.40,0.94,319.93,14.20,3.85,0.76,477.0,145826
2026-02-27 01:49:00,2.48,-3.01,1.21,309.51,17.24,4.08,0.51,489.0,182957
2026-02-27 01:50:00,2.72,-2.81,0.75,314.07,10.90,3.98,0.41,492.3,194434
2026-02-27 01:51:00,3.15,-2.06,1.00,326.85,14.83,3.90,0.56,485.0,170745
2026-02-27 01:52:00,3.18,-1.91,1.10,329.01,16.47,3.87,0.70,479.1,153875
2026-02-27 01:53:00,3.38,-1.17,1.37,340.90,20.91,3.83,0.74,477.2,151581
2026-02-27 01:54:00,3.37,-1.23,1.34,339.96,20.48,3.82,0.77,477.5,148621
2026-02-27 01:55:00,3.31,-1.19,1.49,340.23,22.91,3.82,0.71,478.6,151116
2026-02-27 01:56:00,3.27,-1.58,1.38,334.26,20.75,3.88,0.69,476.4,162351
2026-02-27 01:57:00,3.20,-1.36,1.72,336.93,26.34,3.88,0.79,473.4,145020
2026-02-27 01:58:00,3.34,-1.07,1.68,342.16,25.61,3.89,0.66,476.6,162156
2026-02-27 01:59:00,3.52,-0.52,1.45,351.62,22.12,3.84,0.91,473.8,127702
2026-02-27 02:00:00,3.52,-0.74,1.07,348.06,16.51,3.75,0.96,473.7,132320
2026-02-27 02:01:00,3.38,-1.15,1.31,341.25,20.20,3.81,0.92,473.3,133591
2026-02-27 02:02:00,3.36,-1.23,1.31,339.81,20.06,3.81,0.84,477.0,130200
2026-02-27 02:03:00,3.25,-1.25,1.60,339.04,24.65,3.83,0.70,473.4,148988
2026-02-27 02:04:00,3.33,-1.16,1.55,340.84,23.64,3.85,0.67,474.6,161702
2026-02-27 02:05:00,3.35,-1.20,1.38,340.25,21.19,3.82,0.76,475.4,148793
2026-02-27 02:06:00,3.43,-1.25,1.11,340.06,16.85,3.82,0.81,473.2,140999
2026-02-27 02:07:00,3.46,-1.16,1.49,341.43,22.22,3.94,0.82,472.5,138124
2026-02-27 02:08:00,3.16,-0.83,2.21,345.33,34.12,3.95,0.69,473.0,158724
2026-02-27 02:09:00,3.40,-1.76,0.90,332.61,13.22,3.93,0.39,477.9,208940
2026-02-27 02:10:00,3.08,-1.67,1.99,331.54,29.60,4.03,0.18,488.2,249091
2026-02-27 02:11:00,3.16,-1.85,-0.56,329.59,-8.69,3.70,0.42,483.6,235542
2026-02-27 02:12:00,3.04,-2.14,-1.15,324.91,-17.24,3.89,1.21,461.5,125553
2026-02-27 02:13:00,2.83,-1.34,-2.19,334.73,-34.97,3.82,1.05,465.1,131429
2026-02-27 02:14:00,3.05,-1.57,-1.65,332.81,-25.72,3.81,1.53,466.4,97468
2026-02-27 02:15:00,3.31,-1.80,-0.66,331.39,-9.98,3.83,0.99,464.2,108676
2026-02-27 02:16:00,3.29,-1.05,-1.09,342.30,-17.57,3.62,1.28,462.1,129884
2026-02-27 02:17:00,2.74,-0.02,-2.32,359.53,-40.24,3.59,1.16,464.8,114065
2026-02-27 02:18:00,2.49,-2.09,-0.08,320.05,-1.34,3.25,1.64,465.0,82395
2026-02-27 02:19:00,1.82,-0.18,2.18,354.45,49.98,2.85,0.94,479.6,135662
2026-02-27 02:20:00,1.37,-1.13,3.51,320.26,63.19,3.94,0.70,484.1,153689
2026-02-27 02:21:00,1.42,-3.11,2.13,294.53,31.96,4.03,0.30,504.0,122814
2026-02-27 02:22:00,1.86,-3.19,2.30,300.25,31.95,4.35,0.21,501.7,221911
2026-02-27 02:23:00,2.49,-2.92,1.57,310.47,22.25,4.15,0.24,500.1,241143
2026-02-27 02:24:00,1.87,-2.74,0.45,304.29,7.73,3.35,0.54,492.2,142217
2026-02-27 02:25:00,1.36,-3.18,-2.51,293.22,-36.01,4.27,1.00,479.7,88701
2026-02-27 02:26:00,1.66,-3.17,-2.28,297.59,-32.53,4.25,1.40,476.3,90018
2026-02-27 02:27:00,1.55,-3.16,-2.45,296.08,-34.89,4.29,1.52,476.3,83331
2026-02-27 02:28:00,1.26,-3.20,-2.50,291.48,-36.02,4.25,1.46,474.3,80381
2026-02-27 02:29:00,1.45,-3.18,-2.47,294.50,-35.26,4.27,1.90,470.6,98776
2026-02-27 02:30:00,1.76,-2.39,-2.85,306.34,-43.76,4.12,1.53,476.2,86819
2026-02-27 02:31:00,1.65,-2.03,-3.16,309.07,-50.35,4.11,1.75,477.7,96491
2026-02-27 02:32:00,1.89,-0.79,1.70,337.25,39.70,2.67,1.61,472.3,112083
2026-02-27 02:33:00,1.78,-1.03,-2.66,329.93,-52.30,3.37,1.59,471.6,107869
2026-02-27 02:34:00,1.62,-1.89,-0.52,310.62,-11.75,2.55,0.70,482.6,159889
2026-02-27 02:35:00,1.60,-2.28,0.82,305.17,16.38,2.90,1.32,478.0,108118
2026-02-27 02:36:00,2.36,-2.84,0.84,309.75,12.77,3.78,0.66,491.7,127895
2026-02-27 02:37:00,1.75,-3.65,0.08,295.58,1.12,4.05,0.19,460.5,63943
2026-02-27 02:38:00,2.90,-1.73,-1.00,329.16,-16.56,3.52,0.68,450.7,77662
2026-02-27 02:39:00,2.82,-2.49,-1.12,318.51,-16.56,3.93,1.07,461.7,119539
2026-02-27 02:40:00,2.56,-2.92,0.14,311.21,2.11,3.89,0.68,477.1,142455
2026-02-27 02:41:00,3.10,-1.42,-1.27,335.33,-20.36,3.64,0.75,482.8,146618
2026-02-27 02:42:00,3.20,-1.42,-1.13,336.05,-17.87,3.67,1.57,461.4,101669
2026-02-27 02:43:00,3.07,-2.00,-0.60,326.92,-9.26,3.71,1.22,459.6,117453
2026-02-27 02:44:00,2.75,-1.96,0.98,324.52,16.24,3.51,1.23,459.5,108336
2026-02-27 02:45:00,3.21,-0.41,0.90,352.80,15.61,3.36,0.70,471.2,153419
2026-02-27 02:46:00,2.84,-0.79,-1.34,344.40,-24.46,3.24,2.03,464.8,101565
2026-02-27 02:47:00,2.61,-0.91,-1.73,340.71,-32.09,3.27,1.29,468.0,102456
2026-02-27 02:48:00,2.03,-1.77,-1.50,318.93,-29.14,3.09,1.07,485.1,101410
2026-02-27 02:49:00,1.99,-3.46,0.00,299.87,0.01,3.99,0.91,472.7,120396
2026-02-27 02:50:00,2.28,-2.70,-1.70,310.19,-25.63,3.92,1.10,472.3,107978
2026-02-27 02:51:00,2.79,-2.29,-1.25,320.60,-19.07,3.83,1.02,468.5,110214
2026-02-27 02:52:00,2.92,-1.78,-1.60,328.60,-25.05,3.78,1.04,466.5,120870
2026-02-27 02:53:00,2.78,-1.62,-2.18,329.77,-34.15,3.89,1.07,466.2,124766
2026-02-27 02:54:00,2.73,-1.24,-2.30,335.61,-37.53,3.78,1.65,463.5,87398
2026-02-27 02:55:00,2.80,-1.76,-1.79,327.82,-28.34,3.76,1.59,462.6,94170
2026-02-27 02:56:00,2.65,-1.96,-1.99,323.42,-31.11,3.85,1.44,462.9,101797
2026-02-27 02:57:00,3.31,-0.44,-1.48,352.43,-23.81,3.65,1.44,463.0,101496
2026-02-27 02:58:00,3.45,-1.24,-0.09,340.17,-1.38,3.66,1.41,461.3,115696
2026-02-27 02:59:00,3.33,-1.54,-0.40,335.11,-6.15,3.69,0.87,463.4,157961
2026-02-27 03:00:00,3.02,-1.59,-1.29,332.30,-20.67,3.65,0.76,461.8,156576
2026-02-27 03:01:00,2.65,-2.67,-0.52,314.84,-7.89,3.80,0.70,451.1,93718
2026-02-27 03:02:00,2.59,-2.89,0.08,311.85,1.16,3.88,0.58,459.0,98378
2026-02-27 03:03:00,2.64,-2.79,0.30,313.37,4.54,3.85,0.57,482.0,164587
2026-02-27 03:04:00,2.27,-3.05,0.53,306.71,7.86,3.84,0.32,446.9,83509
2026-02-27 03:05:00,2.19,-2.52,-1.07,310.93,-17.82,3.51,0.75,467.4,114661
2026-02-27 03:06:00,2.28,-2.23,-1.09,315.63,-18.94,3.37,1.17,464.8,111557
2026-02-27 03:07:00,1.74,-2.98,-1.31,300.32,-20.75,3.70,1.05,472.4,97805
2026-02-27 03:08:00,1.82,-2.21,-2.11,309.49,-36.38,3.56,1.25,473.3,102540
2026-02-27 03:09:00,1.88,-1.77,-2.77,316.79,-47.04,3.79,1.41,467.8,97189
2026-02-27 03:10:00,1.95,-0.93,-3.22,334.48,-56.11,3.88,1.71,464.8,85102
2026-02-27 03:11:00,1.76,-1.33,-3.25,323.00,-55.81,3.92,1.96,467.4,82022
2026-02-27 03:12:00,0.97,-0.18,-3.92,349.42,-75.80,4.04,2.01,469.1,78614
2026-02-27 03:13:00,1.46,-0.64,-3.62,336.23,-66.21,3.96,2.01,467.5,71903
2026-02-27 03:14:00,1.87,-1.60,-2.68,319.56,-47.42,3.64,1.79,465.9,83609
2026-02-27 03:15:00,2.04,-3.45,-1.28,300.60,-17.68,4.21,1.28,465.3,106542
2026-02-27 03:16:00,1.88,-2.40,-2.53,308.03,-39.65,3.96,1.20,473.6,97530
2026-02-27 03:17:00,1.79,-2.69,-2.41,303.60,-36.78,4.03,1.73,473.4,86743
2026-02-27 03:18:00,2.20,-3.03,-1.61,305.98,-23.33,4.07,1.26,472.0,104637
2026-02-27 03:19:00,2.23,-3.16,-1.46,305.25,-20.67,4.13,0.88,473.4,104311
2026-02-27 03:20:00,2.49,-2.89,-1.53,310.70,-21.91,4.11,1.05,471.7,110369
2026-02-27 03:21:00,2.66,-2.32,-1.86,318.95,-27.82,3.99,1.19,468.4,94540
2026-02-27 03:22:00,2.00,-3.18,-1.66,302.14,-23.84,4.10,1.22,469.7,113103
2026-02-27 03:23:00,2.30,-2.54,-2.01,312.15,-30.30,3.97,1.21,468.4,97976
2026-02-27 03:24:00,2.51,-1.56,-2.39,328.20,-38.91,3.80,1.81,467.0,82297
2026-02-27 03:25:00,2.26,-2.16,-2.41,316.26,-37.69,3.95,1.75,467.7,87329
2026-02-27 03:26:00,2.40,-2.02,-2.31,319.95,-36.35,3.89,1.57,468.3,92683
2026-02-27 03:27:00,2.52,-1.12,-2.59,335.96,-43.14,3.78,1.90,462.8,84567
2026-02-27 03:28:00,2.83,-1.42,-2.05,333.37,-32.90,3.77,1.76,462.8,85597
2026-02-27 03:29:00,3.02,-1.69,-1.64,330.73,-25.28,3.83,1.48,462.2,98182
2026-02-27 03:30:00,3.03,-2.32,-1.16,322.55,-16.98,3.99,1.23,462.9,116647
2026-02-27 03:31:00,2.97,-2.22,-1.43,323.24,-21.01,3.98,1.14,466.5,111108
2026-02-27 03:32:00,2.90,-2.11,-1.31,323.98,-20.08,3.82,1.33,465.4,103455
2026-02-27 03:33:00,2.93,-2.14,-1.10,323.91,-16.81,3.79,1.11,462.6,118054
2026-02-27 03:34:00,2.75,-2.13,-1.61,322.31,-24.83,3.83,1.40,464.6,101557
2026-02-27 03:35:00,2.80,-1.80,-1.84,327.27,-28.93,3.80,1.33,464.1,103519
2026-02-27 03:36:00,2.77,-1.83,-1.92,326.52,-30.09,3.84,1.69,465.4,90599
2026-02-27 03:37:00,2.62,-1.87,-1.99,324.44,-31.71,3.78,1.32,463.7,108366
2026-02-27 03:38:00,2.38,-1.48,-2.68,328.07,-43.68,3.88,1.66,466.4,93720
2026-02-27 03:39:00,2.07,-1.14,-3.15,331.18,-53.15,3.93,1.90,467.1,83690
2026-02-27 03:40:00,1.97,-0.93,-3.31,334.73,-56.61,3.96,1.93,465.5,76743
2026-02-27 03:41:00,1.83,-0.76,-3.46,337.49,-60.20,3.99,2.01,465.3,79415
2026-02-27 03:42:00,2.12,0.30,-3.34,7.92,-57.31,3.96,2.12,466.0,72876
2026-02-27 03:43:00,1.96,0.85,-3.40,23.51,-57.93,4.02,2.09,466.8,68281
2026-02-27 03:44:00,1.91,0.94,-3.25,26.13,-56.86,3.89,2.15,467.4,73498
2026-02-27 03:45:00,2.01,0.58,-3.33,16.11,-57.81,3.93,2.22,466.7,75052
2026-02-27 03:46:00,2.02,-0.36,-3.29,350.01,-58.13,3.88,2.03,465.2,74175
2026-02-27 03:47:00,1.61,-0.52,-3.57,342.06,-64.54,3.95,2.06,466.3,79793
2026-02-27 03:48:00,1.90,-0.50,-3.35,345.14,-59.61,3.88,2.16,469.9,78174
2026-02-27 03:49:00,1.80,-0.79,-3.27,336.28,-59.04,3.82,2.19,467.7,75553
2026-02-27 03:50:00,1.50,-1.34,-3.42,318.23,-59.46,3.97,1.95,474.1,82644
2026-02-27 03:51:00,2.41,-1.64,-2.09,325.71,-35.69,3.59,1.73,467.1,87007
2026-02-27 03:52:00,3.03,-1.77,-0.08,329.63,-1.28,3.51,0.53,433.4,16990
2026-02-27 03:53:00,2.14,-1.52,-2.48,324.63,-43.45,3.61,1.20,460.9,91555
2026-02-27 03:54:00,2.47,-1.91,-1.66,322.32,-27.99,3.53,1.24,465.6,115853
2026-02-27 03:55:00,2.50,-2.87,-1.21,311.15,-17.63,3.99,1.24,466.2,111740
2026-02-27 03:56:00,2.45,-3.06,-0.78,308.76,-11.22,4.00,1.22,466.9,104995
2026-02-27 03:57:00,2.37,-3.24,-0.56,306.23,-8.01,4.05,1.09,467.7,108432
2026-02-27 03:58:00,2.14,-3.35,-0.76,302.60,-10.84,4.05,1.19,470.1,104446
2026-02-27 04:00:00,2.61,-2.81,-1.30,312.93,-18.70,4.05,1.05,467.4,116966
2026-02-27 04:01:00,2.64,-2.59,-1.26,315.53,-18.77,3.91,1.11,466.1,115775
2026-02-27 04:02:00,2.51,-2.95,-0.78,310.38,-11.35,3.96,1.15,464.5,111917
2026-02-27 04:03:00,2.37,-3.34,-0.36,305.38,-4.98,4.11,0.93,466.5,112685
2026-02-27 04:04:00,2.39,-3.28,-0.22,306.06,-3.08,4.06,0.76,467.6,125308
2026-02-27 04:05:00,2.27,-3.37,-0.06,303.95,-0.82,4.06,0.55,462.6,112268
2026-02-27 04:06:00,2.62,-2.75,0.25,313.64,3.71,3.80,0.75,477.2,161224
2026-02-27 04:07:00,2.74,-2.80,0.28,314.42,4.11,3.92,0.83,467.9,147661
2026-02-27 04:08:00,2.84,-2.68,-0.29,316.70,-4.25,3.91,0.80,472.2,138525
2026-02-27 04:09:00,2.60,-2.70,-0.83,313.89,-12.46,3.84,0.95,468.8,129746
2026-02-27 04:10:00,2.82,-2.66,-0.77,316.61,-11.18,3.95,1.09,465.9,113726
2026-02-27 04:11:00,3.27,-1.73,-1.29,332.09,-19.21,3.92,1.25,462.1,109289
2026-02-27 04:12:00,2.95,-1.81,-1.83,328.44,-27.92,3.92,1.39,461.4,103630
2026-02-27 04:13:00,3.15,-1.55,-1.83,333.79,-27.54,3.96,1.52,461.8,98737
2026-02-27 04:14:00,3.26,-1.62,-1.57,333.60,-23.34,3.97,1.62,462.7,94264
2026-02-27 04:15:00,2.85,-1.89,-2.04,326.38,-30.82,3.98,1.64,463.9,89945
2026-02-27 04:16:00,3.03,-1.52,-2.03,333.30,-30.89,3.95,1.69,463.7,85220
2026-02-27 04:17:00,3.01,-1.56,-2.11,332.61,-31.87,3.99,1.72,462.6,83055
2026-02-27 04:18:00,2.79,-1.55,-2.42,330.94,-37.12,4.01,1.70,462.7,82169
2026-02-27 04:19:00,2.82,-2.43,-1.05,319.28,-15.80,3.87,1.60,465.0,85014
2026-02-27 04:20:00,2.94,-2.26,-1.43,322.47,-21.11,3.97,0.92,469.2,115635
2026-02-27 04:21:00,2.95,-2.09,-1.62,324.71,-24.14,3.96,1.51,462.9,102987
2026-02-27 04:22:00,3.07,-2.02,-1.26,326.58,-18.86,3.88,1.31,462.5,113859
2026-02-27 04:23:00,2.98,-2.14,-1.23,324.31,-18.57,3.88,1.38,459.8,112271
2026-02-27 04:24:00,2.94,-2.43,-0.80,320.45,-11.91,3.90,1.25,462.5,112155
2026-02-27 04:25:00,3.23,-1.73,-1.14,331.88,-17.25,3.83,1.20,464.0,129928
2026-02-27 04:26:00,3.45,-0.70,-1.32,348.55,-20.56,3.75,1.45,459.4,105721
2026-02-27 04:27:00,3.52,0.05,-1.44,0.88,-22.27,3.81,1.66,457.4,81982
2026-02-27 04:28:00,3.45,0.29,-1.31,4.75,-20.75,3.71,1.61,455.1,84193
2026-02-27 04:29:00,3.58,0.30,-1.02,4.78,-15.88,3.74,1.67,454.9,87506
2026-02-27 04:30:00,3.46,0.71,-1.03,11.64,-16.22,3.68,1.67,454.7,86564
2026-02-27 04:31:00,3.33,1.81,-0.93,28.45,-13.82,3.90,1.76,456.6,74817
2026-02-27 04:32:00,3.57,1.09,-0.93,16.94,-14.04,3.85,1.89,458.9,63769
2026-02-27 04:33:00,3.53,1.20,-0.85,18.81,-12.78,3.82,1.87,457.3,68863
2026-02-27 04:34:00,3.31,1.88,-0.54,29.67,-8.13,3.85,1.87,457.6,69276
2026-02-27 04:35:00,3.30,1.76,-0.72,28.09,-10.84,3.81,1.90,458.2,70053
2026-02-27 04:36:00,3.35,1.78,-0.53,28.02,-7.93,3.83,2.00,457.3,71688
2026-02-27 04:37:00,3.52,1.22,-0.51,19.17,-7.84,3.76,1.83,456.4,82894
2026-02-27 04:38:00,3.59,1.17,-0.49,18.00,-7.38,3.81,1.84,455.0,82636
2026-02-27 04:39:00,3.48,1.27,-0.49,20.00,-7.47,3.74,1.66,454.5,85732
2026-02-27 04:40:00,3.49,0.98,-0.57,15.73,-8.94,3.67,1.75,453.2,80018
2026-02-27 04:41:00,3.57,1.31,-0.50,20.12,-7.49,3.84,1.68,452.8,83757
2026-02-27 04:42:00,3.52,1.63,-0.43,24.88,-6.32,3.91,1.63,457.1,78650
2026-02-27 04:43:00,3.37,1.47,-0.41,23.58,-6.30,3.70,1.72,454.6,84533
2026-02-27 04:44:00,3.49,0.95,-0.84,15.24,-13.01,3.71,1.77,454.8,84722
2026-02-27 04:45:00,3.57,0.51,-0.91,8.13,-14.15,3.72,1.71,454.4,84975
2026-02-27 04:46:00,3.52,1.38,-0.31,21.48,-4.65,3.79,1.70,455.7,83624
2026-02-27 04:47:00,3.53,0.91,-0.38,14.50,-5.91,3.66,1.71,455.8,87330
2026-02-27 04:48:00,3.68,0.30,-0.63,4.69,-9.71,3.75,1.71,454.6,96086
2026-02-27 04:49:00,3.50,1.70,0.05,25.88,0.78,3.89,1.73,456.5,96088
2026-02-27 04:50:00,3.41,1.86,-0.09,28.54,-1.35,3.89,1.80,459.3,85347
2026-02-27 04:51:00,3.23,2.11,0.09,33.13,1.34,3.86,1.92,460.1,78704
2026-02-27 04:52:00,3.18,1.97,-1.02,31.76,-15.19,3.88,1.99,459.1,77948
2026-02-27 04:53:00,3.33,1.38,-1.31,22.52,-19.99,3.84,2.03,456.3,77048
2026-02-27 04:54:00,3.40,1.24,-1.26,20.11,-19.14,3.83,1.82,453.8,72492
2026-02-27 04:55:00,3.37,1.25,-1.52,20.36,-23.00,3.90,2.08,455.2,65862
2026-02-27 04:56:00,3.32,1.37,-1.56,22.39,-23.49,3.91,1.83,453.4,73251
2026-02-27 04:57:00,3.34,1.24,-1.41,20.41,-21.57,3.84,2.04,454.9,64421
2026-02-27 04:58:00,3.38,1.23,-1.37,20.08,-20.87,3.85,1.89,454.0,70167
2026-02-27 04:59:00,3.52,1.16,-1.13,18.18,-17.01,3.87,1.96,453.7,66835
2026-02-27 05:00:00,3.47,1.01,-1.23,16.29,-18.85,3.81,1.84,452.7,70122
2026-02-27 05:01:00,3.71,0.32,-0.54,4.88,-8.31,3.76,1.50,452.0,88110
2026-02-27 05:02:00,3.61,0.60,-0.80,9.46,-12.32,3.75,1.41,451.4,92482
2026-02-27 05:03:00,3.59,0.58,-0.85,9.24,-13.21,3.74,1.58,452.4,89154
2026-02-27 05:04:00,3.63,0.76,-0.80,11.76,-12.24,3.79,1.70,453.5,86279
2026-02-27 05:05:00,3.67,0.81,-0.76,12.47,-11.49,3.84,1.72,453.2,81997
2026-02-27 05:06:00,3.73,0.62,-0.12,9.47,-1.81,3.79,1.40,454.2,107830
2026-02-27 05:07:00,3.72,0.26,-0.50,3.94,-7.57,3.76,1.46,454.3,101738
2026-02-27 05:08:00,3.55,0.04,-1.49,0.73,-22.71,3.85,1.66,454.2,80039
2026-02-27 05:09:00,3.28,-0.25,-1.90,355.58,-30.04,3.80,1.77,453.4,72758
2026-02-27 05:10:00,3.42,-0.04,-1.58,359.41,-24.82,3.77,1.64,452.3,82574
2026-02-27 05:11:00,3.28,0.14,-1.92,2.47,-30.28,3.81,1.84,455.1,72266
2026-02-27 05:12:00,3.44,-0.33,-1.78,354.52,-27.23,3.88,1.55,453.5,85373
2026-02-27 05:13:00,3.45,-0.22,-1.67,356.38,-25.78,3.84,1.63,454.3,81792
2026-02-27 05:14:00,3.40,0.21,-1.72,3.57,-26.79,3.82,1.72,452.9,81816
2026-02-27 05:15:00,3.14,0.13,-2.04,2.33,-33.05,3.75,1.88,453.8,74102
2026-02-27 05:16:00,2.91,-0.30,-2.45,354.18,-39.92,3.81,1.87,453.4,75439
2026-02-27 05:17:00,2.80,-0.58,-2.18,348.22,-37.33,3.60,1.90,455.8,80418
2026-02-27 05:18:00,3.37,0.91,-1.20,15.12,-18.93,3.69,1.81,453.7,82569
2026-02-27 05:19:00,3.49,1.16,-0.80,18.31,-12.27,3.77,1.72,451.2,77661
2026-02-27 05:20:00,3.60,0.14,-0.74,2.24,-11.65,3.68,1.59,450.5,88426
2026-02-27 05:21:00,3.63,-0.25,-0.80,356.08,-12.43,3.72,1.45,449.9,105573
2026-02-27 05:22:00,3.56,0.36,-1.09,5.80,-16.97,3.74,1.53,451.2,98396
2026-02-27 05:23:00,3.39,-0.16,-1.46,357.23,-23.24,3.70,1.57,451.3,94197
2026-02-27 05:24:00,3.53,1.38,-0.15,21.32,-2.22,3.79,1.69,452.9,89984
2026-02-27 05:25:00,3.62,0.43,-0.71,6.75,-10.97,3.71,1.59,452.6,96998
2026-02-27 05:26:00,3.55,1.00,-0.44,15.74,-6.86,3.72,1.65,452.4,96403
2026-02-27 05:27:00,3.57,0.98,-0.39,15.43,-6.01,3.72,1.61,453.3,96003
2026-02-27 05:28:00,3.56,1.12,-0.18,17.50,-2.74,3.73,1.43,452.8,94289
2026-02-27 05:29:00,3.54,0.84,-0.45,13.42,-7.00,3.67,1.63,452.4,94236
2026-02-27 05:30:00,3.58,0.61,-0.53,9.74,-8.27,3.67,1.55,450.2,109464
2026-02-27 05:31:00,3.75,0.63,-0.79,9.47,-11.71,3.88,1.60,452.5,99407
2026-02-27 05:32:00,3.63,0.17,-0.92,2.73,-14.24,3.75,1.65,452.7,90626
2026-02-27 05:33:00,3.75,0.13,-0.81,1.98,-12.18,3.84,1.62,451.4,89578
2026-02-27 05:34:00,3.74,0.53,-0.66,8.12,-9.97,3.83,1.58,452.1,93183
2026-02-27 05:35:00,3.73,0.85,-0.56,12.89,-8.28,3.87,1.52,452.1,95210
2026-02-27 05:36:00,3.75,0.70,-0.32,10.61,-4.76,3.83,1.46,451.6,99148
2026-02-27 05:37:00,3.66,-0.78,-0.42,347.94,-6.38,3.76,1.38,452.4,108530
2026-02-27 05:38:00,3.58,-1.27,-0.42,340.46,-6.35,3.83,1.29,452.6,115200
2026-02-27 05:39:00,3.74,-0.46,-0.03,352.96,-0.52,3.77,1.12,453.0,133732
2026-02-27 05:40:00,3.82,-0.21,0.07,356.93,1.09,3.83,1.14,452.8,131953
2026-02-27 05:41:00,3.83,0.20,0.35,3.00,5.23,3.85,1.22,452.2,122997
2026-02-27 05:42:00,3.83,0.32,0.05,4.74,0.78,3.84,1.21,452.0,122110
2026-02-27 05:43:00,3.89,0.44,0.19,6.41,2.85,3.92,1.31,451.6,113075
2026-02-27 05:44:00,3.86,0.38,0.25,5.65,3.71,3.89,1.20,451.0,119934
2026-02-27 05:45:00,3.95,0.27,0.12,3.97,1.68,3.96,1.27,452.7,123066
2026-02-27 05:46:00,3.87,-0.14,-0.21,357.86,-3.09,3.88,1.27,451.2,119139
2026-02-27 05:47:00,3.83,-0.85,-0.42,347.43,-6.17,3.95,1.31,452.4,118428
2026-02-27 05:48:00,3.91,0.30,0.16,4.45,2.31,3.92,1.28,453.0,122582
2026-02-27 05:49:00,3.80,0.69,0.40,10.27,5.86,3.88,1.34,454.0,116607
2026-02-27 05:50:00,3.87,0.12,0.08,1.76,1.23,3.87,1.36,452.9,111760
2026-02-27 05:51:00,3.86,0.09,0.04,1.31,0.59,3.86,1.37,452.6,112257
2026-02-27 05:52:00,3.88,0.14,-0.05,2.11,-0.72,3.88,1.38,453.2,114616
2026-02-27 05:53:00,3.83,-0.54,-0.02,351.99,-0.26,3.87,1.32,453.1,120209
2026-02-27 05:54:00,3.94,-0.43,0.23,353.81,3.30,3.97,1.19,454.1,133351
2026-02-27 05:55:00,3.94,-0.23,-0.04,356.63,-0.64,3.95,1.06,454.5,145262
2026-02-27 05:56:00,3.91,0.06,-0.20,0.87,-2.88,3.92,1.31,452.9,126972
2026-02-27 05:57:00,3.83,0.12,0.05,1.81,0.78,3.83,1.38,450.9,110521
2026-02-27 05:58:00,3.88,-0.07,-0.16,359.00,-2.41,3.88,1.37,451.4,112750
2026-02-27 05:59:00,3.75,-0.77,-0.35,348.41,-5.21,3.84,1.27,450.4,121191
2026-02-27 06:00:00,3.72,-1.09,-0.43,343.69,-6.27,3.90,1.31,452.3,122556
2026-02-27 06:01:00,3.86,-0.83,-0.38,347.84,-5.50,3.97,1.22,451.6,121706
2026-02-27 06:02:00,3.84,-0.40,-0.11,354.03,-1.59,3.86,1.22,452.6,124546
2026-02-27 06:03:00,3.81,-0.44,0.14,353.36,2.03,3.84,1.24,452.1,132146
2026-02-27 06:04:00,3.83,-0.60,-0.13,351.14,-1.89,3.88,1.25,452.2,130489
2026-02-27 06:05:00,3.73,-1.00,-0.01,345.03,-0.16,3.86,1.16,452.4,134123
2026-02-27 06:06:00,3.60,-1.17,0.11,341.97,1.65,3.79,1.08,453.3,140763
2026-02-27 06:07:00,3.62,-1.20,0.15,341.64,2.23,3.82,1.05,453.2,145926
2026-02-27 06:08:00,3.64,-1.27,0.19,340.80,2.85,3.86,1.03,453.6,147761
2026-02-27 06:09:00,3.65,-1.25,0.21,341.14,3.07,3.86,0.99,455.0,146552
2026-02-27 06:10:00,3.68,-1.16,0.23,342.50,3.45,3.87,1.00,454.5,143671
2026-02-27 06:11:00,3.70,-1.05,0.11,344.19,1.67,3.85,1.15,454.6,138789
2026-02-27 06:12:00,3.70,-0.94,0.04,345.70,0.54,3.82,1.02,454.2,149348
2026-02-27 06:13:00,3.65,-0.67,-0.01,349.61,-0.19,3.71,1.04,454.1,148343
2026-02-27 06:14:00,3.65,-0.73,-0.20,348.70,-3.06,3.73,1.20,453.2,138875
2026-02-27 06:15:00,3.63,-0.91,-0.14,345.86,-2.19,3.75,1.28,451.0,126419
2026-02-27 06:16:00,3.66,-0.86,-0.38,346.77,-5.75,3.77,1.37,452.5,120437
2026-02-27 06:17:00,3.62,-0.88,-0.54,346.29,-8.24,3.76,1.31,450.2,118053
2026-02-27 06:18:00,3.60,-0.93,-0.49,345.52,-7.53,3.75,1.29,451.9,120519
2026-02-27 06:19:00,3.61,-0.82,-0.35,347.28,-5.45,3.72,1.22,451.8,126981
2026-02-27 06:20:00,3.55,-0.97,-0.59,344.73,-9.15,3.73,1.42,452.1,112081
2026-02-27 06:21:00,3.66,-0.10,-0.45,358.39,-7.01,3.69,1.36,452.7,117063
2026-02-27 06:22:00,3.58,0.08,-0.82,1.29,-12.93,3.67,1.53,451.2,106391
2026-02-27 06:23:00,3.70,-0.27,-0.39,355.88,-6.05,3.73,1.56,450.1,109091
2026-02-27 06:24:00,3.03,-1.73,-0.77,330.36,-12.46,3.58,1.41,452.0,116505
2026-02-27 06:25:00,2.41,-2.82,-1.40,310.52,-20.73,3.97,1.43,456.5,102484
2026-02-27 06:26:00,2.86,-2.42,-1.36,319.74,-19.92,3.98,1.43,459.7,95833
2026-02-27 06:27:00,3.23,-1.79,-1.15,330.99,-17.37,3.87,1.49,456.8,92093
2026-02-27 06:28:00,3.01,-2.45,-1.04,320.82,-14.95,4.01,1.34,453.6,98977
2026-02-27 06:29:00,2.79,-2.75,-0.92,315.43,-13.28,4.02,1.22,458.1,105054
2026-02-27 06:30:00,2.81,-2.69,-0.78,316.16,-11.31,3.97,1.25,462.9,110832
2026-02-27 06:31:00,3.30,-2.02,-0.51,328.55,-7.51,3.90,1.27,454.1,120854
2026-02-27 06:32:00,2.54,-3.02,-0.34,310.10,-4.87,3.96,1.22,455.8,112954
2026-02-27 06:33:00,2.37,-3.16,-0.62,306.87,-8.92,4.00,1.05,463.2,93563
2026-02-27 06:34:00,2.79,-2.71,-0.16,315.80,-2.38,3.90,0.79,459.8,107333
2026-02-27 06:35:00,2.77,-2.78,0.23,314.86,3.33,3.93,0.83,461.1,113286
2026-02-27 06:36:00,3.03,-2.23,-0.91,323.61,-13.53,3.87,1.08,460.0,104005
2026-02-27 06:37:00,2.05,-3.08,-1.20,303.63,-17.96,3.88,1.15,464.7,109490
2026-02-27 06:38:00,2.27,-2.88,-1.03,308.24,-15.67,3.81,1.27,465.4,105920
2026-02-27 06:39:00,3.04,-1.22,0.99,338.07,16.74,3.42,1.11,461.8,153621
2026-02-27 06:40:00,2.87,-0.77,2.40,345.02,38.86,3.82,0.51,446.8,126132
2026-02-27 06:41:00,2.91,-1.32,2.10,335.63,33.28,3.82,0.26,446.7,83683
2026-02-27 06:42:00,2.35,-1.89,-1.45,321.14,-25.60,3.35,0.91,473.4,160298
2026-02-27 06:43:00,2.62,-1.56,-2.22,329.19,-36.06,3.77,1.69,463.7,79043
2026-02-27 06:44:00,2.72,-1.61,-2.28,329.28,-35.76,3.89,1.60,456.4,87193
2026-02-27 06:45:00,3.48,-0.39,0.25,353.66,4.08,3.51,0.96,457.7,150373
2026-02-27 06:46:00,3.70,-0.06,0.82,359.06,12.48,3.79,0.97,457.6,150175
2026-02-27 06:47:00,3.68,0.03,0.48,0.41,7.49,3.71,1.07,455.0,144446
2026-02-27 06:48:00,3.48,0.97,1.07,15.67,16.46,3.76,1.24,454.5,128634
2026-02-27 06:49:00,3.34,1.02,0.77,17.01,12.48,3.58,1.24,458.2,111336
2026-02-27 06:50:00,3.42,0.38,-0.26,6.27,-4.36,3.45,1.45,453.9,113777
2026-02-27 06:51:00,2.19,-1.95,-2.51,318.29,-40.62,3.86,1.79,458.8,92719
2026-02-27 06:52:00,2.34,-1.73,-2.46,323.52,-40.20,3.82,1.95,460.4,83430
2026-02-27 06:53:00,2.32,-1.75,-2.58,323.03,-41.60,3.88,1.91,460.0,79589
2026-02-27 06:54:00,2.26,-1.37,-2.66,328.87,-45.20,3.76,2.01,461.5,71489
2026-02-27 06:55:00,2.71,-1.31,-2.10,334.17,-34.96,3.67,1.93,460.0,73787
2026-02-27 06:56:00,1.98,-0.98,-3.02,333.73,-53.81,3.74,2.00,463.6,76624
2026-02-27 06:57:00,2.02,-1.25,-3.04,328.26,-51.98,3.86,2.26,468.0,73056
2026-02-27 06:58:00,1.85,-1.28,-3.12,325.33,-54.15,3.85,2.09,461.5,76947
2026-02-27 07:00:00,1.64,-0.58,-3.42,340.42,-63.06,3.84,2.11,465.9,73078
2026-02-27 07:01:00,2.93,-1.57,0.36,331.75,6.23,3.34,2.33,476.0,89569
2026-02-27 07:02:00,3.29,-1.79,0.31,331.41,4.80,3.76,1.72,477.9,103619
2026-02-27 07:03:00,3.29,-1.92,-0.47,329.76,-7.05,3.84,0.77,459.4,137007
2026-02-27 07:04:00,3.06,-1.93,-0.83,327.77,-12.99,3.71,0.59,444.1,98053
2026-02-27 07:05:00,2.93,-1.66,-0.99,330.37,-16.36,3.51,1.32,469.4,176841
2026-02-27 07:06:00,3.21,-1.03,-0.58,342.20,-9.85,3.42,1.31,459.9,108063
2026-02-27 07:07:00,3.39,-0.50,-1.10,351.54,-17.83,3.60,1.52,454.6,95105
2026-02-27 07:08:00,3.33,-0.86,-1.28,345.54,-20.40,3.67,1.36,447.7,83128
2026-02-27 07:09:00,3.23,-0.01,-1.65,359.84,-27.01,3.63,1.91,455.8,84556
2026-02-27 07:10:00,3.13,0.48,-1.71,8.63,-28.45,3.60,1.76,452.9,79311
2026-02-27 07:11:00,3.26,0.22,-1.47,3.88,-24.22,3.58,1.71,450.0,74292
2026-02-27 07:12:00,3.49,0.56,-0.86,9.10,-13.74,3.64,2.32,460.3,100734
2026-02-27 07:13:00,3.49,0.85,-0.42,13.66,-6.59,3.62,2.23,461.3,113837
2026-02-27 07:14:00,3.59,0.44,0.35,6.92,5.55,3.63,1.58,450.7,84446
2026-02-27 07:15:00,3.53,0.14,1.02,2.23,16.19,3.67,1.58,455.5,103277
2026-02-27 07:16:00,3.53,-0.61,0.81,350.18,12.77,3.67,1.10,458.1,151860
2026-02-27 07:17:00,2.84,-2.43,0.24,319.46,3.61,3.74,1.41,467.8,203534
2026-02-27 07:18:00,3.25,-1.96,0.02,328.86,0.32,3.79,1.03,,
2026-02-27 07:19:00,3.35,-1.81,0.25,331.59,3.82,3.82,1.03,455.3,147545
2026-02-27 07:20:00,3.30,-1.95,0.46,329.46,6.82,3.86,1.28,470.6,206790
2026-02-27 07:21:00,3.27,-1.55,-0.32,334.64,-5.09,3.63,0.77,458.0,147947
2026-02-27 07:22:00,3.28,-1.35,-0.71,337.59,-11.32,3.62,0.99,458.6,160329
2026-02-27 07:23:00,3.10,-0.54,-1.91,350.19,-31.22,3.68,1.61,455.5,104644
2026-02-27 07:24:00,3.30,-1.03,-0.99,342.65,-15.97,3.59,2.10,465.4,127083
2026-02-27 07:25:00,3.38,-0.72,-1.06,347.94,-17.03,3.62,1.81,459.8,127456
2026-02-27 07:26:00,3.54,-0.52,-1.19,351.58,-18.44,3.77,1.24,446.6,90239
2026-02-27 07:27:00,3.36,-1.29,-0.65,338.97,-10.31,3.66,1.11,448.5,94978
2026-02-27 07:28:00,3.29,-1.31,-1.08,338.30,-16.91,3.70,1.24,453.8,115205
2026-02-27 07:29:00,3.06,-1.88,-0.96,328.38,-14.99,3.71,1.29,451.5,100700
2026-02-27 07:30:00,3.07,-2.20,-0.33,324.34,-5.05,3.79,1.16,447.3,85076
2026-02-27 07:31:00,2.48,-2.58,-0.93,313.86,-14.61,3.70,0.87,440.8,84676
2026-02-27 07:32:00,2.36,-2.55,-1.62,312.76,-25.00,3.83,1.31,460.3,110579
2026-02-27 07:33:00,2.06,-2.99,-1.66,304.64,-24.57,3.99,1.49,466.4,129009
2026-02-27 07:34:00,2.08,-3.44,-0.86,301.17,-12.10,4.11,1.42,453.8,60475
2026-02-27 07:35:00,1.86,-2.74,-2.52,304.22,-37.24,4.16,1.88,475.5,157965
2026-02-27 07:36:00,1.82,-2.52,-2.70,305.96,-41.01,4.12,1.21,454.7,57694
2026-02-27 07:37:00,1.81,-2.26,-2.89,308.77,-44.92,4.09,2.25,479.6,120689
2026-02-27 07:38:00,1.89,-1.55,-3.23,320.72,-52.92,4.05,1.19,441.1,46127
2026-02-27 07:39:00,1.92,-1.66,-3.11,319.12,-50.73,4.01,1.77,453.9,55659
2026-02-27 07:40:00,1.34,-2.07,-3.36,303.03,-53.76,4.17,2.48,466.2,76227
2026-02-27 07:41:00,1.21,-2.36,-3.27,297.11,-50.96,4.21,2.22,466.7,70181
2026-02-27 07:42:00,1.44,-1.60,-3.25,311.90,-56.47,3.90,2.52,472.6,83655
2026-02-27 07:43:00,2.53,-1.57,-1.74,328.14,-30.22,3.45,2.24,470.5,84914
2026-02-27 07:44:00,2.25,-0.72,-2.35,342.36,-44.90,3.33,1.63,459.3,67725
2026-02-27 07:45:00,-0.05,-2.57,-3.59,268.80,-54.39,4.42,1.56,449.3,47947
2026-02-27 07:46:00,0.11,-2.66,-3.50,272.46,-52.77,4.40,1.54,460.7,57603
2026-02-27 07:47:00,0.52,-2.42,-3.20,282.03,-52.29,4.04,2.37,501.1,127954
2026-02-27 07:48:00,2.90,-2.19,-0.26,322.92,-4.06,3.65,2.24,479.3,80482
2026-02-27 07:49:00,2.60,-2.62,-0.99,314.75,-15.03,3.83,2.41,472.7,97537
2026-02-27 07:50:00,2.20,-2.84,-1.48,307.76,-22.42,3.89,0.33,434.7,57995
2026-02-27 07:52:00,2.35,-2.81,-1.33,309.93,-19.88,3.90,1.93,481.3,233203
2026-02-27 07:53:00,2.31,-3.02,-1.25,307.36,-18.17,4.00,0.57,440.9,63641
2026-02-27 07:54:00,2.27,-2.79,-1.62,309.17,-24.16,3.95,1.54,470.1,140961
2026-02-27 07:55:00,2.38,-2.54,-1.66,313.06,-25.50,3.86,1.45,466.0,101103
2026-02-27 07:56:00,2.90,-1.59,-1.74,331.20,-27.78,3.74,1.68,460.0,94584
2026-02-27 07:57:00,2.34,-2.24,-1.76,316.25,-28.42,3.69,1.31,447.8,71247
2026-02-27 07:58:00,2.51,-1.94,-1.90,322.30,-30.86,3.70,1.11,452.1,86373
2026-02-27 07:59:00,2.74,-2.20,-0.90,321.27,-14.38,3.63,1.39,456.8,100923
2026-02-27 08:00:00,3.00,-1.98,-0.74,326.60,-11.56,3.67,1.50,448.8,83137
2026-02-27 08:01:00,1.60,-3.45,0.79,294.91,11.77,3.89,1.36,456.9,100176
2026-02-27 08:02:00,1.38,-3.77,0.53,290.07,7.58,4.05,1.08,476.8,137407
2026-02-27 08:03:00,-0.87,-2.99,2.19,253.75,35.09,3.80,0.50,473.0,106960
2026-02-27 08:04:00,-0.71,-3.86,2.36,259.53,30.96,4.58,0.24,494.7,89902
2026-02-27 08:05:00,-1.18,-4.30,1.17,254.64,14.69,4.61,0.25,500.3,94371
2026-02-27 08:06:00,-0.34,-4.40,0.71,265.65,9.15,4.47,0.29,505.1,147780
2026-02-27 08:07:00,0.97,-3.98,0.62,283.66,8.67,4.14,0.91,495.2,153794
2026-02-27 08:08:00,2.51,-2.69,0.61,313.01,9.38,3.73,0.70,467.1,113452
2026-02-27 08:09:00,2.76,-2.27,0.73,320.58,11.58,3.64,1.21,461.0,150092
2026-02-27 08:10:00,2.80,-1.76,1.30,327.88,21.47,3.56,0.96,454.6,104948
2026-02-27 08:11:00,2.72,-1.93,1.70,324.62,26.93,3.75,0.59,471.0,124609
2026-02-27 08:12:00,2.83,-1.99,1.56,324.82,24.29,3.80,0.81,455.4,92463
2026-02-27 08:13:00,3.09,-1.99,0.78,327.17,12.03,3.76,1.15,467.1,178136
2026-02-27 08:14:00,3.02,-1.98,0.82,326.72,12.74,3.70,0.95,463.4,178951
2026-02-27 08:15:00,2.97,-2.06,1.07,325.34,16.43,3.77,0.44,433.8,133841
2026-02-27 08:16:00,2.80,-2.30,0.78,320.63,12.21,3.71,0.52,432.4,107935
2026-02-27 08:17:00,2.64,-2.46,0.45,317.02,7.07,3.64,1.26,460.5,118746
2026-02-27 08:18:00,1.71,-3.52,-0.30,295.94,-4.45,3.92,1.42,469.3,131564
2026-02-27 08:19:00,2.06,-3.30,-0.01,302.02,-0.14,3.89,0.63,462.3,123408
2026-02-27 08:20:00,2.45,-2.99,0.70,309.29,10.20,3.93,0.58,457.8,121160
2026-02-27 08:21:00,2.67,-2.33,1.35,318.79,20.85,3.79,0.27,432.9,32443
2026-02-27 08:22:00,2.92,-2.43,0.13,320.30,1.89,3.80,0.50,460.7,150183
2026-02-27 08:23:00,2.97,-2.19,0.40,323.58,6.16,3.71,0.77,463.7,189275
2026-02-27 08:24:00,3.20,-1.75,0.55,331.37,8.65,3.69,0.77,,
2026-02-27 08:25:00,3.25,-1.88,-0.01,329.92,-0.11,3.76,0.73,456.3,160999
2026-02-27 08:26:00,3.32,-1.81,0.17,331.46,2.57,3.78,0.80,453.2,141224
2026-02-27 08:27:00,3.33,-1.64,0.40,333.81,6.17,3.74,0.98,453.1,140628
2026-02-27 08:28:00,3.19,-1.81,0.38,330.44,5.88,3.69,1.23,464.7,176956
2026-02-27 08:29:00,3.41,-1.29,0.54,339.33,8.51,3.68,1.15,453.4,118190
2026-02-27 08:30:00,2.92,-1.82,0.38,327.97,6.31,3.46,0.75,459.5,116010
2026-02-27 08:31:00,3.07,-1.78,-0.84,329.84,-13.28,3.64,0.97,463.4,130664
2026-02-27 08:32:00,2.84,-1.76,-1.09,328.26,-18.09,3.52,1.60,462.3,135734
2026-02-27 08:33:00,2.70,-1.90,-0.89,324.89,-15.03,3.42,1.57,463.0,133325
2026-02-27 08:34:00,2.52,-2.01,-0.69,321.46,-12.17,3.30,1.09,446.0,82685
2026-02-27 08:35:00,1.23,-2.09,-1.49,300.61,-31.63,2.85,1.23,447.2,95179
2026-02-27 08:36:00,1.00,-2.12,-2.20,295.19,-43.19,3.22,1.96,468.3,119172
2026-02-27 08:37:00,0.11,-2.13,-2.53,273.06,-49.88,3.31,2.34,467.8,110014
2026-02-27 08:38:00,-0.09,-1.87,-2.54,267.33,-53.69,3.16,1.85,480.4,102252
2026-02-27 08:39:00,-0.21,-2.40,-3.24,264.93,-53.38,4.04,1.78,457.5,51528
2026-02-27 08:40:00,-0.46,-2.37,-3.14,259.01,-52.38,3.96,1.91,483.8,92383
2026-02-27 08:41:00,-0.24,-1.42,-1.26,260.40,-41.21,1.92,2.28,492.3,140172
2026-02-27 08:42:00,0.76,1.95,0.93,68.64,23.85,2.29,1.66,467.9,94910
2026-02-27 08:43:00,-0.51,0.11,-0.16,168.11,-17.31,0.54,1.57,482.6,143575
2026-02-27 08:44:00,-2.27,-1.72,-0.44,217.27,-8.80,2.88,1.63,498.0,194685
2026-02-27 08:45:00,-3.17,-1.46,-1.91,204.75,-28.70,3.98,1.51,508.7,197528
2026-02-27 08:46:00,-3.89,-1.18,-2.81,196.83,-34.65,4.94,1.60,485.6,109895
2026-02-27 08:47:00,-3.86,-0.71,-3.09,190.40,-38.21,5.00,1.90,491.9,66128
2026-02-27 08:48:00,-2.87,-0.23,-2.48,184.50,-40.71,3.80,2.11,532.9,96982
2026-02-27 08:49:00,2.33,-0.42,1.89,349.77,38.65,3.03,2.39,534.1,147501
2026-02-27 08:50:00,2.75,-1.23,2.50,335.95,39.71,3.92,2.06,491.7,162882
2026-02-27 08:51:00,2.51,-1.62,2.48,327.16,39.67,3.88,0.38,460.0,84503
2026-02-27 08:52:00,2.64,-1.85,2.44,325.03,37.15,4.04,0.51,456.0,147034
2026-02-27 08:53:00,2.61,-1.30,2.76,333.44,43.48,4.02,0.92,469.4,84021
2026-02-27 08:54:00,2.36,-1.56,2.83,326.46,45.02,4.00,1.08,434.9,58465
2026-02-27 08:55:00,1.14,-3.18,2.42,289.73,35.56,4.16,0.27,518.3,263880
2026-02-27 08:56:00,0.40,-3.56,2.36,276.39,33.35,4.29,0.38,497.6,118993
2026-02-27 08:57:00,1.58,-2.87,2.30,298.92,35.06,4.00,0.39,496.9,113997
2026-02-27 08:58:00,0.78,-3.75,1.90,281.71,26.43,4.27,0.38,514.9,150489
2026-02-27 08:59:00,1.56,-3.40,1.48,294.70,21.62,4.02,0.37,491.4,156191
2026-02-27 09:00:00,-1.43,-4.25,0.08,251.47,1.07,4.49,0.92,475.1,96602
2026-02-27 09:01:00,-1.24,-4.29,0.06,253.89,0.80,4.47,0.92,489.3,106052
2026-02-27 09:02:00,-1.06,-4.19,0.06,255.79,0.74,4.32,0.92,502.4,132620
2026-02-27 09:03:00,-0.42,-4.05,0.03,264.14,0.44,4.07,1.17,497.1,112866
2026-02-27 09:04:00,0.42,-3.94,-0.21,276.13,-3.00,3.97,1.43,488.4,108033
2026-02-27 09:05:00,-0.09,-4.13,0.24,268.77,3.37,4.14,1.30,476.7,99054
2026-02-27 09:06:00,-1.03,-4.22,-0.08,256.23,-1.00,4.35,0.81,467.7,60557
2026-02-27 09:07:00,-1.41,-4.17,-0.88,251.38,-11.29,4.49,0.87,487.4,105705
2026-02-27 09:08:00,-0.91,-4.11,-1.32,257.54,-17.37,4.41,1.16,485.4,91795
2026-02-27 09:09:00,-0.90,-3.94,-1.81,257.07,-24.13,4.42,1.18,475.6,91303
2026-02-27 09:10:00,-0.60,-4.03,-1.75,261.54,-23.20,4.43,1.59,507.8,185366
2026-02-27 09:11:00,-0.75,-4.03,-1.91,259.42,-24.92,4.53,1.67,486.6,123771
2026-02-27 09:12:00,-0.63,-3.81,-2.34,260.57,-31.23,4.51,1.84,482.6,89970
2026-02-27 09:13:00,-1.71,-3.30,-2.15,242.60,-30.07,4.29,1.32,468.7,49652
2026-02-27 09:14:00,-0.51,-2.77,-1.09,259.56,-21.20,3.02,1.82,501.3,103607
2026-02-27 09:15:00,3.06,0.32,1.84,5.97,30.94,3.58,0.95,463.7,146834
2026-02-27 09:16:00,3.06,0.33,2.44,6.16,38.35,3.93,0.83,446.6,93662
2026-02-27 09:17:00,2.44,0.92,2.93,20.66,48.30,3.93,0.79,461.8,116657
2026-02-27 09:18:00,2.69,1.38,2.97,27.21,44.46,4.24,0.92,470.3,123801
2026-02-27 09:19:00,2.66,1.15,3.18,23.36,47.59,4.30,0.87,467.1,117829
2026-02-27 09:20:00,2.65,0.02,3.33,0.51,51.46,4.26,0.91,454.2,94150
2026-02-27 09:21:00,2.67,-0.34,3.33,352.73,51.00,4.28,0.81,435.6,39684
2026-02-27 09:22:00,2.65,-0.90,3.18,341.29,48.68,4.24,0.11,441.2,86234
2026-02-27 09:23:00,3.01,-0.78,2.51,345.38,38.88,4.00,0.15,463.7,188073
2026-02-27 09:24:00,2.97,-0.36,2.77,353.01,42.75,4.07,0.16,431.7,37416
2026-02-27 09:25:00,2.90,-0.52,2.91,349.80,44.61,4.14,0.15,426.6,33674
2026-02-27 09:26:00,2.88,-0.27,2.94,354.54,45.54,4.13,0.32,450.7,84557
2026-02-27 09:27:00,2.94,-0.31,3.00,354.03,45.49,4.21,0.10,476.7,240531
2026-02-27 09:28:00,2.45,-1.49,3.05,328.75,46.72,4.18,0.03,405.9,18350
2026-02-27 09:29:00,2.18,-2.03,2.91,317.07,44.33,4.16,0.03,419.0,23164
2026-02-27 09:30:00,1.54,-2.88,2.73,298.09,39.95,4.26,0.03,420.7,24550
2026-02-27 09:31:00,0.85,-3.35,2.73,284.27,38.29,4.40,0.15,494.4,255265
2026-02-27 09:32:00,1.09,-3.31,2.74,288.17,38.21,4.43,0.18,492.0,175907
2026-02-27 09:33:00,1.39,-2.72,3.03,297.10,44.76,4.31,0.20,491.0,166218
2026-02-27 09:34:00,1.40,-2.88,3.01,295.99,43.17,4.39,0.22,486.4,143271
2026-02-27 09:35:00,0.84,-3.88,1.31,282.17,18.23,4.18,0.31,479.8,128393
2026-02-27 09:36:00,0.77,-4.20,1.14,280.37,14.99,4.42,0.43,482.8,181451
2026-02-27 09:37:00,0.51,-4.25,0.67,276.77,8.91,4.33,0.52,483.2,182495
2026-02-27 09:38:00,-0.78,-4.43,0.28,259.97,3.53,4.51,0.57,472.8,97326
2026-02-27 09:39:00,0.96,-1.47,0.93,303.29,27.90,1.98,0.66,473.3,103804
2026-02-27 09:40:00,3.33,0.34,1.65,5.80,26.28,3.74,1.16,453.9,103363
2026-02-27 09:41:00,3.09,-1.64,1.05,332.02,16.74,3.65,1.51,455.6,103514
2026-02-27 09:42:00,3.50,-1.05,0.93,343.24,14.25,3.77,0.42,447.0,208115
2026-02-27 09:43:00,3.78,-0.68,0.32,349.86,4.79,3.85,1.20,436.6,67926
2026-02-27 09:44:00,3.70,-0.33,-0.47,354.93,-7.24,3.74,0.99,447.9,126720
2026-02-27 09:45:00,3.55,-0.14,-1.02,357.80,-16.07,3.69,1.14,442.1,111892
2026-02-27 09:46:00,3.55,-0.89,-0.97,345.99,-14.81,3.79,1.17,444.6,98633
2026-02-27 09:47:00,3.33,-0.35,-1.64,354.03,-26.08,3.73,1.10,438.3,82371
2026-02-27 09:48:00,3.46,0.86,-1.48,13.96,-22.49,3.86,1.98,454.5,111577
2026-02-27 09:49:00,3.40,-0.06,-1.42,358.95,-22.73,3.69,2.10,452.2,86071
2026-02-27 09:50:00,3.41,-0.57,-1.44,350.54,-22.66,3.75,1.89,446.4,64315
2026-02-27 09:51:00,3.41,-0.68,-1.42,348.80,-22.19,3.76,1.77,447.8,74099
2026-02-27 09:52:00,3.17,-0.21,-2.17,356.15,-34.36,3.85,1.60,448.2,80397
2026-02-27 09:53:00,3.59,-0.40,-0.79,353.69,-12.26,3.70,1.86,451.3,76922
2026-02-27 09:54:00,3.83,-0.18,-0.41,357.26,-6.14,3.86,1.87,453.1,85790
2026-02-27 09:55:00,3.81,-0.22,-0.24,356.69,-3.53,3.82,0.59,442.0,110231
2026-02-27 09:56:00,3.83,-0.41,0.30,353.84,4.51,3.86,1.15,447.2,119149
2026-02-27 09:57:00,3.81,-0.71,0.15,349.41,2.25,3.88,0.99,447.5,118987
2026-02-27 09:58:00,3.56,-1.23,0.69,340.98,10.36,3.83,1.09,451.6,134085
2026-02-27 09:59:00,3.60,-1.75,0.55,334.03,7.88,4.05,0.76,445.1,107102
2026-02-27 10:03:00,3.54,-1.56,-0.01,336.18,-0.21,3.87,1.18,442.7,60389
2026-02-27 10:04:00,3.22,-1.99,-0.53,328.34,-7.93,3.82,1.58,472.5,190843
2026-02-27 10:05:00,3.43,-1.70,-0.10,333.59,-1.54,3.83,1.00,452.5,134375
2026-02-27 10:06:00,3.44,-1.62,-0.33,334.75,-4.91,3.81,0.72,443.9,119699
2026-02-27 10:07:00,3.43,-1.42,-0.08,337.51,-1.21,3.71,0.76,446.9,133632
2026-02-27 10:08:00,3.52,-1.41,0.10,338.19,1.52,3.79,0.72,447.1,130228
2026-02-27 10:09:00,3.67,-1.12,0.08,343.08,1.25,3.83,0.63,444.5,124368
2026-02-27 10:10:00,3.78,-0.60,0.38,350.95,5.66,3.84,0.66,443.2,129125
2026-02-27 10:11:00,3.75,-0.01,0.74,359.78,11.21,3.82,0.85,447.0,144219
2026-02-27 10:12:00,3.72,0.55,0.39,8.41,5.94,3.78,0.84,446.3,141485
2026-02-27 10:13:00,3.73,0.33,0.24,5.10,3.66,3.75,1.05,447.4,135155
2026-02-27 10:14:00,3.63,0.60,-0.29,9.41,-4.47,3.69,0.61,430.1,76138
2026-02-27 10:15:00,3.53,0.81,-0.74,12.85,-11.48,3.70,1.58,446.4,82738
2026-02-27 10:16:00,3.46,0.86,-0.84,13.99,-13.33,3.66,1.80,448.6,86846
2026-02-27 10:17:00,3.61,0.47,-0.78,7.39,-12.16,3.73,0.94,434.1,64052
2026-02-27 10:18:00,3.57,0.70,-0.63,11.03,-9.86,3.69,1.84,453.6,115206
2026-02-27 10:19:00,3.60,1.12,-0.46,17.27,-6.96,3.79,1.73,449.2,90045
2026-02-27 10:20:00,3.65,0.41,-0.46,6.34,-7.06,3.70,1.70,449.2,83101
2026-02-27 10:21:00,3.63,0.10,-0.57,1.61,-8.89,3.68,1.09,434.8,72033
2026-02-27 10:22:00,3.57,0.00,-0.72,0.07,-11.48,3.64,1.26,444.6,114178
2026-02-27 10:23:00,3.46,-0.55,-0.98,350.89,-15.70,3.64,1.54,449.6,126852
2026-02-27 10:24:00,1.59,-2.21,-1.79,305.80,-33.35,3.26,1.23,437.7,97377
2026-02-27 10:25:00,1.60,-2.60,-2.20,301.63,-35.80,3.76,1.41,453.6,137475
2026-02-27 10:26:00,2.10,-2.33,-1.91,312.01,-31.38,3.67,1.97,477.0,178042
2026-02-27 10:27:00,1.90,-2.53,-1.92,306.89,-31.19,3.70,1.47,452.1,84826
2026-02-27 10:28:00,1.70,-3.15,-1.26,298.38,-19.31,3.80,1.21,444.6,69600
2026-02-27 10:29:00,1.48,-3.34,-0.74,293.96,-11.41,3.73,1.37,442.2,69879
2026-02-27 10:30:00,2.41,-2.62,-0.54,312.59,-8.61,3.60,1.20,471.2,195357
2026-02-27 10:31:00,2.22,-2.57,-1.45,310.79,-23.10,3.70,0.91,452.3,103307
2026-02-27 10:32:00,2.05,-2.82,-0.92,306.08,-14.82,3.61,0.97,446.2,93690
2026-02-27 10:33:00,1.31,-3.55,-0.67,290.19,-10.11,3.84,1.14,443.7,59501
2026-02-27 10:34:00,1.75,-2.91,-1.45,301.07,-23.11,3.69,1.07,468.2,185159
2026-02-27 10:35:00,1.46,-2.97,-1.95,296.17,-30.59,3.84,1.72,464.7,127885
2026-02-27 10:36:00,1.67,-2.99,-1.35,299.08,-21.46,3.68,1.92,462.1,102576
2026-02-27 10:37:00,3.17,-0.30,-1.52,354.66,-25.52,3.53,2.55,464.8,150068
2026-02-27 10:38:00,2.84,-1.74,-1.55,328.59,-24.96,3.67,1.99,454.1,111463
2026-02-27 10:39:00,2.98,-1.28,-1.51,336.72,-24.97,3.57,1.38,446.8,89637
2026-02-27 10:40:00,3.24,-1.07,-1.33,341.81,-21.33,3.66,0.95,439.8,86083
2026-02-27 10:41:00,3.27,-1.05,-1.44,342.10,-22.82,3.72,1.12,442.1,102241
2026-02-27 10:42:00,3.33,0.61,-1.58,10.35,-25.01,3.73,1.92,459.7,135622
2026-02-27 10:43:00,3.13,0.86,-1.74,15.30,-28.15,3.68,1.88,449.6,86745
2026-02-27 10:44:00,3.31,1.26,-1.06,20.88,-16.63,3.70,2.13,453.4,88456
2026-02-27 10:45:00,3.32,1.34,-1.23,21.97,-18.96,3.78,2.56,463.9,130164
2026-02-27 10:46:00,3.24,0.50,-1.51,8.74,-24.72,3.60,1.85,448.1,80441
2026-02-27 10:47:00,3.39,0.32,-1.42,5.46,-22.62,3.69,1.61,446.4,86234
2026-02-27 10:48:00,3.42,1.20,-1.27,19.35,-19.34,3.84,0.95,425.9,59544
2026-02-27 10:49:00,3.35,1.40,-1.40,22.75,-21.04,3.89,1.98,457.7,120988
2026-02-27 10:50:00,3.08,2.01,-1.03,33.13,-15.64,3.82,2.03,451.9,86407
2026-02-27 10:51:00,2.93,1.63,-1.48,28.97,-23.79,3.67,1.92,447.6,74347
2026-02-27 10:52:00,2.98,1.39,-1.66,25.06,-26.80,3.69,2.09,453.4,92905
2026-02-27 10:53:00,3.49,0.40,-1.51,6.58,-23.28,3.83,2.57,458.2,98930
2026-02-27 10:54:00,3.53,0.66,-1.55,10.52,-23.37,3.91,1.84,448.1,79046
2026-02-27 10:55:00,3.42,0.71,-1.68,11.67,-25.66,3.87,1.58,443.7,68521
2026-02-27 10:56:00,3.35,0.48,-1.73,8.14,-27.13,3.80,2.21,455.0,96539
2026-02-27 10:57:00,3.20,-0.29,-1.86,354.86,-29.99,3.71,2.26,459.3,110930
2026-02-27 10:58:00,3.57,0.45,-1.00,7.23,-15.50,3.73,1.81,447.4,76115
2026-02-27 10:59:00,3.72,0.35,-0.89,5.32,-13.44,3.84,1.42,441.5,71087
2026-02-27 11:00:00,3.67,0.04,-0.68,0.64,-10.48,3.73,1.50,445.1,90909
2026-02-27 11:01:00,3.67,-0.33,-0.62,354.80,-9.59,3.74,1.49,446.5,98833
2026-02-27 11:02:00,3.68,-0.30,-0.12,355.27,-1.83,3.69,0.82,439.2,102246
2026-02-27 11:03:00,3.66,-0.70,0.36,349.09,5.45,3.74,0.90,445.6,130002
2026-02-27 11:04:00,3.50,-1.20,-0.22,341.08,-3.46,3.71,1.15,459.5,189443
2026-02-27 11:05:00,3.62,-0.86,-0.52,346.58,-7.92,3.76,1.05,448.5,144550
2026-02-27 11:06:00,3.68,-0.21,-0.39,356.75,-6.00,3.71,1.05,442.6,112160
2026-02-27 11:07:00,3.58,-0.21,-0.76,356.66,-11.93,3.66,1.25,442.9,101687
2026-02-27 11:08:00,3.43,-0.43,-0.83,352.82,-13.56,3.56,1.73,451.8,129811
2026-02-27 11:09:00,1.21,-2.75,-1.77,293.64,-30.46,3.49,1.91,455.4,142521
2026-02-27 11:10:00,1.25,-3.14,-1.59,291.73,-25.11,3.74,0.44,443.3,89112
2026-02-27 11:11:00,0.76,-3.27,-1.53,283.11,-24.47,3.69,0.92,454.2,111803
2026-02-27 11:12:00,1.81,-2.33,-1.63,307.90,-28.87,3.37,1.40,468.0,134254
2026-02-27 11:13:00,3.29,-0.24,-0.77,355.81,-13.20,3.39,1.56,466.2,123736
2026-02-27 11:14:00,3.08,-1.38,-1.22,335.78,-19.92,3.59,1.44,449.6,97320
2026-02-27 11:15:00,3.23,0.35,-0.83,6.13,-14.36,3.35,0.76,436.3,81238
2026-02-27 11:16:00,3.27,0.04,-0.61,0.67,-10.55,3.33,1.64,447.4,97471
2026-02-27 11:17:00,2.86,-0.68,-1.23,346.63,-22.64,3.19,1.58,448.2,102922
2026-02-27 11:18:00,2.66,-1.24,-1.75,335.00,-30.83,3.41,0.71,429.8,76784
2026-02-27 11:19:00,2.07,-1.30,-2.43,327.97,-44.86,3.45,1.67,447.8,88582
2026-02-27 11:20:00,2.33,-0.55,-2.48,346.71,-46.03,3.45,1.67,452.1,96897
2026-02-27 11:21:00,2.72,-0.05,-2.27,358.98,-39.79,3.54,2.44,458.8,109193
2026-02-27 11:22:00,2.97,-0.15,-1.57,357.05,-27.83,3.36,1.21,436.8,61308
2026-02-27 11:23:00,3.29,-0.51,-0.52,351.22,-8.82,3.37,1.34,442.8,96004
2026-02-27 11:24:00,3.36,0.10,-0.37,1.65,-6.30,3.38,1.46,449.1,115858
2026-02-27 11:25:00,2.83,0.37,-1.99,7.38,-34.90,3.48,0.96,440.6,105280
2026-02-27 11:26:00,2.91,0.66,-1.94,12.86,-33.05,3.56,1.36,448.1,105725
2026-02-27 11:27:00,2.83,0.05,-2.00,0.94,-35.28,3.47,1.89,453.2,99924
2026-02-27 11:28:00,2.53,0.46,-2.36,10.32,-42.51,3.49,1.78,447.5,85567
2026-02-27 11:29:00,2.88,-0.14,-1.73,357.22,-30.99,3.36,1.71,438.9,69658
2026-02-27 11:30:00,3.15,-0.70,-0.43,347.53,-7.67,3.25,1.78,438.3,88214
2026-02-27 11:31:00,3.13,0.11,-0.74,2.01,-13.26,3.21,1.62,463.5,162757
2026-02-27 11:32:00,3.08,0.41,-0.86,7.60,-15.46,3.22,1.63,446.2,92647
2026-02-27 11:33:00,2.95,0.44,-1.09,8.43,-20.11,3.18,1.28,441.2,86786
2026-02-27 11:34:00,2.96,0.21,-0.94,4.00,-17.58,3.12,1.26,449.5,149587
2026-02-27 11:35:00,2.39,-0.76,-0.34,342.25,-7.79,2.53,1.21,449.2,122828
2026-02-27 11:36:00,2.83,0.87,-1.59,17.09,-28.31,3.36,1.51,447.9,131066
2026-02-27 11:37:00,2.26,1.11,-1.41,26.10,-29.28,2.88,1.16,429.5,68594
2026-02-27 11:38:00,1.10,0.61,-0.85,28.82,-34.06,1.52,2.13,458.3,148139
2026-02-27 11:39:00,0.49,-0.80,-0.75,301.44,-38.57,1.20,1.79,459.2,156458
2026-02-27 11:40:00,-1.20,-2.59,0.67,245.15,13.23,2.93,1.42,460.9,131325
2026-02-27 11:41:00,-1.25,-3.59,0.24,250.76,3.65,3.81,0.99,470.3,114080
2026-02-27 11:42:00,-1.17,-3.47,-0.02,251.29,-0.36,3.66,0.79,474.9,109654
2026-02-27 11:43:00,-1.17,-3.16,0.42,249.67,7.13,3.40,0.71,484.0,109528
2026-02-27 11:44:00,-0.10,-3.03,-0.80,268.07,-14.74,3.14,0.65,466.9,84031
2026-02-27 11:45:00,2.27,-0.72,-0.57,342.38,-13.44,2.45,1.11,452.5,109266
2026-02-27 11:46:00,1.62,-0.02,-1.32,359.28,-39.05,2.09,1.81,458.8,177605
2026-02-27 11:47:00,-0.01,-2.67,-1.79,269.81,-33.73,3.22,1.47,447.7,105427
2026-02-27 11:48:00,-0.31,-2.16,-1.79,261.86,-39.27,2.82,2.00,469.4,115761
2026-02-27 11:49:00,-0.82,-3.07,-1.13,255.02,-19.52,3.37,1.68,473.0,100723
2026-02-27 11:50:00,-0.82,-2.68,-1.39,253.06,-26.38,3.13,1.23,494.8,158559
2026-02-27 11:51:00,-2.09,-3.21,-1.19,236.95,-17.18,4.01,1.05,487.0,129604
2026-02-27 11:52:00,-3.08,-3.09,-0.20,225.10,-2.59,4.37,1.06,453.2,70141
2026-02-27 11:53:00,-1.61,-3.81,-0.27,247.09,-3.73,4.14,0.12,416.2,17571
2026-02-27 11:54:00,-1.15,-3.85,-0.21,253.30,-3.00,4.02,0.80,486.9,176794
2026-02-27 11:55:00,-1.42,-3.86,-0.08,249.86,-1.12,4.11,0.80,484.6,123636
2026-02-27 11:56:00,-1.08,-3.98,-0.31,254.78,-4.23,4.14,0.77,475.7,86957
2026-02-27 11:57:00,-1.44,-3.77,-1.02,249.07,-14.21,4.16,1.18,476.8,93013
2026-02-27 11:58:00,-2.30,-3.97,-0.15,239.97,-1.87,4.59,1.36,477.5,82878
2026-02-27 11:59:00,-1.88,-3.94,-0.68,244.55,-8.82,4.42,1.23,482.8,85334
2026-02-27 12:00:00,-0.04,-4.18,0.09,269.47,1.20,4.18,1.31,489.4,133840
2026-02-27 12:01:00,-1.65,-3.66,-1.59,245.70,-21.59,4.32,1.15,477.1,125654
2026-02-27 12:02:00,-1.73,-3.56,-1.61,244.13,-22.18,4.28,0.88,467.3,57382
2026-02-27 12:03:00,-1.56,-3.69,-1.87,247.13,-25.02,4.42,1.83,495.4,103373
2026-02-27 12:04:00,-1.47,-3.65,-1.65,248.11,-22.80,4.27,1.82,489.4,99629
2026-02-27 12:05:00,-1.30,-3.97,1.30,251.87,17.34,4.38,1.96,506.7,154203
2026-02-27 12:06:00,-1.25,-4.30,-0.08,253.77,-1.04,4.48,1.41,495.2,79328
2026-02-27 12:07:00,-1.58,-3.15,-2.53,243.32,-35.61,4.34,2.00,484.3,75605
2026-02-27 12:08:00,-2.05,-3.48,-1.16,239.51,-15.99,4.20,2.22,505.1,164966
2026-02-27 12:09:00,-2.34,-3.51,-1.73,236.23,-22.31,4.56,1.55,493.3,90389
2026-02-27 12:10:00,-1.93,-3.49,-2.15,241.06,-28.27,4.53,1.78,492.9,127304
2026-02-27 12:11:00,-2.50,-3.12,-2.36,231.25,-30.60,4.64,1.84,492.6,110339
2026-02-27 12:12:00,-2.32,-3.13,-2.51,233.47,-32.85,4.63,1.82,505.4,122700
2026-02-27 12:13:00,-2.60,-3.20,-2.11,230.96,-27.07,4.63,1.88,506.6,121650
2026-02-27 12:14:00,-1.89,-2.91,-2.85,236.95,-39.37,4.49,1.67,493.2,110541
2026-02-27 12:15:00,-1.96,-2.36,-2.96,230.39,-44.01,4.27,1.48,484.8,106362
2026-02-27 12:16:00,-3.88,-2.64,-1.23,214.22,-14.67,4.86,1.84,506.9,100602
2026-02-27 12:17:00,-4.22,-2.13,-1.80,206.72,-20.88,5.06,1.61,504.1,91188
2026-02-27 12:18:00,-3.58,-2.77,-1.82,217.74,-21.91,4.89,1.35,489.4,65448
2026-02-27 12:19:00,-3.07,-2.73,-2.28,221.62,-29.02,4.70,1.76,473.6,53791
2026-02-27 12:20:00,-2.29,-1.83,-3.27,218.59,-48.18,4.39,2.14,500.0,94067
2026-02-27 12:21:00,-1.58,-2.13,-3.45,233.45,-52.49,4.35,2.26,509.6,120126
2026-02-27 12:22:00,-1.53,-1.46,-3.89,223.66,-61.50,4.42,1.98,486.6,89458
2026-02-27 12:23:00,-1.76,-1.15,-3.92,213.00,-61.82,4.45,2.36,489.7,97023
2026-02-27 12:24:00,-1.79,-1.88,-3.56,226.36,-53.86,4.40,2.87,506.9,200899
2026-02-27 12:25:00,-0.55,-1.91,-3.63,253.87,-61.24,4.14,1.86,475.7,64686
2026-02-27 12:26:00,-0.87,-2.20,-3.42,248.45,-55.33,4.16,1.95,467.2,67223
2026-02-27 12:27:00,-1.06,-2.27,-3.33,244.93,-53.10,4.17,1.90,474.8,83796
2026-02-27 12:28:00,-1.52,-2.98,-2.08,242.89,-31.89,3.94,1.95,479.1,101708
2026-02-27 12:29:00,-1.51,-1.16,-3.65,217.46,-62.43,4.12,2.25,479.5,118589
2026-02-27 12:30:00,-1.24,-1.74,-3.66,234.60,-59.68,4.24,2.17,470.5,86944
2026-02-27 12:31:00,-0.36,-1.80,-3.12,258.57,-59.52,3.62,2.38,471.2,79811
2026-02-27 12:32:00,0.40,-3.87,0.93,275.87,13.36,4.00,2.49,485.7,89747
2026-02-27 12:33:00,0.47,-3.90,-0.03,276.94,-0.43,3.93,1.56,479.0,65305
2026-02-27 12:34:00,0.62,-3.63,-0.42,279.64,-6.47,3.70,0.69,456.8,85867
2026-02-27 12:35:00,0.37,-1.96,-2.79,280.76,-54.48,3.43,1.31,468.3,150907
2026-02-27 12:36:00,0.26,-0.57,-3.91,294.20,-80.85,3.96,2.22,465.8,95326
2026-02-27 12:37:00,0.34,-0.62,-4.02,298.94,-80.08,4.08,2.31,471.9,112365
2026-02-27 12:38:00,0.26,0.54,-4.04,64.16,-81.54,4.08,1.62,440.5,44071
2026-02-27 12:39:00,0.06,1.66,-3.60,88.01,-65.25,3.96,2.55,480.3,149586
2026-02-27 12:40:00,-0.21,2.07,-3.51,95.88,-59.35,4.08,2.06,473.9,85777
2026-02-27 12:41:00,0.14,2.48,-3.28,86.71,-52.80,4.12,2.34,472.5,105255
2026-02-27 12:42:00,0.00,2.42,-3.24,90.11,-53.19,4.05,2.64,476.8,116096
2026-02-27 12:43:00,-0.21,0.97,-4.23,102.03,-76.80,4.35,2.21,470.3,89533
2026-02-27 12:44:00,-0.23,1.00,-4.29,102.98,-76.54,4.41,2.17,471.2,77106
2026-02-27 12:45:00,0.16,0.85,-4.27,79.46,-78.53,4.35,1.87,456.4,54202
2026-02-27 12:46:00,-0.02,1.16,-4.24,91.17,-74.74,4.40,2.37,461.1,71835
2026-02-27 12:47:00,-0.48,1.34,-4.29,109.77,-71.64,4.52,2.55,473.2,87238
2026-02-27 12:48:00,-0.24,1.62,-4.19,98.37,-68.70,4.50,2.20,474.6,79742
2026-02-27 12:51:00,-0.50,0.51,-4.48,134.66,-80.90,4.54,1.85,467.7,62032
2026-02-27 12:52:00,-0.60,0.31,-4.50,152.40,-81.48,4.55,1.46,458.5,39688
2026-02-27 12:53:00,-0.93,0.25,-4.47,164.85,-77.80,4.57,1.31,445.3,32036
2026-02-27 12:54:00,-0.83,-0.04,-4.39,182.46,-79.29,4.47,1.94,480.9,113180
2026-02-27 12:55:00,-0.96,-0.10,-4.12,186.12,-76.77,4.23,2.68,488.9,134719
2026-02-27 12:56:00,-1.62,-0.85,-4.11,207.60,-66.00,4.50,1.35,457.1,36575
2026-02-27 12:57:00,-1.77,-0.47,-4.20,195.00,-66.43,4.59,1.95,486.1,80738
2026-02-27 12:58:00,-1.75,-0.78,-4.16,204.15,-65.29,4.58,2.54,497.8,119697
2026-02-27 12:59:00,-2.08,-0.96,-4.06,204.78,-60.50,4.66,2.14,483.4,87084
2026-02-27 13:00:00,-2.76,-1.77,-3.50,212.66,-46.88,4.80,1.98,468.0,56137
2026-02-27 13:01:00,-2.44,-1.11,-3.91,204.44,-55.58,4.74,2.19,497.5,123563
2026-02-27 13:02:00,-1.63,-0.55,-4.32,198.79,-68.32,4.65,2.46,500.8,150164
2026-02-27 13:03:00,-1.74,-0.64,-4.31,200.11,-66.77,4.69,2.58,492.7,138503
2026-02-27 13:04:00,-2.17,-0.81,-4.11,200.42,-60.58,4.72,2.22,483.5,98132
2026-02-27 13:05:00,-2.71,-0.76,-3.92,195.62,-54.35,4.82,1.96,484.2,78602
2026-02-27 13:06:00,-2.73,-0.62,-3.98,192.70,-54.90,4.87,2.22,505.3,115194
2026-02-27 13:07:00,-2.52,-0.24,-4.11,185.47,-58.38,4.83,2.04,483.1,65602
2026-02-27 13:08:00,-2.49,-0.21,-4.08,184.73,-58.50,4.78,2.22,494.7,96713
2026-02-27 13:09:00,-1.88,-0.02,-4.14,180.56,-65.59,4.54,2.49,502.2,136144
2026-02-27 13:10:00,-1.04,-0.13,-4.17,186.97,-75.93,4.30,2.11,486.0,86391
2026-02-27 13:11:00,-0.75,-0.57,-4.14,217.38,-77.19,4.24,3.19,475.3,143634
2026-02-27 13:12:00,-1.04,-0.49,-4.17,205.07,-74.65,4.33,2.16,456.3,79386
2026-02-27 13:13:00,-2.55,-0.69,-3.98,195.06,-56.48,4.78,2.14,477.3,91445
2026-02-27 13:14:00,-3.67,-1.14,-3.18,197.24,-39.59,4.99,2.08,500.1,103165
2026-02-27 13:15:00,-3.64,-1.41,-3.09,201.16,-38.39,4.98,1.92,504.5,81191
2026-02-27 13:16:00,-3.42,-0.57,-3.33,189.45,-43.87,4.80,1.88,518.0,90542
2026-02-27 13:17:00,-2.90,-0.18,-3.87,183.51,-53.11,4.84,2.01,497.7,73614
2026-02-27 13:18:00,-2.97,0.16,-3.86,176.87,-52.37,4.87,2.15,492.7,77443
2026-02-27 13:19:00,-2.00,0.92,-4.20,155.27,-62.35,4.74,2.19,493.7,84086
2026-02-27 13:20:00,-2.09,1.06,-4.02,153.12,-59.83,4.65,2.17,499.6,100821
2026-02-27 13:21:00,-1.58,0.49,-4.34,162.87,-69.16,4.65,2.17,516.0,131780
2026-02-27 13:22:00,-1.74,-0.41,-4.25,193.30,-67.14,4.61,2.31,485.0,92207
2026-02-27 13:23:00,-1.54,0.82,-4.31,151.96,-67.96,4.65,2.31,485.9,92783
2026-02-27 13:24:00,-2.21,1.76,-3.63,141.45,-52.07,4.60,2.33,491.8,101570
2026-02-27 13:25:00,-1.62,2.09,-3.68,127.80,-54.22,4.53,2.38,503.1,132178
2026-02-27 13:26:00,-1.75,2.41,-3.46,126.03,-49.22,4.57,2.39,485.0,96319
2026-02-27 13:27:00,-1.21,1.05,-4.36,139.10,-69.84,4.65,1.95,460.6,66499
2026-02-27 13:28:00,-1.39,0.38,-4.40,164.82,-71.91,4.63,2.58,477.3,77561
2026-02-27 13:29:00,-1.59,-0.88,-4.25,208.85,-66.86,4.62,2.50,483.6,85344
2026-02-27 13:30:00,-1.21,0.12,-4.44,174.15,-74.74,4.61,2.13,482.4,68563
2026-02-27 13:31:00,-0.54,0.84,-4.52,122.64,-77.59,4.63,2.14,470.4,67616
2026-02-27 13:32:00,-0.63,0.30,-4.58,154.50,-81.32,4.63,2.77,477.0,113374
2026-02-27 13:33:00,-0.66,0.55,-4.28,140.04,-78.64,4.36,2.54,488.0,110726
2026-02-27 13:34:00,-0.44,0.15,-4.40,161.13,-84.03,4.43,1.98,474.2,83585
2026-02-27 13:35:00,-0.67,0.82,-4.29,129.27,-76.12,4.42,2.23,468.7,94328
2026-02-27 13:36:00,-0.11,1.20,-4.16,95.15,-73.81,4.33,2.32,471.6,95047
2026-02-27 13:37:00,-0.75,0.80,-4.37,133.20,-75.91,4.51,1.69,464.6,62767
2026-02-27 13:38:00,-0.73,1.91,-3.90,110.84,-62.34,4.41,1.67,462.8,55597
2026-02-27 13:39:00,-1.41,0.62,-4.32,156.37,-70.42,4.58,2.22,467.1,72596
2026-02-27 13:40:00,-1.84,-0.25,-4.30,187.83,-66.68,4.68,2.19,487.0,112195
2026-02-27 13:41:00,-2.45,-0.40,-4.07,189.23,-58.66,4.77,2.06,473.9,69339
2026-02-27 13:42:00,-2.58,-0.07,-3.91,181.66,-56.55,4.69,2.19,481.1,74577
2026-02-27 13:43:00,-1.89,-0.50,-4.10,194.78,-64.49,4.55,2.30,504.3,108539
2026-02-27 13:44:00,-1.77,-0.93,-4.07,207.64,-63.84,4.54,2.38,481.4,105162
2026-02-27 13:45:00,-0.23,0.24,-3.93,134.11,-85.15,3.94,2.32,484.4,106544
2026-02-27 13:46:00,1.66,2.01,-3.04,50.51,-49.32,4.00,2.35,468.4,90081
2026-02-27 13:47:00,1.44,2.99,-2.36,64.34,-35.45,4.07,2.45,454.8,81403
2026-02-27 13:48:00,2.01,2.93,-1.77,55.46,-26.43,3.97,2.33,449.1,74442
2026-02-27 13:49:00,1.67,2.99,-2.07,60.75,-31.22,4.00,1.69,442.7,61037
2026-02-27 13:50:00,1.50,3.28,-1.74,65.37,-25.71,4.01,1.96,448.7,76293
2026-02-27 13:51:00,0.54,3.90,-1.29,82.12,-18.09,4.14,2.28,460.0,88870
2026-02-27 13:52:00,1.21,3.57,-1.29,71.20,-18.89,3.98,2.24,464.7,94008
2026-02-27 13:53:00,1.35,0.91,-2.79,34.08,-59.63,3.23,1.99,454.7,88679
2026-02-27 13:54:00,-1.16,-4.27,-0.37,254.78,-4.74,4.44,1.37,436.8,58801
2026-02-27 13:55:00,-1.04,-4.35,-1.21,256.51,-15.16,4.64,1.07,467.8,90971
2026-02-27 13:56:00,-0.18,-4.31,-1.73,267.67,-21.87,4.65,1.09,466.4,91256
2026-02-27 13:57:00,-0.14,-4.04,-2.12,267.98,-27.67,4.57,1.23,460.8,94929
2026-02-27 13:58:00,0.15,-3.41,-2.90,272.48,-40.34,4.48,1.57,471.6,113717
2026-02-27 13:59:00,0.77,-2.30,-3.30,288.43,-53.72,4.10,1.57,454.4,71737
2026-02-27 14:00:00,1.52,-1.04,-3.31,325.55,-60.80,3.79,1.76,454.3,89012
2026-02-27 14:01:00,2.01,-0.48,-3.22,346.55,-57.23,3.83,1.07,428.2,43948
2026-02-27 14:02:00,2.11,0.16,-3.29,4.21,-57.27,3.91,2.20,457.7,141029
2026-02-27 14:03:00,1.89,1.50,-2.96,38.45,-50.82,3.82,2.19,454.3,99703
2026-02-27 14:04:00,1.65,3.08,-1.78,61.76,-27.04,3.92,2.08,463.9,88783
2026-02-27 14:05:00,1.71,3.18,-1.70,61.76,-25.22,3.99,1.43,441.3,55814
2026-02-27 14:06:00,1.51,3.04,-1.83,63.51,-28.31,3.86,1.90,449.8,99764
2026-02-27 14:07:00,1.35,3.02,-2.38,65.91,-35.71,4.07,2.60,464.0,121211
2026-02-27 14:08:00,1.32,3.29,-2.02,68.15,-29.65,4.08,2.40,452.4,74964
2026-02-27 14:09:00,2.07,2.37,-2.37,48.88,-37.02,3.94,2.30,448.6,82231
2026-02-27 14:10:00,1.96,2.29,-2.46,49.44,-39.21,3.88,2.51,454.8,117535
2026-02-27 14:11:00,1.42,3.74,-0.52,69.29,-7.46,4.04,2.03,451.6,78779
2026-02-27 14:12:00,1.12,3.90,0.72,73.93,10.06,4.12,1.95,460.5,82452
2026-02-27 14:13:00,1.52,3.66,-0.15,67.49,-2.12,3.96,1.66,440.4,64048
2026-02-27 14:14:00,1.91,3.54,-0.58,61.72,-8.24,4.06,2.17,471.0,175013
2026-02-27 14:15:00,2.10,3.42,-0.25,58.40,-3.61,4.02,2.36,463.7,142293
2026-02-27 14:16:00,2.10,3.30,0.12,57.61,1.77,3.91,2.14,454.0,89413
2026-02-27 14:17:00,2.46,3.18,-0.01,52.26,-0.17,4.02,2.44,464.7,121665
2026-02-27 14:18:00,2.12,2.03,-1.52,43.79,-27.40,3.31,1.99,454.3,110837
2026-02-27 14:19:00,2.19,0.88,-3.11,21.86,-52.75,3.90,2.23,454.3,88242
2026-02-27 14:20:00,2.54,1.50,-2.54,30.63,-40.67,3.89,2.14,441.3,61895
2026-02-27 14:21:00,2.79,1.12,-2.76,21.88,-42.52,4.08,2.52,454.3,98623
2026-02-27 14:22:00,2.76,0.60,-3.10,12.27,-47.71,4.19,2.58,458.2,126694
2026-02-27 14:23:00,2.83,-0.64,-3.38,347.19,-49.31,4.46,2.16,450.3,97572
2026-02-27 14:24:00,3.06,-0.90,-2.99,343.63,-43.12,4.37,2.18,453.9,95313
2026-02-27 14:25:00,2.70,-1.15,-2.96,337.01,-45.21,4.16,2.27,455.3,107583
2026-02-27 14:26:00,2.40,-1.74,-3.02,324.06,-45.56,4.23,1.81,445.7,73604
2026-02-27 14:27:00,2.17,-1.30,-3.61,329.05,-54.96,4.40,1.86,450.2,93525
2026-02-27 14:28:00,2.27,-1.09,-3.57,334.44,-54.82,4.37,2.95,463.3,131233
2026-02-27 14:29:00,2.19,-1.26,-3.47,330.05,-53.96,4.30,2.76,460.3,122282
2026-02-27 14:30:00,2.68,-0.99,-3.12,339.64,-47.48,4.23,1.10,432.9,42830
2026-02-27 14:31:00,2.70,-0.27,-3.26,354.22,-50.24,4.24,2.10,446.5,74932
2026-02-27 14:32:00,2.61,-0.47,-3.25,349.86,-50.76,4.20,2.05,442.7,58030
2026-02-27 14:33:00,2.72,-0.52,-3.30,349.14,-49.95,4.31,2.35,452.5,86926
2026-02-27 14:34:00,2.85,-0.28,-3.07,354.39,-46.93,4.20,2.29,451.2,76829
2026-02-27 14:35:00,3.11,-0.39,-2.80,352.78,-41.82,4.21,1.56,426.3,44518
2026-02-27 14:36:00,2.43,1.06,-2.84,23.63,-47.02,3.88,1.87,449.9,97462
2026-02-27 14:37:00,2.30,1.41,-3.09,31.54,-48.91,4.10,2.29,454.6,97686
2026-02-27 14:38:00,2.53,1.93,-2.09,37.36,-33.32,3.81,2.48,449.5,78091
2026-02-27 14:39:00,2.15,3.14,-0.95,55.68,-13.96,3.92,1.84,437.9,59038
2026-02-27 14:40:00,3.03,2.16,-1.20,35.45,-17.81,3.91,1.77,442.8,82759
2026-02-27 14:41:00,3.37,1.41,-1.26,22.74,-19.00,3.87,2.42,457.3,117629
2026-02-27 14:42:00,3.74,0.28,-1.18,4.33,-17.46,3.94,1.91,439.5,77007
2026-02-27 14:43:00,3.72,0.38,-1.45,5.80,-21.18,4.01,1.40,429.9,57128
2026-02-27 14:44:00,3.89,0.22,-0.70,3.30,-10.17,3.96,1.57,441.5,80922
2026-02-27 14:45:00,3.85,0.22,-1.12,3.29,-16.16,4.01,1.51,438.7,76927
2026-02-27 14:46:00,3.93,-0.05,-1.19,359.25,-16.90,4.10,1.53,443.1,85417
2026-02-27 14:47:00,3.93,-0.08,-1.11,358.78,-15.76,4.08,1.19,434.3,64151
2026-02-27 14:48:00,4.13,0.45,-0.61,6.18,-8.34,4.19,1.46,440.9,77087
2026-02-27 14:49:00,4.04,0.01,-0.66,0.15,-9.22,4.09,1.30,439.4,72692
2026-02-27 14:50:00,4.17,0.11,-0.45,1.52,-6.18,4.19,0.99,433.3,72338
2026-02-27 14:51:00,4.09,0.08,-0.18,1.18,-2.49,4.09,1.71,448.4,115648
2026-02-27 14:52:00,4.07,-0.27,-0.05,356.18,-0.72,4.08,1.39,441.8,98988
2026-02-27 14:53:00,4.09,0.24,0.43,3.41,6.02,4.12,0.93,435.7,85439
2026-02-27 14:54:00,4.04,0.37,0.27,5.27,3.83,4.06,0.85,432.8,75218
2026-02-27 14:55:00,3.94,-0.69,0.46,350.06,6.54,4.03,1.41,445.9,106061
2026-02-27 14:56:00,3.81,-0.28,0.97,355.80,14.22,3.95,1.38,444.0,94520
2026-02-27 14:57:00,3.74,-0.27,1.29,355.83,18.95,3.96,0.68,427.8,55382
2026-02-27 14:58:00,3.41,0.24,1.97,4.10,30.00,3.94,0.81,446.6,96204
2026-02-27 14:59:00,3.55,-0.39,1.70,353.81,25.47,3.96,0.95,456.7,84364
2026-02-27 15:00:00,3.65,-0.27,1.44,355.84,21.52,3.94,0.52,425.3,77634
2026-02-27 15:01:00,3.59,-0.10,1.40,358.37,21.31,3.86,1.17,434.1,67570
2026-02-27 15:02:00,3.24,0.68,2.39,11.81,35.80,4.08,1.16,434.9,71463
2026-02-27 15:03:00,3.25,1.00,2.50,17.11,36.35,4.22,0.85,457.7,184365
2026-02-27 15:04:00,3.13,1.02,2.65,18.06,38.80,4.22,0.76,453.1,117292
2026-02-27 15:05:00,2.99,0.44,2.91,8.47,43.93,4.19,1.15,452.8,117381
2026-02-27 15:06:00,3.15,0.19,2.64,3.51,39.90,4.11,0.51,447.0,146263
2026-02-27 15:07:00,2.90,0.21,3.04,4.09,46.33,4.21,0.22,416.5,48904
2026-02-27 15:08:00,2.65,-0.19,3.29,355.87,51.07,4.23,0.18,417.3,30933
2026-02-27 15:09:00,3.07,0.01,2.68,0.26,41.11,4.08,0.26,431.7,101183
2026-02-27 15:10:00,3.20,0.21,2.51,3.67,38.09,4.07,0.26,423.0,69539
2026-02-27 15:11:00,3.33,0.22,2.20,3.73,33.38,4.00,0.51,428.0,77838
2026-02-27 15:12:00,3.11,-0.38,2.42,352.97,37.78,3.96,0.88,449.1,114684
2026-02-27 15:13:00,2.95,-1.14,2.58,338.79,39.20,4.08,0.66,452.4,122930
2026-02-27 15:14:00,3.02,-0.83,2.65,344.68,40.30,4.10,0.11,445.8,157607
2026-02-27 15:15:00,2.95,-0.90,2.49,343.11,38.96,3.97,0.15,440.4,86129
2026-02-27 15:16:00,2.62,-1.63,2.17,328.16,35.13,3.77,0.24,426.5,99118
2026-02-27 15:17:00,2.66,-2.01,1.64,322.86,26.13,3.71,0.23,409.3,42378
2026-02-27 15:18:00,2.22,-2.99,0.65,306.57,9.87,3.78,1.24,469.9,193464
2026-02-27 15:19:00,1.94,-3.21,0.96,301.22,14.32,3.87,0.74,453.6,152984
2026-02-27 15:20:00,2.16,-2.98,0.66,305.94,10.10,3.74,0.69,452.4,117108
2026-02-27 15:21:00,1.88,-3.16,0.79,300.81,12.18,3.76,1.48,431.7,61828
2026-02-27 15:22:00,1.77,-3.29,0.59,298.34,8.92,3.78,1.49,464.2,178383
2026-02-27 15:23:00,2.10,-3.11,0.44,303.97,6.65,3.78,0.78,455.3,135067
2026-02-27 15:24:00,2.17,-3.00,0.44,305.81,6.83,3.73,0.61,454.9,160167
2026-02-27 15:25:00,2.48,-2.55,0.91,314.19,14.31,3.67,0.69,467.5,239800
2026-02-27 15:26:00,1.93,-3.18,0.24,301.34,3.71,3.73,0.71,460.5,202092
2026-02-27 15:27:00,1.80,-3.22,0.26,299.28,4.00,3.70,0.68,451.1,135663
2026-02-27 15:28:00,2.38,-2.63,0.95,312.14,15.08,3.67,0.63,446.2,115700
2026-02-27 15:29:00,2.63,-2.43,0.91,317.22,14.31,3.70,0.69,446.5,145457
2026-02-27 15:30:00,2.36,-2.53,0.82,313.00,13.34,3.55,0.83,454.0,196565
2026-02-27 15:31:00,1.90,-3.19,0.73,300.81,11.07,3.78,0.77,442.5,146554
2026-02-27 15:32:00,1.65,-3.37,-0.80,296.13,-12.03,3.83,0.55,443.5,119752
2026-02-27 15:33:00,1.59,-3.07,-1.66,297.45,-25.70,3.84,0.49,419.9,21554
2026-02-27 15:34:00,1.58,-2.88,-1.98,298.78,-31.04,3.83,1.57,,
2026-02-27 15:35:00,1.97,-2.61,-1.84,307.08,-29.39,3.76,1.57,450.5,107385
2026-02-27 15:36:00,2.14,-2.57,-1.57,309.79,-25.15,3.70,1.73,440.9,59348
2026-02-27 15:37:00,2.06,-2.94,-1.30,304.95,-19.92,3.82,1.82,457.6,104459
2026-02-27 15:38:00,1.88,-3.25,-1.10,299.96,-16.32,3.91,1.38,449.8,103040
2026-02-27 15:39:00,2.27,-0.77,-1.73,341.19,-35.79,2.96,1.21,441.3,100767
2026-02-27 15:40:00,2.89,1.84,-0.75,32.41,-12.40,3.51,2.03,441.6,104126
2026-02-27 15:41:00,1.90,1.86,-2.55,44.28,-43.77,3.68,1.98,438.6,86489
2026-02-27 15:42:00,2.00,1.27,-2.84,32.38,-50.20,3.69,1.95,437.1,68462
2026-02-27 15:43:00,1.97,1.15,-2.92,30.27,-51.98,3.70,2.13,438.6,61248
2026-02-27 15:44:00,0.60,0.96,-3.64,58.01,-72.72,3.81,2.30,451.0,88559
2026-02-27 15:45:00,0.53,1.20,-3.59,66.02,-69.88,3.82,2.47,466.6,126966
2026-02-27 15:46:00,1.51,0.76,-3.23,26.69,-62.28,3.64,2.65,464.6,124389
2026-02-27 15:47:00,1.85,0.90,-2.89,25.80,-54.61,3.55,2.92,451.3,104081
2026-02-27 15:48:00,2.70,1.03,-2.03,20.91,-35.08,3.53,2.09,435.2,68426
2026-02-27 15:49:00,1.69,0.67,-3.07,21.47,-59.39,3.57,2.42,445.2,113272
2026-02-27 15:50:00,1.20,0.26,-3.54,12.41,-70.88,3.75,1.75,448.0,106382
2026-02-27 15:51:00,1.87,0.08,-3.08,2.39,-58.72,3.61,1.74,425.2,43542
2026-02-27 15:52:00,2.06,0.49,-2.90,13.46,-53.87,3.60,2.10,438.0,77758
2026-02-27 15:53:00,2.64,0.93,-2.29,19.32,-39.25,3.61,2.61,444.8,100593
2026-02-27 15:54:00,2.61,1.25,-2.32,25.56,-38.81,3.71,2.24,441.0,88039
2026-02-27 15:55:00,2.41,1.33,-2.44,28.89,-41.60,3.67,1.12,419.9,48968
2026-02-27 15:56:00,1.97,2.79,-1.27,54.78,-20.43,3.64,1.92,433.0,65248
2026-02-27 15:57:00,1.84,3.04,-0.78,58.87,-12.37,3.64,2.51,443.1,82171
2026-02-27 15:58:00,1.09,2.43,-2.38,65.87,-41.82,3.57,2.31,446.4,89124
2026-02-27 16:00:00,0.68,2.75,-1.97,76.08,-34.83,3.45,1.99,455.5,79692
2026-02-27 16:01:00,0.81,2.68,-1.86,73.17,-33.62,3.36,2.28,457.0,94759
2026-02-27 16:02:00,0.62,2.67,-2.16,76.96,-38.30,3.49,2.26,450.8,97348
2026-02-27 16:03:00,0.12,2.68,-2.41,87.50,-41.91,3.60,1.35,438.5,61657
2026-02-27 16:04:00,0.35,2.07,-2.84,80.30,-53.44,3.53,2.49,467.8,135015
2026-02-27 16:05:00,0.78,-1.56,-3.35,296.40,-62.52,3.78,2.89,468.8,176206
2026-02-27 16:06:00,-0.07,-2.30,-3.31,268.37,-55.18,4.04,1.84,447.6,53999
2026-02-27 16:08:00,1.24,-0.49,-3.02,338.51,-66.29,3.30,2.91,490.6,166528
2026-02-27 16:09:00,0.95,-1.69,-2.43,299.39,-51.48,3.11,1.70,443.6,68249
2026-02-27 16:10:00,0.80,-2.71,-2.04,286.49,-35.79,3.49,0.67,426.9,44395
2026-02-27 16:11:00,0.93,-2.33,-2.37,291.72,-43.40,3.45,1.68,457.4,104535
2026-02-27 16:12:00,0.32,-0.78,-3.41,292.18,-76.18,3.51,2.15,460.0,126031
2026-02-27 16:13:00,-0.30,-0.56,-3.57,241.89,-79.92,3.63,1.90,451.4,88172
2026-02-27 16:14:00,1.18,-2.55,-1.45,294.90,-27.24,3.16,2.29,460.6,107781
2026-02-27 16:15:00,0.79,-2.23,-2.18,289.60,-42.63,3.22,1.98,460.9,111766
2026-02-27 16:16:00,1.00,-0.59,-3.16,329.40,-69.78,3.37,1.72,452.6,86270
2026-02-27 16:17:00,0.62,-0.64,-3.25,313.77,-74.68,3.37,2.05,444.2,74309
2026-02-27 16:18:00,1.52,-0.60,-2.97,338.55,-61.29,3.39,1.79,437.3,72346
2026-02-27 16:19:00,1.92,-2.18,-1.47,311.39,-26.85,3.26,2.31,459.8,133142
2026-02-27 16:20:00,1.79,-1.31,-2.69,323.79,-50.52,3.49,2.04,457.1,131233
2026-02-27 16:21:00,2.11,-2.09,-1.85,315.27,-31.86,3.50,1.11,428.9,73674
2026-02-27 16:22:00,1.95,-2.88,-1.14,304.13,-18.13,3.66,1.40,428.9,53754
2026-02-27 16:23:00,1.04,-3.56,-0.38,286.28,-5.79,3.72,1.44,453.0,135258
2026-02-27 16:24:00,0.60,-3.53,-0.82,279.60,-12.86,3.67,1.15,458.8,76149
2026-02-27 16:25:00,1.34,-2.89,-1.67,294.84,-27.64,3.59,0.71,436.1,79475
2026-02-27 16:26:00,0.53,-3.87,-0.66,277.83,-9.65,3.96,1.82,463.6,115870
2026-02-27 16:27:00,1.67,-3.03,-0.93,298.94,-14.99,3.58,1.46,451.8,99358
2026-02-27 16:28:00,2.27,-2.74,-0.85,309.66,-13.50,3.66,1.28,442.5,85957
2026-02-27 16:29:00,3.02,-1.75,-0.80,329.93,-12.89,3.59,1.03,426.5,63640
2026-02-27 16:30:00,3.03,-1.71,-0.70,330.52,-11.37,3.55,1.39,433.5,126988
2026-02-27 16:31:00,2.50,-2.45,-0.85,315.49,-13.63,3.60,1.45,440.6,145056
2026-02-27 16:32:00,2.46,-2.52,-0.42,314.28,-6.77,3.55,0.96,431.4,91704
2026-02-27 16:33:00,1.53,-3.51,-0.48,293.58,-7.10,3.86,0.91,437.7,105477
2026-02-27 16:34:00,1.23,-3.38,0.04,290.01,0.71,3.60,1.29,452.2,145621
2026-02-27 16:35:00,-2.85,-2.85,2.51,225.05,31.96,4.75,1.35,439.8,93054
2026-02-27 16:36:00,-1.82,-3.77,1.38,244.26,18.20,4.41,0.98,450.0,62923
2026-02-27 16:37:00,-0.59,-4.00,0.89,261.55,12.34,4.14,0.27,454.1,164707
2026-02-27 16:38:00,-0.14,-4.11,0.94,268.09,12.82,4.22,1.18,471.9,141744
2026-02-27 16:39:00,-0.25,-4.22,0.56,266.60,7.60,4.27,0.60,459.7,90783
2026-02-27 16:40:00,-0.27,-4.11,0.75,266.20,10.32,4.18,0.60,,
2026-02-27 16:41:00,-0.40,-4.05,1.15,264.42,15.72,4.23,0.57,461.2,87530
2026-02-27 16:42:00,-0.26,-4.05,1.10,266.35,15.10,4.20,1.07,459.8,49183
2026-02-27 16:43:00,-0.35,-4.17,0.77,265.13,10.37,4.25,1.36,459.2,71030
2026-02-27 16:44:00,-0.52,-4.25,0.72,263.10,9.51,4.35,0.81,451.3,63256
2026-02-27 16:45:00,-0.16,-4.20,0.91,267.87,12.16,4.30,0.60,454.4,79519
2026-02-27 16:46:00,-0.39,-3.94,1.20,264.31,16.89,4.14,0.79,454.3,70426
2026-02-27 16:47:00,0.66,-3.74,-0.18,280.01,-2.70,3.80,1.01,446.8,76909
2026-02-27 16:48:00,-0.03,-4.02,0.12,269.62,1.74,4.03,1.07,451.2,101656
2026-02-27 16:49:00,0.02,-3.81,0.46,270.30,6.89,3.83,0.92,460.0,96509
2026-02-27 16:50:00,-0.19,-4.00,0.21,267.29,3.03,4.01,0.77,455.4,87598
2026-02-27 16:51:00,-0.61,-3.98,0.75,261.22,10.58,4.10,0.98,451.5,80954
2026-02-27 16:52:00,-0.55,-3.96,0.57,262.02,8.17,4.04,1.58,442.1,59816
2026-02-27 16:53:00,-0.77,-4.08,1.21,259.27,16.25,4.33,1.13,478.6,133882
2026-02-27 16:54:00,-0.33,-4.06,1.04,265.29,14.33,4.20,1.17,454.1,55215
2026-02-27 16:55:00,2.42,-2.01,-0.75,320.37,-13.35,3.23,1.28,475.3,109405
2026-02-27 16:56:00,3.01,-1.12,-1.14,339.64,-19.63,3.41,1.16,437.1,103595
2026-02-27 16:57:00,3.28,-0.17,-0.96,357.09,-16.29,3.42,1.63,430.1,98470
2026-02-27 16:58:00,2.31,-2.41,-0.63,313.80,-10.70,3.40,0.92,430.4,90290
2026-02-27 16:59:00,2.68,-2.22,-0.56,320.38,-9.16,3.53,0.78,421.6,78099
2026-02-27 17:00:00,2.77,-1.91,-0.90,325.43,-14.93,3.48,1.14,440.5,155707
2026-02-27 17:01:00,2.85,-1.75,-1.28,328.45,-20.99,3.58,1.19,436.8,130771
2026-02-27 17:02:00,2.82,-1.23,-1.80,336.45,-30.41,3.56,1.52,434.5,107696
2026-02-27 17:03:00,2.97,-1.04,-1.19,340.68,-20.76,3.37,1.70,432.4,90091
2026-02-27 17:04:00,3.32,-1.12,-0.30,341.28,-4.86,3.52,1.75,434.7,100210
2026-02-27 17:05:00,3.33,-1.17,0.02,340.66,0.39,3.53,1.75,440.4,136594
2026-02-27 17:06:00,3.32,-1.18,0.35,340.38,5.70,3.55,1.12,429.0,110897
2026-02-27 17:07:00,3.30,-0.99,0.47,343.34,7.77,3.48,0.78,427.8,119154
2026-02-27 17:08:00,3.43,-0.74,0.30,347.83,4.93,3.52,1.35,441.4,185450
2026-02-27 17:09:00,3.47,-0.48,-0.11,352.17,-1.74,3.50,1.17,433.1,139929
2026-02-27 17:10:00,3.26,-0.46,0.88,352.02,14.88,3.41,1.25,427.7,105441
2026-02-27 17:11:00,3.01,-0.87,1.62,343.87,27.35,3.52,0.71,436.9,169156
2026-02-27 17:12:00,2.58,-0.54,2.32,348.24,41.34,3.51,0.79,453.6,242001
2026-02-27 17:13:00,1.91,0.10,3.12,3.08,58.49,3.67,0.80,454.1,244513
2026-02-27 17:14:00,2.51,0.32,2.59,7.19,45.70,3.62,1.24,436.9,100762
2026-02-27 17:15:00,2.48,0.32,2.61,7.30,46.26,3.62,0.87,440.5,115034
2026-02-27 17:16:00,3.13,0.38,1.08,6.95,18.90,3.33,0.79,443.6,129457
2026-02-27 17:17:00,3.54,0.60,-0.14,9.56,-2.22,3.59,0.95,432.2,115408
2026-02-27 17:18:00,3.67,0.24,-0.28,3.70,-4.31,3.68,0.95,421.0,86284
2026-02-27 17:19:00,3.60,-0.29,-0.63,355.45,-9.96,3.67,1.08,421.8,86288
2026-02-27 17:20:00,3.26,-0.18,-1.39,356.81,-23.09,3.55,1.34,426.7,101114
2026-02-27 17:21:00,2.62,0.91,-2.03,19.17,-36.23,3.44,1.22,426.9,95831
2026-02-27 17:22:00,2.57,1.71,-1.65,33.73,-28.07,3.50,1.26,428.8,87816
2026-02-27 17:23:00,3.46,0.35,-0.13,5.70,-2.09,3.48,2.27,437.7,92582
2026-02-27 17:24:00,3.43,0.61,0.75,10.00,12.14,3.57,2.12,436.7,93626
2026-02-27 17:25:00,3.30,0.73,1.18,12.51,19.29,3.58,1.21,431.2,117655
2026-02-27 17:26:00,3.30,0.22,1.10,3.88,18.37,3.48,0.50,419.2,80514
2026-02-27 17:27:00,3.47,-0.16,0.48,357.42,7.83,3.50,1.26,448.3,177900
2026-02-27 17:28:00,3.19,-0.09,-0.41,358.45,-7.40,3.21,1.19,433.4,130850
2026-02-27 17:29:00,1.38,0.47,-2.87,18.99,-63.05,3.22,1.07,426.6,117274
2026-02-27 17:30:00,0.98,0.20,-3.46,11.47,-73.86,3.60,1.27,420.4,62029
2026-02-27 17:31:00,-0.37,-0.04,-3.87,185.88,-84.59,3.89,2.35,456.8,114119
2026-02-27 17:32:00,1.02,0.65,-3.88,32.65,-72.66,4.06,2.57,468.8,144547
2026-02-27 17:33:00,0.68,0.70,-4.03,45.90,-76.39,4.14,2.20,442.7,81818
2026-02-27 17:34:00,0.66,0.61,-4.08,42.46,-77.56,4.17,2.19,449.7,73765
2026-02-27 17:35:00,1.08,0.98,-3.86,42.26,-69.30,4.13,2.53,463.2,103634
2026-02-27 17:36:00,0.77,1.32,-3.91,59.80,-68.66,4.20,2.56,456.7,94117
2026-02-27 17:37:00,0.91,1.41,-3.81,57.21,-66.14,4.16,2.19,445.3,62014
2026-02-27 17:38:00,1.42,1.52,-3.37,46.87,-58.33,3.96,2.19,439.6,63870
2026-02-27 17:39:00,1.82,1.57,-3.19,40.70,-52.99,3.99,2.69,452.8,106068
2026-02-27 17:40:00,1.90,1.09,-3.26,29.96,-56.14,3.93,2.46,438.0,68857
2026-02-27 17:41:00,2.30,1.03,-2.81,24.08,-48.17,3.77,1.78,419.6,41875
2026-02-27 17:42:00,2.11,1.10,-2.83,27.64,-49.89,3.69,2.83,451.4,120555
2026-02-27 17:43:00,1.74,0.64,-3.09,20.29,-58.97,3.61,2.04,432.4,76059
2026-02-27 17:44:00,1.65,0.32,-3.48,11.02,-64.17,3.86,1.55,434.7,56631
2026-02-27 17:45:00,1.98,1.34,-2.97,33.97,-51.15,3.81,2.35,441.9,75383
2026-02-27 17:46:00,2.37,1.71,-2.32,35.78,-38.51,3.73,2.44,442.7,77541
2026-02-27 17:48:00,3.26,2.44,-1.75,36.73,-23.21,4.43,1.45,421.1,41311
2026-02-27 17:49:00,2.85,1.33,-1.99,25.04,-32.26,3.73,1.89,427.9,61447
2026-02-27 17:50:00,2.72,1.51,-2.04,29.11,-33.34,3.72,2.36,432.3,71430
2026-02-27 17:51:00,2.53,1.26,-2.50,26.52,-41.52,3.77,2.16,432.7,70134
2026-02-27 17:52:00,2.78,0.08,-2.53,1.63,-42.32,3.76,1.45,424.3,57773
2026-02-27 17:53:00,2.85,-1.61,-1.51,330.65,-24.83,3.61,1.37,426.1,67060
2026-02-27 17:54:00,2.41,-2.69,-0.49,311.91,-7.72,3.64,1.82,444.7,102918
2026-02-27 17:55:00,2.65,-2.22,-0.33,320.10,-5.48,3.48,1.27,434.4,85304
2026-02-27 17:56:00,3.30,-1.00,-1.28,343.13,-20.40,3.68,1.24,431.1,91529
2026-02-27 17:57:00,3.39,-1.00,-0.56,343.54,-9.07,3.57,2.08,434.7,101887
2026-02-27 17:58:00,3.30,-1.13,-0.62,341.18,-10.09,3.55,1.18,426.1,94010
2026-02-27 17:59:00,2.67,-2.19,-0.58,320.67,-9.53,3.51,1.26,426.7,96701
2026-02-27 18:00:00,3.03,-1.57,-0.52,332.62,-8.74,3.45,0.66,412.7,65908
2026-02-27 18:01:00,2.80,-2.17,0.66,322.19,10.52,3.60,1.61,442.9,131045
2026-02-27 18:02:00,2.92,-1.89,0.98,327.04,15.66,3.61,0.98,436.6,129517
2026-02-27 18:03:00,2.58,-2.14,1.60,320.34,25.52,3.72,0.67,452.9,115247
2026-02-27 18:04:00,2.24,-2.66,1.37,310.11,21.44,3.74,0.26,424.8,79324
2026-02-27 18:05:00,2.19,-2.84,0.70,307.64,11.11,3.65,0.84,442.0,125068
2026-02-27 18:06:00,2.19,-2.48,1.85,311.50,29.24,3.79,1.51,452.8,94786
2026-02-27 18:07:00,1.78,-3.14,1.29,299.48,19.69,3.84,0.94,432.6,58824
2026-02-27 18:08:00,1.33,-3.44,1.68,291.18,24.46,4.05,0.19,451.7,121397
2026-02-27 18:09:00,1.77,-3.38,1.19,297.74,17.26,3.99,0.27,466.9,138302
2026-02-27 18:10:00,2.49,-2.63,1.32,313.40,20.03,3.85,0.34,426.6,82769
2026-02-27 18:11:00,2.40,-2.72,1.24,311.43,18.88,3.84,0.22,446.3,145639
2026-02-27 18:12:00,2.14,-2.99,1.50,305.57,22.19,3.98,0.33,446.9,164501
2026-02-27 18:13:00,2.56,-2.61,1.13,314.40,17.11,3.83,0.34,477.0,214184
2026-02-27 18:14:00,2.64,-2.63,0.91,315.03,13.75,3.84,0.31,421.1,129519
2026-02-27 18:15:00,2.57,-2.59,0.87,314.79,13.47,3.75,1.28,424.0,68452
2026-02-27 18:16:00,2.38,-2.31,1.93,315.90,30.18,3.84,0.92,455.7,145936
2026-02-27 18:17:00,2.05,-2.87,1.56,305.54,23.82,3.86,0.35,455.0,139067
2026-02-27 18:18:00,2.77,-2.05,1.01,323.52,16.35,3.58,0.16,435.6,83010
2026-02-27 18:19:00,1.94,-2.97,1.52,303.20,23.16,3.85,0.14,431.8,72011
2026-02-27 18:20:00,2.48,-2.03,2.10,320.76,33.26,3.83,0.26,441.0,142987
2026-02-27 18:21:00,2.39,-2.33,2.02,315.81,31.21,3.90,0.14,422.7,80270
2026-02-27 18:22:00,2.35,-2.01,2.22,319.56,35.66,3.81,0.07,405.7,30443
2026-02-27 18:23:00,2.90,-1.49,1.67,332.74,27.16,3.67,0.38,416.7,89001
2026-02-27 18:24:00,2.83,-2.06,0.94,323.91,15.05,3.62,0.70,438.3,182348
2026-02-27 18:25:00,3.04,-0.91,1.84,343.43,30.14,3.67,0.87,441.8,186742
2026-02-27 18:26:00,3.06,-1.01,1.65,341.69,27.04,3.62,1.15,429.7,113214
2026-02-27 18:27:00,2.87,-2.11,0.78,323.74,12.38,3.64,1.05,423.4,84089
2026-02-27 18:28:00,2.27,-2.98,-0.14,307.36,-2.08,3.75,0.68,443.5,185805
2026-02-27 18:29:00,1.46,-2.91,-0.03,296.70,-0.58,3.26,0.81,440.7,172192
2026-02-27 18:30:00,2.32,-1.67,2.03,324.26,35.39,3.50,0.82,437.4,97262
2026-02-27 18:31:00,2.52,-2.28,1.21,317.86,19.64,3.61,0.61,463.1,76208
2026-02-27 18:32:00,2.76,-2.22,0.34,321.20,5.54,3.56,0.36,414.4,58980
2026-02-27 18:33:00,3.35,-0.05,1.08,359.08,17.89,3.52,1.00,433.8,81061
2026-02-27 18:34:00,3.28,-0.79,1.05,346.39,17.20,3.54,0.88,418.7,64649
2026-02-27 18:35:00,3.44,-0.72,0.36,348.20,5.83,3.54,0.81,425.0,126204
2026-02-27 18:36:00,3.33,-0.80,-0.79,346.42,-13.05,3.51,1.04,425.9,134891
2026-02-27 18:37:00,2.70,-1.59,-0.75,329.59,-13.46,3.22,1.23,423.0,95861
2026-02-27 18:38:00,2.40,-2.37,-0.49,315.29,-8.22,3.41,0.96,424.1,71620
2026-02-27 18:39:00,3.09,-1.64,-0.19,332.10,-3.18,3.50,0.98,436.1,114298
2026-02-27 18:40:00,3.21,-0.70,-0.54,347.63,-9.30,3.33,1.35,435.0,127287
2026-02-27 18:41:00,2.94,-2.04,0.68,325.28,10.77,3.64,1.34,418.9,77665
2026-02-27 18:42:00,2.40,-2.86,0.18,310.06,2.74,3.74,1.11,426.4,103360
2026-02-27 18:43:00,2.99,-1.36,-0.26,335.53,-4.61,3.29,1.28,442.3,160965
2026-02-27 18:44:00,2.95,-2.02,-0.11,325.57,-1.83,3.58,1.63,421.7,71623
2026-02-27 18:45:00,2.60,-2.34,0.35,318.07,5.78,3.52,1.05,423.0,82330
2026-02-27 18:46:00,2.81,-2.03,1.09,324.20,17.52,3.63,1.11,414.4,57194
2026-02-27 18:47:00,2.96,-1.21,1.51,337.77,25.18,3.54,1.11,448.4,209860
2026-02-27 18:48:00,3.15,-0.10,1.67,358.15,27.91,3.57,0.65,458.6,123361
2026-02-27 18:49:00,3.38,-0.78,0.33,347.07,5.47,3.48,1.17,417.4,51854
2026-02-27 18:50:00,3.03,-1.16,-1.88,339.12,-30.10,3.75,1.36,431.0,159689
2026-02-27 18:51:00,2.65,-0.74,-2.40,344.43,-41.15,3.65,1.59,429.4,103948
2026-02-27 18:52:00,2.64,-0.56,-2.33,348.08,-40.79,3.56,1.65,427.7,79956
2026-02-27 18:53:00,2.19,-1.93,-2.03,318.63,-34.83,3.55,1.08,422.4,67896
2026-02-27 18:54:00,2.51,0.23,-2.55,5.28,-45.34,3.59,1.84,429.8,85961
2026-02-27 18:55:00,2.88,0.34,-2.46,6.74,-40.26,3.80,2.01,428.2,73490
2026-02-27 18:56:00,2.85,0.35,-2.70,7.04,-43.20,3.95,1.59,420.4,46414
2026-02-27 18:57:00,2.88,0.39,-2.55,7.68,-41.25,3.87,1.96,426.0,57838
2026-02-27 18:58:00,2.40,0.56,-2.76,13.19,-48.22,3.70,2.56,436.8,80132
2026-02-27 18:59:00,1.96,0.69,-3.08,19.43,-55.92,3.72,2.43,436.8,78893
2026-02-27 19:00:00,1.85,0.94,-3.13,26.90,-56.55,3.76,2.35,434.6,62780
2026-02-27 19:01:00,1.63,0.64,-3.31,21.47,-62.06,3.74,1.76,421.0,40674
2026-02-27 19:02:00,2.30,1.03,-2.78,24.10,-47.87,3.75,2.75,458.2,114503
2026-02-27 19:03:00,2.89,0.74,-2.19,14.35,-36.25,3.70,2.80,441.8,88315
2026-02-27 19:04:00,2.39,0.98,-2.57,22.20,-44.84,3.65,2.04,427.7,55978
2026-02-27 19:05:00,1.63,1.22,-3.13,36.83,-57.00,3.74,2.16,428.5,57315
2026-02-27 19:06:00,1.48,1.42,-3.08,43.92,-56.32,3.70,3.93,450.2,45469
2026-02-27 19:07:00,1.45,1.47,-3.10,45.29,-56.38,3.72,2.18,438.6,63453
2026-02-27 19:08:00,2.72,-1.10,0.56,338.03,10.85,2.99,1.30,415.6,54912
2026-02-27 19:09:00,2.88,-1.99,1.06,325.43,16.77,3.66,0.79,445.5,127289
2026-02-27 19:10:00,3.21,-1.73,-0.10,331.71,-1.64,3.64,0.91,442.4,139267
2026-02-27 19:11:00,3.35,-1.35,0.36,338.12,5.67,3.63,1.10,423.1,122359
2026-02-27 19:12:00,2.29,-2.15,-1.50,316.81,-25.45,3.48,0.87,422.8,119951
2026-02-27 19:13:00,-1.24,-3.37,-1.96,249.82,-28.59,4.09,1.12,438.8,95768
2026-02-27 19:14:00,-1.50,-0.88,-3.62,210.32,-64.33,4.02,1.66,468.5,91625
2026-02-27 19:15:00,-1.04,0.10,-4.12,174.77,-75.82,4.25,1.50,470.9,109511
2026-02-27 19:16:00,-0.80,0.53,-4.18,146.50,-77.02,4.29,2.37,466.9,78037
2026-02-27 19:17:00,-0.05,0.99,-3.77,92.97,-75.29,3.90,2.54,477.2,103624
2026-02-27 19:18:00,1.04,-0.02,-3.69,358.93,-74.21,3.83,2.78,470.9,127715
2026-02-27 19:19:00,0.82,0.93,-3.78,48.49,-71.85,3.97,2.46,441.6,72885
2026-02-27 19:20:00,1.04,1.41,-3.33,53.61,-62.20,3.77,1.15,419.9,28190
2026-02-27 19:21:00,2.32,2.21,-2.43,43.59,-37.21,4.02,2.73,455.3,149502
2026-02-27 19:22:00,1.81,2.51,-2.64,54.27,-40.48,4.07,2.54,439.3,82551
2026-02-27 19:23:00,1.59,2.43,-2.72,56.69,-43.12,3.98,2.45,437.9,60665
2026-02-27 19:24:00,2.60,1.81,-2.07,34.91,-33.20,3.78,2.84,447.4,107202
2026-02-27 19:25:00,1.38,3.22,-2.01,66.83,-29.81,4.04,3.01,451.1,127898
2026-02-27 19:26:00,0.17,3.72,-2.15,87.34,-29.99,4.30,1.31,434.1,48190
2026-02-27 19:27:00,1.05,3.61,-1.67,73.83,-24.00,4.11,1.95,434.5,54949
2026-02-27 19:28:00,1.90,2.71,-1.89,55.02,-29.70,3.81,2.58,443.3,78887
2026-02-27 19:29:00,1.69,2.84,-2.02,59.25,-31.51,3.87,2.29,444.2,82307
2026-02-27 19:30:00,1.62,3.20,-1.74,63.12,-25.93,3.99,2.13,433.0,62966
2026-02-27 19:31:00,1.95,2.72,-1.96,54.37,-30.38,3.88,2.79,445.0,91348
2026-02-27 19:32:00,2.61,2.52,-1.29,44.04,-19.57,3.85,2.67,437.5,78629
2026-02-27 19:33:00,2.37,2.64,-1.43,48.07,-21.93,3.82,2.38,432.4,65051
2026-02-27 19:34:00,2.43,2.92,-0.53,50.29,-7.89,3.83,1.34,416.8,35897
2026-02-27 19:35:00,0.72,2.37,-1.97,73.08,-38.52,3.17,1.64,417.9,44808
2026-02-27 19:36:00,-0.90,2.22,-3.73,112.01,-57.34,4.43,2.12,450.9,55796
2026-02-27 19:37:00,0.88,2.51,-2.36,70.69,-41.57,3.56,2.32,479.4,117572
2026-02-27 19:38:00,1.76,2.71,-1.92,56.99,-30.78,3.76,2.92,461.8,135864
2026-02-27 19:39:00,1.37,2.92,-2.20,64.82,-34.32,3.91,2.56,437.6,87974
2026-02-27 19:40:00,0.39,2.93,-2.88,82.45,-44.21,4.13,2.13,439.9,70740
2026-02-27 19:41:00,0.52,3.08,-2.71,80.37,-40.94,4.13,2.47,453.7,94900
2026-02-27 19:42:00,-0.26,3.84,-1.91,93.85,-26.33,4.30,2.32,438.6,70770
2026-02-27 19:43:00,0.33,3.26,-2.47,84.25,-37.01,4.11,2.84,447.2,70371
2026-02-27 19:44:00,0.26,2.71,-3.12,84.52,-48.91,4.14,3.30,469.0,99146
2026-02-27 19:45:00,1.52,2.86,-2.28,62.01,-35.22,3.96,3.13,461.3,109031
2026-02-27 19:46:00,0.21,2.92,-2.86,85.88,-44.31,4.10,2.88,444.3,95303
2026-02-27 19:47:00,0.32,2.76,-3.14,83.40,-48.50,4.19,1.43,427.1,35377
2026-02-27 19:48:00,-0.19,2.71,-3.23,93.97,-49.95,4.23,2.67,447.8,81082
2026-02-27 19:49:00,2.24,2.42,-0.75,47.10,-12.86,3.38,2.49,451.2,80991
2026-02-27 19:50:00,0.40,2.68,-2.91,81.59,-47.06,3.98,2.27,430.8,63140
2026-02-27 19:51:00,1.74,3.08,-1.79,60.63,-26.83,3.97,2.84,456.2,144999
2026-02-27 19:52:00,2.31,3.11,-0.05,53.34,-0.74,3.87,2.53,438.8,70443
2026-02-27 19:53:00,2.40,2.98,-0.08,51.14,-1.14,3.83,2.26,436.4,59928
2026-02-27 19:54:00,2.59,2.73,-0.64,46.47,-9.70,3.82,1.73,413.3,33233
2026-02-27 19:55:00,2.49,2.90,-0.87,49.38,-12.77,3.92,2.16,425.1,52889
2026-02-27 19:56:00,2.29,2.95,-0.87,52.21,-13.17,3.84,2.30,427.4,56040
2026-02-27 19:57:00,2.19,2.89,-1.10,52.86,-16.81,3.79,2.32,432.0,64928
2026-02-27 19:58:00,2.12,3.01,-1.03,54.83,-15.60,3.82,2.34,435.3,71166
2026-02-27 20:01:00,1.44,3.47,-0.98,67.56,-14.62,3.88,2.21,431.7,60019
2026-02-27 20:02:00,1.12,3.86,-0.79,73.89,-11.07,4.09,1.66,421.7,35011
2026-02-27 20:03:00,1.58,3.51,-0.63,65.73,-9.30,3.90,1.57,425.8,44804
2026-02-27 20:04:00,1.78,3.46,-0.60,62.78,-8.79,3.94,2.73,446.1,87944
2026-02-27 20:05:00,1.78,3.44,-0.66,62.66,-9.67,3.93,2.97,452.2,123488
2026-02-27 20:06:00,1.55,3.56,-0.60,66.54,-8.73,3.93,3.01,448.6,111727
2026-02-27 20:07:00,1.23,3.76,-0.59,71.86,-8.43,4.00,2.22,436.1,63382
2026-02-27 20:08:00,1.38,3.73,-0.58,69.72,-8.29,4.02,2.36,439.4,61927
2026-02-27 20:09:00,1.61,3.68,-0.42,66.33,-5.97,4.04,2.02,424.5,44630
2026-02-27 20:10:00,1.56,3.51,-0.93,66.07,-13.61,3.96,2.49,443.3,80164
2026-02-27 20:11:00,1.80,3.54,-0.30,62.99,-4.36,3.98,2.72,450.4,111256
2026-02-27 20:12:00,1.56,3.58,-0.76,66.47,-10.98,3.98,2.66,443.3,93734
2026-02-27 20:13:00,1.72,3.53,-1.02,63.96,-14.56,4.05,2.25,431.5,59001
2026-02-27 20:14:00,1.95,3.42,-0.80,60.27,-11.48,4.02,2.45,436.8,73198
2026-02-27 20:15:00,1.79,3.58,-0.48,63.38,-6.82,4.03,2.57,442.4,84311
2026-02-27 20:16:00,1.76,3.58,-0.40,63.73,-5.77,4.01,2.08,430.9,57638
2026-02-27 20:17:00,1.93,3.42,-0.71,60.53,-10.24,3.99,2.05,429.2,64845
2026-02-27 20:18:00,1.71,3.65,-0.17,64.91,-2.48,4.04,2.63,445.3,101739
2026-02-27 20:19:00,1.60,3.72,0.57,66.75,7.96,4.09,2.50,439.9,73638
2026-02-27 20:20:00,1.97,3.43,0.37,60.05,5.37,3.97,2.20,435.4,69104
2026-02-27 20:21:00,2.16,3.21,0.59,56.04,8.61,3.92,1.97,423.5,49693
2026-02-27 20:22:00,2.57,2.79,-0.14,47.36,-2.17,3.80,2.67,441.8,109295
2026-02-27 20:23:00,2.33,1.66,-2.17,35.46,-37.13,3.59,2.43,429.9,77380
2026-02-27 20:24:00,2.42,1.21,-2.85,26.50,-46.52,3.93,2.20,422.3,53930
2026-02-27 20:25:00,1.86,1.57,-2.62,40.28,-47.12,3.57,2.52,431.5,81167
2026-02-27 20:26:00,3.01,1.95,-0.97,32.88,-15.16,3.72,2.64,428.6,76730
2026-02-27 20:27:00,2.89,1.76,-1.20,31.34,-19.55,3.59,1.98,417.6,53677
2026-02-27 20:28:00,3.03,1.64,-1.23,28.48,-19.68,3.66,1.97,416.4,57761
2026-02-27 20:29:00,3.18,1.90,0.66,30.87,10.05,3.76,2.33,425.8,76903
2026-02-27 20:30:00,3.35,1.63,0.59,25.93,9.02,3.77,2.17,425.6,83212
2026-02-27 20:31:00,2.99,0.58,-1.41,11.00,-24.89,3.36,1.95,422.1,81895
2026-02-27 20:32:00,3.38,0.04,0.79,0.73,13.15,3.47,1.50,422.5,73504
2026-02-27 20:33:00,1.09,2.44,-1.72,65.83,-32.84,3.18,1.67,425.5,72316
2026-02-27 20:34:00,1.17,3.24,-2.45,70.15,-35.49,4.23,2.14,436.4,81830
2026-02-27 20:35:00,1.99,2.55,-2.04,52.02,-32.24,3.82,2.41,443.2,98034
2026-02-27 20:36:00,2.15,2.13,-1.99,44.71,-33.31,3.62,2.07,428.2,79074
2026-02-27 20:37:00,3.46,-0.42,-1.08,353.08,-17.20,3.65,2.60,440.2,103767
2026-02-27 20:38:00,3.31,-0.89,-1.57,345.01,-24.56,3.77,2.16,424.3,74780
2026-02-27 20:39:00,3.29,-1.19,-1.44,340.10,-22.35,3.79,1.22,411.3,71812
2026-02-27 20:40:00,2.81,0.40,-2.58,8.19,-42.28,3.83,1.63,419.3,79704
2026-02-27 20:41:00,2.75,0.55,-2.61,11.27,-42.93,3.83,2.48,428.0,81281
2026-02-27 20:42:00,2.60,-0.15,-2.94,356.70,-48.43,3.93,2.28,425.3,69182
2026-02-27 20:43:00,1.97,-1.31,-3.13,326.43,-52.90,3.92,1.10,405.4,34041
2026-02-27 20:44:00,1.56,-2.44,-3.03,302.62,-46.31,4.19,1.78,431.9,75852
2026-02-27 20:45:00,1.42,-3.02,-2.60,295.16,-37.92,4.24,2.02,444.5,97491
2026-02-27 20:46:00,0.81,-3.41,-2.49,283.43,-35.37,4.30,1.36,437.3,69467
2026-02-27 20:47:00,1.14,-2.83,-2.87,291.88,-43.23,4.18,1.69,440.1,104122
2026-02-27 20:48:00,0.73,-2.74,-3.16,284.94,-48.10,4.24,2.06,441.0,115314
2026-02-27 20:49:00,0.30,-2.68,-3.37,276.39,-51.32,4.32,1.79,437.6,70079
2026-02-27 20:50:00,1.34,-1.39,-3.49,313.97,-60.99,3.99,1.82,434.8,64374
2026-02-27 20:51:00,1.46,-1.12,-3.52,322.48,-62.37,3.97,1.77,422.1,62958
2026-02-27 20:52:00,2.02,-1.43,-3.02,324.75,-50.66,3.90,2.75,449.3,132755
2026-02-27 20:53:00,2.09,-1.92,-2.87,317.35,-45.37,4.04,2.53,442.1,97450
2026-02-27 20:54:00,1.54,-2.72,-2.34,299.48,-36.85,3.90,1.64,431.4,72158
2026-02-27 20:55:00,0.76,-3.08,-2.43,283.87,-37.43,4.00,0.59,434.4,38055
2026-02-27 20:56:00,1.22,-3.13,-2.42,291.27,-35.83,4.14,1.91,439.1,84522
2026-02-27 20:57:00,1.15,-3.46,-2.08,288.40,-29.73,4.19,1.73,446.1,87639
2026-02-27 20:58:00,1.18,-3.58,-1.67,288.25,-23.94,4.12,1.05,420.1,44582
2026-02-27 20:59:00,0.82,-3.94,-1.10,281.70,-15.29,4.17,1.12,442.4,94184
2026-02-27 21:00:00,0.73,-3.84,-1.60,280.83,-22.22,4.22,0.93,445.0,123397
2026-02-27 21:01:00,-0.26,-4.18,0.10,266.48,1.43,4.18,0.89,446.2,101468
2026-02-27 21:02:00,-0.75,-4.44,1.09,260.42,13.60,4.63,0.79,450.0,61723
2026-02-27 21:03:00,-0.46,-3.32,-2.73,262.09,-39.16,4.32,1.50,452.0,80564
2026-02-27 21:04:00,-0.40,-3.36,-2.88,263.18,-40.39,4.44,2.25,452.5,114954
2026-02-27 21:05:00,-0.40,-4.35,-1.40,264.73,-17.76,4.59,1.32,418.5,30854
2026-02-27 21:06:00,-0.76,-4.34,-1.44,260.10,-18.08,4.64,1.16,433.5,48513
2026-02-27 21:07:00,-0.80,-4.32,-1.43,259.57,-18.03,4.62,0.89,463.5,79417
2026-02-27 21:08:00,-0.33,-4.14,-1.81,265.49,-23.54,4.53,1.21,457.6,64897
2026-02-27 21:09:00,-1.15,-4.33,-1.22,255.12,-15.22,4.64,1.44,457.8,88305
2026-02-27 21:10:00,-0.77,-4.04,-1.60,259.27,-21.21,4.41,0.49,432.8,32728
2026-02-27 21:11:00,-0.87,-4.14,-1.29,258.16,-16.97,4.42,0.78,469.7,150475
2026-02-27 21:12:00,-0.56,-4.22,-1.23,262.42,-16.06,4.43,0.78,453.8,72722
2026-02-27 21:13:00,-0.49,-4.13,-1.51,263.24,-19.97,4.42,0.70,435.3,40433
2026-02-27 21:14:00,0.16,-3.44,-2.51,272.62,-36.08,4.27,0.90,452.4,179501
2026-02-27 21:15:00,0.36,-3.13,-2.97,276.62,-43.28,4.33,1.22,444.7,100272
2026-02-27 21:16:00,0.08,-2.97,-3.14,271.59,-46.63,4.32,1.41,443.2,76696
2026-02-27 21:17:00,0.60,-2.76,-2.99,282.25,-46.70,4.11,1.52,434.6,54651
2026-02-27 21:18:00,0.11,-2.27,-1.44,272.88,-32.41,2.69,1.56,429.7,41661
2026-02-27 21:20:00,-1.71,-4.24,-1.13,248.00,-13.88,4.71,0.42,458.1,66941
2026-02-27 21:21:00,-1.15,-4.19,-1.57,254.64,-19.85,4.62,0.61,457.2,66488
2026-02-27 21:22:00,-0.89,-4.37,-1.28,258.48,-16.03,4.64,0.88,455.6,63247
2026-02-27 21:23:00,-0.45,-4.34,-1.14,264.06,-14.70,4.51,0.72,454.0,56722
2026-02-27 21:24:00,-0.68,-4.50,-0.71,261.41,-8.82,4.61,0.52,450.9,55715
2026-02-27 21:25:00,-1.43,-4.44,-0.53,252.10,-6.48,4.69,0.56,452.6,64934
2026-02-27 21:26:00,-2.01,-3.89,-1.00,242.71,-12.86,4.49,0.91,463.0,56561
2026-02-27 21:27:00,0.79,-3.26,-2.28,283.56,-34.19,4.06,1.01,450.8,36989
2026-02-27 21:28:00,0.90,-3.11,-2.45,286.14,-37.10,4.06,1.20,442.9,69303
2026-02-27 21:29:00,1.37,-2.79,-2.40,296.23,-37.60,3.93,1.29,435.9,68508
2026-02-27 21:30:00,2.03,-2.63,-1.93,307.66,-30.15,3.85,1.29,426.7,60554
2026-02-27 21:31:00,1.29,-2.50,-2.65,297.27,-43.32,3.86,1.56,434.4,86765
2026-02-27 21:32:00,0.93,-2.86,-2.54,287.97,-40.23,3.93,1.70,439.7,83069
2026-02-27 21:33:00,1.58,-1.83,-2.94,310.84,-50.53,3.81,1.83,435.1,70210
2026-02-27 21:34:00,1.29,-2.63,-2.31,296.20,-38.25,3.73,1.93,431.1,74825
2026-02-27 21:35:00,1.44,-2.39,-2.58,301.13,-42.78,3.80,1.76,430.6,76140
2026-02-27 21:36:00,1.84,-1.11,-3.05,328.85,-54.78,3.74,1.57,430.6,71271
2026-02-27 21:38:00,1.64,-2.10,-2.55,307.95,-43.76,3.69,1.48,428.9,79024
2026-02-27 21:39:00,0.44,-0.85,-3.66,297.26,-75.43,3.79,1.71,432.1,76255
2026-02-27 21:40:00,-0.62,-2.36,-3.25,255.17,-53.12,4.06,2.26,444.8,68234
2026-02-27 21:41:00,1.45,-2.34,-2.42,301.81,-41.21,3.67,1.58,454.9,70553
2026-02-27 21:42:00,0.57,-3.90,-0.53,278.28,-7.61,3.98,1.53,430.1,78707
2026-02-27 21:43:00,0.63,-3.91,-0.91,279.14,-12.95,4.07,0.58,440.9,82547
2026-02-27 21:44:00,0.76,-3.45,-1.82,282.40,-27.24,3.97,0.88,441.5,80703
2026-02-27 21:45:00,0.72,-3.79,-1.43,280.76,-20.37,4.11,1.18,427.6,67256
2026-02-27 21:46:00,1.38,-3.38,-1.71,292.22,-25.15,4.03,0.94,432.3,76975
2026-02-27 21:47:00,1.50,-2.89,-2.24,297.42,-34.49,3.95,1.09,428.9,80296
2026-02-27 21:48:00,-0.55,-4.06,-0.45,262.29,-6.21,4.12,0.50,444.6,82899
2026-02-27 21:49:00,0.14,-3.96,-1.09,271.99,-15.42,4.11,0.49,441.8,76785
2026-02-27 21:50:00,0.99,-2.86,-2.07,289.14,-34.28,3.67,0.66,440.3,70502
2026-02-27 21:51:00,0.73,-2.64,-2.89,285.44,-46.52,3.99,1.15,440.9,77873
2026-02-27 21:52:00,0.76,-2.92,-2.60,284.50,-40.78,3.98,1.53,435.9,82545
2026-02-27 21:53:00,1.13,-2.50,-2.82,294.42,-45.76,3.93,1.57,430.4,72360
2026-02-27 21:54:00,0.85,-3.04,-2.51,285.60,-38.55,4.03,1.62,430.3,66053
2026-02-27 21:55:00,1.01,-2.07,-3.18,296.02,-54.14,3.93,1.43,435.5,68232
2026-02-27 21:56:00,1.20,-1.55,-3.34,307.87,-59.55,3.87,1.56,433.6,60243
2026-02-27 21:57:00,1.40,-0.62,-3.26,336.12,-64.89,3.60,1.92,430.0,66373
2026-02-27 22:03:00,2.61,-1.35,-1.77,332.76,-31.03,3.43,1.49,414.9,93035
2026-02-27 22:04:00,2.34,-1.82,-1.81,322.03,-31.44,3.48,1.38,419.4,84138
2026-02-27 22:05:00,2.31,-2.08,-1.65,318.02,-28.02,3.52,1.21,418.2,82119
2026-02-27 22:06:00,2.20,-2.59,-1.64,310.38,-25.74,3.78,1.15,421.8,89221
2026-02-27 22:07:00,1.93,-2.02,-2.00,313.68,-35.59,3.44,1.43,424.5,89095
2026-02-27 22:08:00,2.24,-1.01,-2.24,335.75,-42.32,3.32,1.84,422.2,83404
2026-02-27 22:09:00,2.48,-2.69,0.22,312.68,3.48,3.66,2.03,420.5,81734
2026-02-27 22:11:00,2.71,-2.30,-0.65,319.70,-10.39,3.61,0.96,426.6,125412
2026-02-27 22:12:00,2.69,-2.22,-0.43,320.47,-7.01,3.52,0.96,425.5,129227
2026-02-27 22:13:00,2.46,-2.20,0.93,318.15,15.65,3.43,0.88,416.5,130382
2026-02-27 22:14:00,1.73,-2.34,2.43,306.45,39.86,3.79,0.06,386.1,15429
2026-02-27 22:15:00,1.79,-2.55,1.87,305.15,30.95,3.64,0.10,436.3,109969
2026-02-27 22:16:00,1.50,-3.03,2.03,296.36,31.03,3.94,0.47,455.8,71084
2026-02-27 22:17:00,2.07,-2.97,1.54,304.81,23.02,3.93,0.49,455.7,84816
2026-02-27 22:18:00,2.48,-2.42,1.38,315.67,21.72,3.73,0.58,446.4,131306
2026-02-27 22:19:00,2.13,-2.52,1.59,310.20,25.69,3.66,0.51,453.2,105320
2026-02-27 22:20:00,2.03,-2.23,2.25,312.23,36.71,3.76,0.46,455.6,99253
2026-02-27 22:21:00,2.72,-0.75,2.17,344.67,37.50,3.56,0.69,440.7,139051
2026-02-27 22:22:00,2.90,-0.47,1.88,350.73,32.61,3.49,0.98,426.2,145370
2026-02-27 22:23:00,2.90,-0.24,1.86,355.35,32.57,3.45,0.96,419.1,115310
2026-02-27 22:24:00,2.94,-0.80,0.49,344.77,9.18,3.09,0.96,421.9,99970
2026-02-27 22:25:00,2.77,-0.89,1.34,342.11,24.77,3.20,0.95,430.8,125831
2026-02-27 22:26:00,2.31,-1.11,2.73,334.30,46.80,3.75,0.67,438.0,164290
2026-02-27 22:27:00,2.57,-1.41,2.26,331.31,37.60,3.70,0.54,445.1,164845
2026-02-27 22:28:00,2.16,-1.89,2.68,318.80,43.06,3.93,0.45,445.4,160211
2026-02-27 22:29:00,2.54,-1.71,2.23,326.03,36.10,3.78,0.17,436.2,216459
2026-02-27 22:30:00,2.44,-1.89,2.11,322.31,34.30,3.74,0.57,440.6,184712
2026-02-27 22:31:00,1.92,-2.13,2.60,312.07,42.19,3.87,0.30,455.0,146319
2026-02-27 22:32:00,2.38,-1.80,2.24,322.98,36.86,3.73,0.42,456.6,97321
2026-02-27 22:33:00,2.21,-1.84,2.30,320.19,38.75,3.68,0.15,445.2,267450
2026-02-27 22:34:00,2.39,-1.49,1.91,328.10,34.10,3.40,0.33,453.7,107055
2026-02-27 22:35:00,2.08,-2.95,0.90,305.20,13.94,3.72,0.66,439.2,120457
2026-02-27 22:36:00,2.26,-2.68,1.06,310.13,16.90,3.66,0.33,438.8,150954
2026-02-27 22:37:00,2.26,-1.79,2.47,321.60,40.56,3.80,0.21,442.7,175993
2026-02-27 22:38:00,2.05,-2.46,2.00,309.71,32.03,3.78,0.30,448.8,144232
2026-02-27 22:39:00,2.05,-0.71,3.12,340.86,55.11,3.80,0.46,446.1,124069
2026-02-27 22:40:00,1.71,-1.28,3.04,323.10,54.96,3.72,0.50,433.2,129751
2026-02-27 22:41:00,2.41,-0.03,2.22,359.37,42.65,3.28,0.79,422.7,112063
2026-02-27 22:42:00,3.43,-0.27,1.39,355.43,21.96,3.71,1.38,419.9,89701
2026-02-27 22:44:00,3.45,0.58,1.16,9.59,18.32,3.69,1.31,417.2,115375
2026-02-27 22:45:00,3.50,0.27,1.04,4.50,16.56,3.66,1.29,417.0,117577
2026-02-27 22:46:00,3.48,0.20,0.94,3.22,15.09,3.61,1.10,415.4,133899
2026-02-27 22:47:00,3.52,0.28,1.07,4.58,16.92,3.69,1.10,416.1,127342
2026-02-27 22:48:00,3.43,0.36,1.19,6.01,18.98,3.65,1.26,415.8,118827
2026-02-27 22:49:00,3.46,0.56,1.08,9.26,17.09,3.67,1.26,414.4,112438
2026-02-27 22:50:00,3.48,0.75,1.00,12.15,15.70,3.69,1.36,414.4,105646
2026-02-27 22:51:00,3.34,0.85,1.24,14.23,19.78,3.66,1.26,416.5,100616
2026-02-27 22:52:00,3.49,0.75,0.86,12.16,13.55,3.67,1.35,415.7,111397
2026-02-27 22:53:00,3.33,1.16,0.98,19.27,15.52,3.66,1.40,413.1,100530
2026-02-27 22:54:00,2.99,2.03,0.90,34.21,14.04,3.72,1.65,414.7,80707
2026-02-27 22:55:00,3.20,1.74,0.58,28.55,9.02,3.69,1.80,415.8,78163
2026-02-27 22:56:00,3.33,1.40,0.19,22.77,2.94,3.61,1.83,414.9,80667
2026-02-27 22:57:00,3.42,1.13,0.19,18.29,2.99,3.61,1.75,413.6,84037
2026-02-27 22:58:00,3.35,1.37,0.07,22.22,1.18,3.62,1.52,412.2,93054
2026-02-27 22:59:00,3.38,1.32,0.16,21.26,2.60,3.63,1.56,413.0,89733
2026-02-27 23:00:00,3.48,1.03,0.07,16.56,1.04,3.63,1.57,412.5,91611
2026-02-27 23:01:00,3.35,1.12,-0.11,18.46,-1.86,3.53,1.61,412.1,90766
2026-02-27 23:02:00,3.52,0.76,0.08,12.15,1.29,3.60,1.62,411.4,87772
2026-02-27 23:03:00,3.45,0.98,-0.12,15.87,-1.85,3.59,1.37,410.1,102449
2026-02-27 23:04:00,3.17,1.24,-0.88,21.33,-14.51,3.52,1.84,411.3,80332
2026-02-27 23:05:00,2.78,1.53,-1.51,28.81,-25.55,3.51,1.94,412.8,76036
2026-02-27 23:06:00,2.93,1.53,-1.10,27.52,-18.46,3.48,1.81,414.2,75202
2026-02-27 23:07:00,3.01,1.91,-0.06,32.37,-0.94,3.57,1.87,414.8,77945
2026-02-27 23:08:00,3.09,1.77,0.28,29.81,4.57,3.58,1.74,413.8,78905
2026-02-27 23:09:00,2.72,2.14,-0.81,38.16,-13.11,3.56,2.06,417.6,68876
2026-02-27 23:10:00,2.78,1.05,-1.65,20.65,-29.08,3.40,2.11,416.7,65347
2026-02-27 23:11:00,2.63,1.86,-0.82,35.24,-14.30,3.32,2.05,416.8,64585
2026-02-27 23:12:00,2.83,1.28,-1.77,24.43,-29.63,3.57,2.06,418.9,62038
2026-02-27 23:13:00,2.57,0.28,-2.35,6.21,-42.25,3.49,1.99,418.2,63325
2026-02-27 23:14:00,2.24,-0.39,-2.73,350.20,-50.25,3.55,1.96,417.9,68702
2026-02-27 23:15:00,1.04,0.31,-3.41,16.58,-72.27,3.58,1.89,419.6,73475
2026-02-27 23:17:00,0.82,-2.27,-2.15,289.74,-41.71,3.24,1.08,439.6,59016
2026-02-27 23:18:00,0.04,-3.72,-0.87,270.55,-13.16,3.82,1.05,439.9,59912
2026-02-27 23:19:00,0.02,-3.86,-0.17,270.31,-2.57,3.86,0.54,445.3,76936
2026-02-27 23:20:00,-0.20,-4.09,0.22,267.15,3.11,4.10,0.60,445.2,84587
2026-02-27 23:21:00,-0.02,-4.24,-0.56,269.79,-7.52,4.28,1.04,449.0,58123
2026-02-27 23:22:00,0.88,-2.82,-2.34,287.27,-38.44,3.77,1.15,441.0,64101
2026-02-27 23:23:00,1.51,-2.65,-2.34,299.69,-37.53,3.85,1.58,430.8,74174
2026-02-27 23:24:00,1.79,-3.41,-0.75,297.77,-11.05,3.93,1.22,427.7,87703
2026-02-27 23:25:00,1.43,-3.61,-1.01,291.63,-14.64,4.01,1.00,429.3,84196
2026-02-27 23:26:00,0.80,-4.04,-0.64,281.19,-8.83,4.17,0.75,432.1,88620
2026-02-27 23:27:00,0.70,-3.61,2.18,280.95,30.61,4.27,0.35,445.2,89321
2026-02-27 23:28:00,0.89,-3.99,1.30,282.59,17.58,4.29,0.13,452.1,90499
2026-02-27 23:29:00,1.36,-3.78,1.45,289.72,19.81,4.27,0.16,445.4,106322
2026-02-27 23:30:00,0.90,-4.29,0.45,281.85,5.83,4.41,0.26,444.6,107506
2026-02-27 23:31:00,1.09,-3.81,-0.88,285.92,-12.55,4.06,0.60,443.0,81107
2026-02-27 23:32:00,1.36,-3.87,-0.73,289.32,-10.05,4.17,1.14,427.8,83151
2026-02-27 23:33:00,1.35,-3.98,-0.35,288.69,-4.73,4.22,0.59,431.9,105228
2026-02-27 23:34:00,1.54,-3.83,0.35,291.83,4.89,4.15,0.46,440.4,115123
2026-02-27 23:35:00,1.54,-3.91,0.04,291.55,0.54,4.20,0.45,434.4,94598
2026-02-27 23:36:00,1.23,-4.04,-0.72,286.97,-9.67,4.29,0.63,434.5,84625
2026-02-27 23:37:00,1.08,-3.96,-1.07,285.22,-14.59,4.24,0.86,432.5,76491
2026-02-27 23:38:00,0.86,-3.94,-1.42,282.29,-19.36,4.27,0.75,433.8,73907
2026-02-27 23:39:00,1.29,-3.67,-1.18,289.39,-16.89,4.07,0.73,433.0,97982
2026-02-27 23:40:00,0.40,-3.94,-1.30,275.75,-18.22,4.17,0.89,432.3,87843
2026-02-27 23:41:00,0.82,-4.00,-0.62,281.55,-8.69,4.13,0.81,436.0,74493
2026-02-27 23:42:00,0.44,-4.06,0.12,276.23,1.66,4.08,0.58,432.4,88997
2026-02-27 23:43:00,0.44,-3.99,1.00,276.36,13.98,4.14,0.26,435.8,80207
2026-02-27 23:44:00,1.14,-3.89,-0.42,286.38,-5.91,4.07,0.30,437.8,71790
2026-02-27 23:45:00,1.06,-4.10,0.26,284.57,3.45,4.24,0.47,439.2,79994
2026-02-27 23:46:00,1.49,-3.88,0.27,291.01,3.71,4.16,0.22,446.7,62651
2026-02-27 23:47:00,0.42,-4.25,0.94,275.69,12.37,4.37,0.19,440.4,50415
2026-02-27 23:48:00,1.18,-3.75,1.25,287.54,17.67,4.12,0.30,452.9,59987
2026-02-27 23:50:00,0.50,-4.14,0.73,276.82,9.97,4.23,0.21,,
2026-02-27 23:51:00,0.36,-4.09,1.21,275.02,16.45,4.28,0.21,448.2,74560
2026-02-27 23:52:00,0.05,-3.40,2.71,270.77,38.54,4.35,0.06,435.5,86788
2026-02-27 23:53:00,0.12,-4.28,0.52,271.56,6.97,4.31,0.28,450.8,61595
2026-02-27 23:54:00,-0.35,-4.39,-0.57,265.44,-7.32,4.44,0.56,444.1,74952
2026-02-27 23:55:00,-1.71,-4.22,-0.80,247.94,-9.96,4.62,0.55,452.2,81004
2026-02-27 23:56:00,-1.48,-4.16,0.44,250.45,5.71,4.44,0.42,453.2,59273
2026-02-27 23:57:00,-2.95,-3.11,-1.39,226.51,-17.97,4.50,1.07,464.7,68626
2026-02-27 23:58:00,-1.11,-3.95,0.98,254.34,13.40,4.21,0.70,461.2,84272
2026-02-27 23:59:00,-2.69,-3.50,-1.15,232.51,-14.59,4.56,0.29,458.1,113345
2026-02-28 00:00:00,-2.13,-4.17,-0.34,242.98,-4.20,4.70,0.38,456.7,107383
2026-02-28 00:01:00,-2.22,-3.97,-1.22,240.79,-14.96,4.71,0.46,454.2,70583
2026-02-28 00:02:00,-2.45,-3.17,-2.43,232.25,-31.25,4.68,1.03,463.8,67067
2026-02-28 00:03:00,-1.65,-3.91,-0.77,247.14,-10.22,4.31,1.49,465.7,63707
2026-02-28 00:04:00,-1.20,-4.47,0.63,254.91,7.70,4.67,0.24,450.5,64656
2026-02-28 00:05:00,-1.39,-4.44,-0.22,252.57,-2.67,4.66,0.31,452.3,59153
2026-02-28 00:06:00,-1.84,-4.18,-1.07,246.20,-13.22,4.69,0.66,458.0,61777
2026-02-28 00:07:00,-0.73,-4.28,-0.13,260.37,-1.66,4.35,0.46,445.9,77484
2026-02-28 00:08:00,-1.16,-4.13,-0.48,254.26,-6.39,4.32,0.57,450.9,100474
2026-02-28 00:09:00,0.15,-3.63,0.04,272.42,0.61,3.64,1.38,462.1,55101
2026-02-28 00:10:00,-0.23,-4.14,1.04,266.75,14.03,4.27,0.54,449.7,73061
2026-02-28 00:11:00,-0.94,-3.62,1.60,255.42,23.17,4.07,0.37,449.6,60115
2026-02-28 00:12:00,-0.77,-3.81,2.51,258.52,32.86,4.63,0.18,443.8,66736
2026-02-28 00:13:00,-0.79,-3.84,2.64,258.37,33.95,4.73,0.06,443.9,65345
2026-02-28 00:14:00,-0.99,-4.03,2.38,256.18,29.82,4.78,0.07,442.5,77652
2026-02-28 00:15:00,-0.91,-4.30,1.93,258.01,23.72,4.80,0.16,444.2,72713
2026-02-28 00:16:00,-0.61,-4.52,1.31,262.31,16.06,4.75,0.21,446.3,56920
2026-02-28 00:17:00,-0.17,-4.63,0.48,267.95,5.94,4.66,0.25,448.0,52989
2026-02-28 00:18:00,0.93,-3.86,-1.58,283.57,-21.63,4.27,0.33,453.1,48325
2026-02-28 00:19:00,0.13,-4.36,-0.25,271.65,-3.27,4.37,0.35,452.1,51865
2026-02-28 00:20:00,-0.70,-4.28,1.07,260.68,13.90,4.46,0.31,449.3,51230
2026-02-28 00:21:00,0.08,-4.28,1.26,271.06,16.35,4.46,0.11,437.1,48401
2026-02-28 00:24:00,0.14,-4.29,-0.16,271.89,-2.20,4.29,0.84,437.1,68199
2026-02-28 00:25:00,0.25,-4.33,0.40,273.28,5.21,4.35,0.34,452.3,58328
2026-02-28 00:26:00,-0.35,-4.48,0.28,265.54,3.52,4.51,0.25,451.6,52293
2026-02-28 00:27:00,0.24,-4.32,0.44,273.21,5.79,4.35,0.35,449.9,67731
2026-02-28 00:28:00,0.13,-4.40,-0.10,271.65,-1.36,4.40,0.34,453.2,59924
2026-02-28 00:29:00,0.65,-4.22,-0.72,278.77,-9.52,4.33,0.45,447.8,60599
2026-02-28 00:30:00,0.81,-3.71,-1.57,282.25,-22.43,4.11,0.70,438.9,70755
2026-02-28 00:31:00,0.64,-3.47,-2.08,280.50,-30.52,4.10,1.01,438.3,74385
2026-02-28 00:32:00,1.04,-3.84,-0.77,285.18,-10.95,4.06,0.87,441.4,85797
2026-02-28 00:33:00,0.38,-3.78,-1.48,275.69,-21.30,4.07,0.58,439.5,91282
2026-02-28 00:34:00,0.13,-4.11,-0.74,271.82,-10.25,4.18,0.63,440.2,66813
2026-02-28 00:35:00,1.08,-1.88,-2.74,299.87,-51.66,3.49,0.86,443.9,56580
2026-02-28 00:36:00,1.52,-1.85,-2.37,309.44,-44.60,3.37,1.71,431.7,82618
2026-02-28 00:37:00,0.40,-1.43,-0.88,285.67,-30.61,1.73,1.22,433.3,101435
2026-02-28 00:38:00,-1.03,-3.51,1.19,253.74,18.06,3.85,0.21,444.8,101151
2026-02-28 00:39:00,-0.49,-2.66,-1.40,259.49,-27.30,3.05,0.89,457.4,70075
2026-02-28 00:40:00,-2.19,-2.71,1.51,231.05,23.44,3.80,1.46,458.1,61707
2026-02-28 00:41:00,-2.47,-3.31,2.07,233.29,26.63,4.63,0.33,438.1,69291
2026-02-28 00:42:00,-2.46,-3.46,1.69,234.57,21.67,4.57,0.26,446.4,88853
2026-02-28 00:43:00,-2.57,-3.30,2.06,232.12,26.26,4.66,0.18,437.9,94439
2026-02-28 00:44:00,-2.60,-3.43,1.76,232.82,22.25,4.64,0.30,442.7,77460
2026-02-28 00:46:00,-2.80,-3.24,1.81,229.17,22.93,4.65,0.26,438.4,97589
2026-02-28 00:47:00,-2.97,-2.95,2.16,224.85,27.34,4.71,0.23,436.3,94437
2026-02-28 00:48:00,-3.08,-3.08,1.75,225.01,21.93,4.69,0.29,437.5,65298
2026-02-28 00:49:00,-2.21,-3.70,1.66,239.16,21.11,4.62,0.31,438.2,62749
2026-02-28 00:50:00,-2.03,-3.94,1.26,242.70,15.88,4.61,0.33,445.1,82595
2026-02-28 00:51:00,-1.88,-4.08,0.94,245.20,11.86,4.59,0.33,445.1,86107
2026-02-28 00:52:00,-1.97,-4.09,0.50,244.33,6.28,4.56,0.35,441.9,76134
2026-02-28 00:53:00,-2.55,-3.82,0.59,236.26,7.37,4.64,0.29,441.8,85801
2026-02-28 00:54:00,-2.02,-3.90,0.15,242.56,1.90,4.39,0.28,451.1,109474
2026-02-28 00:55:00,-2.29,-3.89,0.03,239.47,0.43,4.51,0.19,448.7,104223
2026-02-28 00:56:00,-1.17,-3.85,1.15,253.08,15.95,4.18,0.19,,
2026-02-28 00:57:00,-0.67,-4.04,0.45,260.59,6.30,4.12,0.53,451.6,77348
2026-02-28 00:58:00,-0.20,-3.79,0.90,266.91,13.38,3.91,0.35,455.9,66425
2026-02-28 00:59:00,0.64,-3.46,1.19,280.50,18.74,3.72,0.24,447.5,77093
2026-02-28 01:00:00,0.53,-3.40,1.52,278.91,23.82,3.76,0.14,437.5,96740
2026-02-28 01:01:00,0.88,-3.44,1.09,284.34,17.00,3.71,0.23,448.2,100125
2026-02-28 01:02:00,0.26,-3.46,1.74,274.23,26.69,3.88,0.27,456.2,90313
2026-02-28 01:03:00,-0.71,-3.52,1.79,258.63,26.55,4.02,0.26,455.8,73921
2026-02-28 01:04:00,-2.90,-3.38,1.21,229.35,15.18,4.61,0.34,451.2,71800
2026-02-28 01:05:00,-2.88,-3.28,1.73,228.70,21.65,4.69,0.36,442.4,77942
2026-02-28 01:06:00,-2.70,-2.85,2.54,226.59,32.86,4.68,0.26,434.9,67736
2026-02-28 01:07:00,-2.10,-3.12,2.38,236.00,32.31,4.45,0.25,433.0,58369
2026-02-28 01:08:00,-0.47,-3.47,1.94,262.33,28.96,4.00,0.23,437.1,68526
2026-02-28 01:09:00,0.88,-3.45,1.32,284.25,20.29,3.79,0.33,453.7,97544
2026-02-28 01:10:00,0.62,-3.51,1.70,280.07,25.51,3.95,0.08,435.2,90505
2026-02-28 01:11:00,0.49,-3.44,1.27,278.17,20.02,3.70,0.21,449.3,80228
2026-02-28 01:12:00,0.64,-3.36,0.62,280.86,10.22,3.47,0.66,453.7,83802
2026-02-28 01:13:00,0.62,-3.16,0.82,281.11,14.29,3.33,0.25,439.5,84040
2026-02-28 01:14:00,1.89,-0.76,1.05,338.08,27.24,2.29,0.54,452.4,77684
2026-02-28 01:15:00,2.17,0.13,0.77,3.53,19.44,2.30,1.66,432.2,89274
2026-02-28 01:16:00,0.38,-3.45,1.38,276.35,21.63,3.74,0.70,455.2,144369
2026-02-28 01:17:00,0.63,-3.17,0.73,281.27,12.65,3.31,0.28,456.0,160555
2026-02-28 01:18:00,1.42,-2.74,-0.05,297.40,-0.85,3.09,0.60,448.2,127043
2026-02-28 01:19:00,1.61,-2.56,-0.11,302.24,-2.05,3.03,0.70,441.0,117840
2026-02-28 01:20:00,1.15,-2.46,-0.68,295.07,-14.08,2.80,0.81,434.4,133212
2026-02-28 01:21:00,0.58,-1.70,-0.51,288.95,-16.00,1.87,1.37,432.4,137778
2026-02-28 01:22:00,-0.14,-0.66,-0.50,258.27,-36.60,0.83,1.73,435.6,133190
2026-02-28 01:23:00,0.26,1.65,0.00,81.10,-0.01,1.67,1.65,444.5,121594
2026-02-28 01:24:00,-0.25,2.65,0.07,95.47,1.47,2.67,2.22,445.0,118926
2026-02-28 01:25:00,0.48,3.85,-0.60,82.87,-8.86,3.92,2.08,445.0,91665
2026-02-28 01:26:00,0.89,3.60,-1.15,76.05,-17.25,3.88,2.09,444.1,74545
2026-02-28 01:27:00,1.17,3.55,-1.36,71.77,-19.94,3.98,2.07,437.3,66126
2026-02-28 01:28:00,1.42,3.35,-1.50,67.05,-22.42,3.93,1.90,433.2,57173
2026-02-28 01:29:00,1.23,3.63,-1.23,71.24,-17.77,4.02,1.90,433.1,57021
2026-02-28 01:30:00,1.59,3.63,-0.97,66.39,-13.72,4.08,1.86,434.3,50285
2026-02-28 01:31:00,1.71,3.58,-0.80,64.42,-11.46,4.04,2.00,433.6,52443
2026-02-28 01:32:00,1.66,3.57,-0.58,65.03,-8.32,3.98,1.97,433.1,54512
2026-02-28 01:33:00,1.55,3.29,-0.53,64.81,-8.34,3.68,2.01,434.6,62189
2026-02-28 01:34:00,1.30,3.23,-0.49,68.13,-8.01,3.51,1.86,437.5,74365
2026-02-28 01:35:00,1.57,3.40,-0.73,65.20,-11.03,3.82,1.82,435.2,64550
2026-02-28 01:36:00,1.95,3.36,-1.06,59.86,-15.26,4.03,1.93,431.9,50802
2026-02-28 01:37:00,1.85,3.47,-1.03,61.87,-14.72,4.06,1.96,432.1,52123
2026-02-28 01:38:00,1.81,3.58,-0.99,63.25,-13.86,4.13,2.00,432.2,51977
2026-02-28 01:39:00,2.58,2.31,-1.55,41.84,-24.11,3.79,2.02,430.7,51809
2026-02-28 01:40:00,2.42,2.54,-1.62,46.40,-24.82,3.86,1.95,424.3,53893
2026-02-28 01:41:00,2.28,2.80,-1.38,50.85,-20.90,3.87,1.87,427.8,57819
2026-02-28 01:42:00,2.04,3.09,-1.52,56.62,-22.26,4.00,1.85,428.3,58836
2026-02-28 01:43:00,2.00,3.20,-1.57,58.06,-22.59,4.09,2.08,432.9,54207
2026-02-28 01:44:00,2.07,3.12,-1.44,56.40,-21.06,4.01,2.09,431.6,54502
2026-02-28 01:45:00,2.17,2.95,-1.23,53.60,-18.52,3.86,1.93,429.1,55514
2026-02-28 01:46:00,2.17,2.99,-1.14,54.08,-17.10,3.87,2.11,429.7,59526
2026-02-28 01:47:00,1.68,2.93,-1.77,60.20,-27.68,3.81,2.07,429.9,63814
2026-02-28 01:48:00,1.28,3.35,-2.36,69.08,-33.27,4.29,1.96,433.8,60368
2026-02-28 01:49:00,1.41,3.24,-2.40,66.43,-34.12,4.27,1.74,434.3,53926
2026-02-28 01:50:00,1.70,3.10,-2.35,61.21,-33.60,4.25,1.79,432.8,51831
2026-02-28 01:51:00,1.40,2.95,-2.49,64.62,-37.40,4.10,1.92,434.8,54303
2026-02-28 01:52:00,1.31,3.14,-2.01,67.42,-30.58,3.95,1.92,435.7,57865
2026-02-28 01:53:00,1.31,3.40,-2.12,68.88,-30.26,4.22,1.92,435.3,58703
2026-02-28 01:54:00,0.93,3.46,-2.19,74.90,-31.39,4.20,1.96,439.0,57622
2026-02-28 01:55:00,1.09,3.13,-2.42,70.76,-36.08,4.10,2.04,440.8,59265
2026-02-28 01:56:00,1.32,3.13,-2.19,67.04,-32.84,4.04,1.98,437.7,60736
2026-02-28 01:57:00,1.31,3.18,-2.18,67.63,-32.44,4.07,1.92,434.8,61986
2026-02-28 01:58:00,1.46,2.94,-2.18,63.61,-33.61,3.94,2.03,432.4,59124
2026-02-28 01:59:00,1.07,2.98,-2.33,70.21,-36.41,3.93,2.04,434.0,64739
2026-02-28 02:00:00,0.85,2.97,-2.70,74.10,-41.16,4.11,2.01,436.8,67814
2026-02-28 02:01:00,0.98,3.04,-2.78,72.22,-41.03,4.24,2.01,438.0,63097
2026-02-28 02:02:00,1.18,2.97,-2.72,68.28,-40.31,4.20,2.01,438.1,62664
2026-02-28 02:03:00,1.29,2.91,-2.80,66.15,-41.33,4.24,2.04,434.7,59920
2026-02-28 02:04:00,1.27,2.92,-2.83,66.53,-41.64,4.26,1.91,434.4,57669
2026-02-28 02:05:00,1.35,2.98,-2.70,65.61,-39.57,4.24,1.88,434.0,55409
2026-02-28 02:06:00,1.27,2.73,-2.34,65.11,-37.90,3.81,1.91,434.8,68728
2026-02-28 02:07:00,0.15,2.68,-2.87,86.83,-46.86,3.93,2.08,439.8,73609
2026-02-28 02:08:00,-0.09,2.89,-2.84,91.72,-44.44,4.05,2.10,445.5,69153
2026-02-28 02:09:00,0.59,2.92,-2.47,78.58,-39.71,3.87,1.99,444.2,69724
2026-02-28 02:10:00,0.15,2.96,-2.32,87.06,-38.12,3.77,2.15,441.9,72708
2026-02-28 02:11:00,-0.01,2.45,-1.77,90.22,-35.96,3.02,2.21,447.6,81233
2026-02-28 02:12:00,-0.03,2.19,-2.47,90.76,-48.41,3.30,1.78,443.3,89609
2026-02-28 02:13:00,0.03,1.87,-2.30,89.22,-50.79,2.96,2.06,446.3,92867
2026-02-28 02:14:00,0.11,1.69,-2.48,86.23,-55.71,3.01,1.97,444.7,87249
2026-02-28 02:15:00,0.75,1.64,-2.80,65.48,-57.28,3.33,1.98,444.7,93998
2026-02-28 02:16:00,1.05,1.47,-2.70,54.48,-56.23,3.24,1.89,440.1,90331
2026-02-28 02:17:00,0.95,0.97,-2.54,45.69,-61.96,2.88,1.81,436.9,94170
2026-02-28 02:18:00,-0.78,-0.71,1.74,222.47,58.85,2.03,1.23,447.5,133130
2026-02-28 02:19:00,-0.96,-1.60,3.95,239.04,64.77,4.37,0.31,443.4,122712
2026-02-28 02:20:00,-1.08,-2.70,3.13,248.17,47.04,4.28,0.11,436.7,85427
2026-02-28 02:21:00,-1.14,-2.96,3.09,248.91,44.20,4.43,0.06,442.4,78335
2026-02-28 02:22:00,-0.57,-2.28,3.47,256.05,55.84,4.19,0.07,444.4,86159
2026-02-28 02:23:00,-0.53,-2.50,3.55,258.16,54.18,4.37,0.08,448.5,99141
2026-02-28 02:24:00,-0.26,-2.50,3.10,264.07,50.94,3.99,0.09,453.7,117192
2026-02-28 02:25:00,-0.94,-2.44,3.19,248.99,50.69,4.12,0.11,452.4,114721
2026-02-28 02:26:00,-0.64,-2.44,3.17,255.37,51.53,4.05,0.08,449.2,91309
2026-02-28 02:27:00,-0.51,-2.64,3.00,259.10,48.10,4.03,0.07,446.1,84740
2026-02-28 02:28:00,-0.72,-3.10,2.54,256.95,38.62,4.07,0.09,444.9,77078
2026-02-28 02:29:00,-1.27,-3.16,2.17,248.16,32.50,4.04,0.13,446.1,87120
2026-02-28 02:30:00,-2.81,-1.51,2.82,208.31,41.52,4.26,0.14,431.5,110388
2026-02-28 02:31:00,-2.90,-1.04,2.95,199.74,43.76,4.27,0.14,426.2,99853
2026-02-28 02:32:00,-0.88,-2.44,3.17,250.09,50.77,4.10,0.17,438.4,110527
2026-02-28 02:33:00,-0.61,-2.38,3.25,255.68,52.95,4.07,0.10,433.8,100199
2026-02-28 02:34:00,-0.39,-2.34,3.40,260.51,55.10,4.14,0.05,444.4,94735
2026-02-28 02:35:00,-1.50,-2.36,2.89,237.62,46.02,4.02,0.04,446.4,93939
2026-02-28 02:36:00,-0.47,-2.79,2.62,260.39,42.79,3.85,0.25,437.3,60382
2026-02-28 02:37:00,0.24,-2.83,2.40,274.78,40.12,3.72,0.23,446.4,90972
2026-02-28 02:38:00,0.54,-2.99,1.88,280.19,31.84,3.57,0.17,445.4,101083
2026-02-28 02:39:00,0.28,-3.09,1.83,275.16,30.46,3.60,0.26,445.4,107304
2026-02-28 02:40:00,-0.33,-2.89,1.80,263.53,31.74,3.42,0.40,447.2,115287
2026-02-28 02:41:00,1.09,-0.22,-1.44,348.69,-52.21,1.82,0.97,439.3,100008
2026-02-28 02:42:00,1.43,1.83,-2.92,52.12,-51.55,3.73,1.88,430.1,72038
2026-02-28 02:43:00,1.26,2.30,-3.02,61.34,-49.00,4.00,2.06,429.9,55682
2026-02-28 02:44:00,1.18,2.41,-3.04,64.00,-48.50,4.05,2.02,431.2,54515
2026-02-28 02:45:00,1.39,2.08,-3.15,56.20,-51.48,4.02,1.85,431.5,52474
2026-02-28 02:46:00,1.08,2.69,-2.99,68.09,-45.80,4.17,2.12,431.0,57550
2026-02-28 02:47:00,1.34,2.08,-3.26,57.20,-52.82,4.10,1.88,429.8,48984
2026-02-28 02:48:00,0.75,3.07,-2.85,76.24,-41.96,4.26,2.34,436.6,60648
2026-02-28 02:49:00,0.72,3.33,-2.54,77.86,-36.73,4.25,2.36,434.2,58366
2026-02-28 02:50:00,1.05,2.63,-2.86,68.30,-45.26,4.03,2.08,431.6,55350
2026-02-28 02:51:00,0.69,2.72,-2.84,75.79,-45.32,4.00,2.07,428.3,53649
2026-02-28 02:52:00,0.36,3.10,-2.74,83.28,-41.27,4.15,2.26,438.0,57665
2026-02-28 02:53:00,-0.37,3.49,-2.46,96.06,-35.01,4.29,2.28,450.7,63591
2026-02-28 02:54:00,-0.71,3.30,-2.67,102.19,-38.27,4.31,2.33,455.3,64656
2026-02-28 02:55:00,-0.11,3.64,-2.23,91.71,-31.49,4.27,2.23,453.1,59880
2026-02-28 02:56:00,0.16,3.65,-1.98,87.48,-28.43,4.15,2.10,447.4,59242
2026-02-28 02:57:00,0.36,3.94,-1.31,84.81,-18.31,4.17,2.06,441.9,61310
2026-02-28 02:58:00,-0.27,2.55,-3.18,96.06,-51.17,4.09,2.08,443.6,60585
2026-02-28 02:59:00,-0.70,2.02,-3.61,109.00,-59.38,4.20,2.26,448.8,61053
2026-02-28 03:00:00,0.16,2.13,-3.81,85.73,-60.72,4.36,2.07,442.1,50790
2026-02-28 03:01:00,0.25,2.34,-3.82,83.85,-58.39,4.48,2.14,439.4,53631
2026-02-28 03:02:00,-0.26,2.22,-3.86,96.75,-59.89,4.46,2.27,440.1,54292
2026-02-28 03:03:00,0.29,1.88,-3.91,81.11,-64.06,4.35,2.44,450.3,59937
2026-02-28 03:04:00,0.47,1.74,-3.91,74.91,-65.27,4.30,2.19,436.8,46376
2026-02-28 03:05:00,-0.48,2.21,-3.80,102.27,-59.22,4.43,2.12,442.8,59544
2026-02-28 03:06:00,-0.16,2.35,-3.65,93.91,-57.19,4.35,2.20,440.3,52611
2026-02-28 03:07:00,-1.35,2.53,-3.64,118.06,-51.77,4.63,2.35,448.8,56867
2026-02-28 03:08:00,-0.13,2.58,-3.49,92.92,-53.51,4.35,2.39,451.3,58442
2026-02-28 03:09:00,-0.12,2.56,-3.53,92.58,-54.07,4.36,2.09,438.2,50689
2026-02-28 03:10:00,0.52,2.42,-3.35,77.76,-53.53,4.17,2.19,437.9,53315
2026-02-28 03:11:00,1.06,2.09,-3.15,63.16,-53.35,3.93,2.51,435.9,67345
2026-02-28 03:12:00,1.17,2.22,-2.89,62.22,-49.06,3.83,2.51,431.7,70125
2026-02-28 03:13:00,0.31,0.88,-3.86,70.45,-76.37,3.97,2.23,432.1,63296
2026-02-28 03:14:00,0.81,0.97,-3.76,50.06,-71.33,3.97,2.25,434.1,65071
2026-02-28 03:15:00,1.61,2.15,-2.86,53.28,-46.75,3.92,2.23,425.0,56243
2026-02-28 03:16:00,1.41,1.76,-3.05,51.25,-53.47,3.79,2.09,422.5,56511
2026-02-28 03:17:00,1.80,2.66,-2.12,56.02,-33.42,3.85,2.08,424.1,57209
2026-02-28 03:18:00,1.42,2.45,-2.67,59.87,-43.35,3.89,2.06,423.1,61861
2026-02-28 03:19:00,1.65,2.34,-2.63,54.88,-42.62,3.89,2.16,422.4,56349
2026-02-28 03:20:00,1.70,2.06,-2.76,50.44,-45.94,3.84,1.94,416.8,50899
2026-02-28 03:21:00,1.54,2.03,-2.97,52.89,-49.33,3.91,2.17,421.4,57428
2026-02-28 03:22:00,1.73,1.50,-3.08,40.97,-53.36,3.84,2.08,418.2,55337
2026-02-28 03:23:00,2.21,0.75,-2.79,18.80,-50.08,3.64,1.84,414.0,56144
2026-02-28 03:24:00,0.97,0.26,-3.79,14.99,-75.22,3.92,2.02,421.6,54790
2026-02-28 03:25:00,1.32,1.77,-3.21,53.36,-55.48,3.89,2.03,423.7,51767
2026-02-28 03:26:00,0.80,2.60,-2.88,72.96,-46.67,3.97,2.09,428.1,50836
2026-02-28 03:27:00,1.86,2.16,-2.46,49.25,-40.81,3.77,2.05,422.2,49640
2026-02-28 03:28:00,1.19,1.93,-3.34,58.32,-55.87,4.03,2.03,421.2,49861
2026-02-28 03:29:00,1.65,1.51,-3.25,42.39,-55.47,3.94,2.05,427.2,51599
2026-02-28 03:30:00,2.39,0.85,-2.78,19.53,-47.60,3.76,1.86,417.9,51019
2026-02-28 03:31:00,2.26,0.63,-2.96,15.65,-51.54,3.77,1.85,411.3,50571
2026-02-28 03:32:00,1.35,0.67,-2.89,26.48,-62.42,3.26,1.96,416.3,57192
2026-02-28 03:33:00,2.78,-0.12,-2.06,357.43,-36.47,3.46,1.85,422.9,81913
2026-02-28 03:34:00,2.42,0.21,-2.17,4.88,-41.85,3.26,2.29,413.0,67708
2026-02-28 03:35:00,0.86,-0.86,0.01,315.07,0.30,1.22,2.19,425.8,90310
2026-02-28 03:36:00,-0.23,-2.17,3.08,263.89,54.72,3.77,0.07,396.2,14921
2026-02-28 03:37:00,0.64,-2.16,2.90,286.56,52.22,3.67,0.09,444.3,114914
2026-02-28 03:38:00,1.12,-1.62,3.03,304.55,56.96,3.62,0.05,443.5,116143
2026-02-28 03:39:00,0.78,-1.98,3.24,291.46,56.74,3.87,0.10,448.1,78314
2026-02-28 03:40:00,1.02,-2.17,2.91,295.24,50.57,3.77,0.11,466.4,124412
2026-02-28 03:41:00,1.36,-2.09,2.84,303.05,48.68,3.78,0.11,473.0,146619
2026-02-28 03:42:00,1.42,-2.18,2.63,303.06,45.36,3.69,0.07,458.9,149498
2026-02-28 03:43:00,1.58,-2.30,2.12,304.46,37.16,3.50,0.28,456.2,110609
2026-02-28 03:44:00,1.49,-2.75,1.36,298.41,23.47,3.41,0.50,453.2,76212
2026-02-28 03:45:00,2.02,-2.10,0.76,313.92,14.61,3.01,0.49,451.8,81165
2026-02-28 03:46:00,-0.29,-3.18,1.88,264.71,30.44,3.70,0.39,450.0,91607
2026-02-28 03:47:00,0.71,-2.10,1.61,288.66,36.12,2.74,0.24,447.1,107766
2026-02-28 03:48:00,1.93,-1.43,0.31,323.46,7.27,2.42,0.15,441.2,116155
2026-02-28 03:49:00,1.73,-2.62,0.30,303.50,5.44,3.16,0.27,440.3,121392
2026-02-28 03:50:00,2.67,-1.34,-0.88,333.36,-16.31,3.12,0.65,430.1,120916
2026-02-28 03:51:00,2.54,0.36,-1.92,8.00,-36.85,3.21,1.05,419.6,101563
2026-02-28 03:52:00,2.48,0.78,-2.08,17.42,-38.71,3.33,1.75,416.8,65136
2026-02-28 03:53:00,2.39,0.58,-2.22,13.71,-42.08,3.31,1.95,416.9,66435
2026-02-28 03:54:00,2.27,0.79,-2.30,19.11,-43.76,3.32,1.92,415.0,60112
2026-02-28 03:55:00,2.19,0.96,-2.61,23.75,-47.46,3.54,1.97,414.8,59460
2026-02-28 03:56:00,2.07,0.75,-2.68,19.97,-50.63,3.47,1.98,416.3,57911
2026-02-28 03:57:00,1.60,0.47,-2.64,16.22,-57.77,3.12,1.97,419.1,67487
2026-02-28 03:58:00,0.95,-1.31,-0.49,306.00,-16.98,1.69,1.63,417.1,81916
2026-02-28 04:00:00,-0.12,-3.46,1.50,267.98,23.39,3.77,0.45,447.6,86143
2026-02-28 09:59:00,2.05,-2.68,0.22,307.44,3.81,3.38,0.61,413.6,103993
2026-02-28 10:02:00,1.63,-2.35,2.14,304.79,36.74,3.57,0.45,427.4,88171
2026-02-28 10:03:00,1.65,-2.55,1.74,302.90,29.77,3.50,0.44,429.2,74103
2026-02-28 10:04:00,1.05,-3.41,1.08,287.14,16.84,3.73,0.47,437.4,109087
2026-02-28 10:05:00,0.80,-3.71,0.41,282.10,6.10,3.82,0.65,433.5,110750
2026-02-28 10:06:00,1.05,-3.57,0.08,286.39,1.19,3.72,0.97,426.5,87276
2026-02-28 10:07:00,1.25,-3.33,-0.91,290.59,-14.38,3.67,1.02,411.8,55682
2026-02-28 10:08:00,0.85,-3.02,0.34,285.79,6.16,3.16,1.26,408.9,51198
2026-02-28 10:09:00,0.57,-2.66,2.92,282.11,46.97,3.99,1.53,423.6,50987
2026-02-28 10:10:00,0.69,-3.13,2.17,282.46,34.07,3.87,0.98,431.5,39753
2026-02-28 10:11:00,1.13,-2.88,1.81,291.46,30.32,3.58,0.39,436.1,108049
2026-02-28 10:12:00,2.10,-2.61,1.51,308.79,24.19,3.68,0.46,440.1,190206
2026-02-28 10:13:00,2.08,-2.74,1.11,307.31,17.86,3.61,0.48,427.8,136477
2026-02-28 10:14:00,1.60,-2.83,1.31,299.37,21.88,3.51,0.59,416.2,101735
2026-02-28 10:15:00,1.48,-2.73,1.79,298.57,29.94,3.58,0.46,424.7,114113
2026-02-28 10:16:00,1.58,-2.68,1.61,300.45,27.34,3.50,0.55,438.1,186033
2026-02-28 10:17:00,2.04,-2.48,1.28,309.46,21.76,3.45,0.53,430.8,178351
2026-02-28 10:18:00,1.60,-2.65,1.74,301.03,29.37,3.55,0.53,430.1,177542
2026-02-28 10:19:00,1.18,-2.85,1.85,292.42,30.92,3.60,0.40,433.7,81127
2026-02-28 10:20:00,1.50,-2.35,2.02,302.42,35.98,3.45,0.30,419.4,72860
2026-02-28 10:21:00,1.93,-2.10,2.02,312.50,35.32,3.50,0.33,430.5,101581
2026-02-28 10:22:00,2.10,-1.99,1.96,316.59,34.17,3.49,0.33,419.2,79111
2026-02-28 10:23:00,2.35,-1.78,1.69,322.85,29.84,3.39,0.32,417.6,81475
2026-02-28 10:24:00,2.49,-1.84,1.48,323.45,25.54,3.43,0.43,425.8,148435
2026-02-28 10:25:00,2.45,-2.30,1.39,316.80,22.48,3.64,0.48,417.5,162975
2026-02-28 10:26:00,2.68,-2.07,1.30,322.28,20.96,3.63,0.39,414.0,125275
2026-02-28 10:27:00,2.56,-1.66,2.10,327.00,34.60,3.71,0.38,424.7,145014
2026-02-28 10:28:00,2.00,-1.94,2.57,315.85,42.71,3.79,0.26,442.9,106010
2026-02-28 10:29:00,1.29,-2.45,2.95,297.82,46.79,4.04,0.32,444.9,68746
2026-02-28 10:30:00,1.40,-2.58,2.92,298.51,44.88,4.14,0.69,420.5,29423
2026-02-28 10:31:00,1.35,-1.81,3.49,306.80,57.08,4.16,0.26,441.4,60144
2026-02-28 10:32:00,1.57,-1.88,3.27,309.82,53.24,4.09,0.24,457.6,69801
2026-02-28 10:33:00,1.60,-2.49,2.73,302.80,42.70,4.03,0.04,419.7,75236
2026-02-28 10:34:00,1.53,-2.56,2.77,300.83,42.98,4.07,0.21,434.3,43410
2026-02-28 10:35:00,1.31,-2.57,2.85,296.95,44.62,4.05,0.15,431.1,68969
2026-02-28 10:36:00,1.75,-2.69,2.20,303.01,34.44,3.89,0.12,431.0,55508
2026-02-28 10:37:00,2.08,-2.33,1.33,311.72,23.03,3.39,0.13,422.1,61941
2026-02-28 10:38:00,2.62,-0.73,-1.86,344.47,-34.47,3.29,1.40,414.6,105240
2026-02-28 10:39:00,2.70,-1.17,-1.49,336.56,-26.80,3.29,1.51,403.9,113235
2026-02-28 10:40:00,3.11,-0.42,-1.01,352.35,-17.92,3.29,0.92,393.0,84456
2026-02-28 10:41:00,3.27,-1.03,0.35,342.46,5.86,3.45,0.87,387.2,61096
2026-02-28 10:42:00,3.38,-1.10,0.12,341.97,1.87,3.55,0.44,381.4,38855
2026-02-28 10:43:00,3.20,-1.55,0.25,334.10,3.97,3.57,0.32,386.2,51038
2026-02-28 10:44:00,2.61,-2.01,-0.87,322.42,-14.78,3.41,0.33,404.2,134731
2026-02-28 10:45:00,2.74,-0.92,-2.05,341.52,-35.39,3.55,0.62,390.7,62867
2026-02-28 10:46:00,1.88,-1.92,-2.50,314.39,-42.94,3.67,1.76,407.2,67073
2026-02-28 10:47:00,2.45,-1.47,-2.17,329.02,-37.20,3.59,1.76,405.7,48437
2026-02-28 10:48:00,2.35,-1.89,-2.07,321.23,-34.45,3.65,1.59,406.5,67118
2026-02-28 10:49:00,2.01,-1.99,-2.31,315.22,-39.18,3.65,0.62,385.9,35844
2026-02-28 10:50:00,1.56,-1.64,-2.90,313.52,-51.99,3.68,1.85,412.0,75004
2026-02-28 10:55:00,2.93,-1.15,-2.08,338.63,-33.47,3.78,1.18,397.0,53198
2026-02-28 10:56:00,2.85,-0.91,-2.29,342.35,-37.47,3.77,1.04,392.1,37908
2026-02-28 10:57:00,3.04,-0.86,-2.14,344.28,-34.10,3.82,1.34,394.3,49607
2026-02-28 10:58:00,3.26,-0.52,-2.02,350.91,-31.43,3.86,2.12,405.9,72281
2026-02-28 10:59:00,3.17,-0.45,-2.28,352.01,-35.37,3.93,1.48,394.5,38532
2026-02-28 11:00:00,3.29,-0.38,-2.22,353.36,-33.79,3.99,1.71,395.0,40144
2026-02-28 11:01:00,3.19,-0.20,-2.26,356.45,-35.26,3.92,1.79,396.4,43625
2026-02-28 11:02:00,3.21,0.08,-2.20,1.36,-34.38,3.90,1.55,391.9,39930
2026-02-28 11:03:00,3.20,-0.05,-2.38,359.04,-36.64,3.99,2.15,400.4,51205
2026-02-28 11:04:00,3.16,-0.28,-2.40,354.99,-37.11,3.98,0.87,382.5,22174
2026-02-28 11:05:00,3.10,-0.38,-2.35,353.05,-37.03,3.91,2.11,400.6,58131
2026-02-28 11:06:00,2.63,-0.91,-2.72,340.87,-44.33,3.90,1.81,396.5,44427
2026-02-28 11:07:00,2.62,-0.85,-2.78,342.02,-45.28,3.91,1.85,398.1,42262
2026-02-28 11:08:00,2.69,-0.47,-2.67,350.05,-44.39,3.82,1.75,397.0,39101
2026-02-28 11:09:00,2.44,-1.03,-2.71,337.05,-45.66,3.79,2.12,401.8,54326
2026-02-28 11:10:00,2.69,-0.50,-2.62,349.46,-43.73,3.79,2.10,400.3,49835
2026-02-28 11:11:00,2.84,-0.40,-2.61,351.97,-42.32,3.88,1.89,396.1,38818
2026-02-28 11:12:00,2.80,0.63,-2.74,12.61,-43.73,3.97,2.08,398.2,44894
2026-02-28 11:13:00,2.58,0.66,-2.87,14.41,-47.12,3.92,2.07,398.7,45657
2026-02-28 11:14:00,2.29,1.37,-2.79,30.90,-46.33,3.86,1.67,395.8,34590
2026-02-28 11:15:00,2.37,0.85,-2.78,19.67,-47.86,3.76,1.84,399.7,39093
2026-02-28 11:16:00,2.07,1.14,-3.05,28.83,-52.26,3.86,2.09,399.9,41324
2026-02-28 11:17:00,2.22,0.97,-2.96,23.64,-50.74,3.83,2.41,405.4,56171
2026-02-28 11:18:00,2.18,1.04,-2.90,25.56,-50.23,3.78,2.23,403.1,46735
2026-02-28 11:19:00,2.15,0.80,-2.97,20.44,-52.33,3.76,1.79,397.9,38651
2026-02-28 11:20:00,1.67,-0.84,-3.35,333.24,-60.85,3.84,1.76,399.0,38921
2026-02-28 11:21:00,1.48,-1.00,-3.36,325.96,-62.05,3.80,2.13,406.8,46793
2026-02-28 11:22:00,1.84,-0.82,-3.14,336.05,-57.36,3.73,2.28,408.1,53061
2026-02-28 11:23:00,1.72,-0.70,-3.33,337.85,-60.83,3.82,2.10,402.3,46216
2026-02-28 11:24:00,1.55,-0.42,-3.53,345.01,-65.54,3.88,2.04,400.7,44052
2026-02-28 11:25:00,1.80,-0.84,-3.22,334.93,-58.30,3.78,3.18,418.7,121025
2026-02-28 11:26:00,1.94,-1.26,-2.91,327.05,-51.45,3.72,2.09,401.3,63294
2026-02-28 11:27:00,1.73,-1.61,-2.87,316.95,-50.50,3.72,1.53,395.5,32170
2026-02-28 11:28:00,1.19,-1.54,-3.39,307.77,-60.16,3.90,1.89,406.1,47991
2026-02-28 11:29:00,1.26,-1.60,-3.31,308.18,-58.37,3.89,1.94,408.5,49373
2026-02-28 11:30:00,1.12,-1.65,-3.47,304.18,-60.01,4.00,1.57,400.7,33481
2026-02-28 11:31:00,1.17,-1.47,-3.50,308.38,-61.76,3.97,1.51,397.0,28271
2026-02-28 11:32:00,1.15,-1.34,-3.56,310.73,-63.59,3.98,2.16,407.1,49225
2026-02-28 11:33:00,1.21,-1.37,-3.56,311.55,-62.78,4.00,2.16,413.2,52448
2026-02-28 11:34:00,1.26,-0.87,-3.67,325.29,-67.27,3.98,2.89,418.8,66777
2026-02-28 11:35:00,0.90,-1.51,-3.63,300.76,-64.19,4.03,2.18,412.0,51494
2026-02-28 11:36:00,1.18,-1.69,-3.45,304.88,-59.17,4.02,2.19,414.3,46169
2026-02-28 11:37:00,1.05,-1.65,-3.56,302.46,-61.25,4.06,2.36,415.5,59457
2026-02-28 11:38:00,0.72,-1.86,-3.58,291.19,-60.88,4.10,1.00,391.5,21220
2026-02-28 11:39:00,0.30,-1.63,-3.82,280.55,-66.46,4.16,2.24,418.7,79521
2026-02-28 11:40:00,0.89,-0.66,-3.66,323.50,-73.12,3.83,2.36,427.7,64906
2026-02-28 11:41:00,1.05,-0.31,-3.78,343.58,-73.86,3.94,2.56,421.1,63652
2026-02-28 11:42:00,1.14,-0.42,-3.76,339.84,-72.02,3.95,1.70,402.9,42041
2026-02-28 11:43:00,0.99,-1.12,-3.62,311.39,-67.55,3.92,1.61,401.9,35764
2026-02-28 11:44:00,0.86,-1.00,-3.73,310.85,-70.53,3.96,2.40,410.9,51480
2026-02-28 11:45:00,0.83,-1.68,-3.57,296.31,-62.27,4.04,1.96,404.7,41038
2026-02-28 11:46:00,1.19,-1.45,-3.54,309.44,-62.09,4.00,1.46,401.6,36398
2026-02-28 11:47:00,1.31,-1.00,-3.56,322.80,-65.20,3.93,2.53,413.7,67395
2026-02-28 11:48:00,1.20,-1.24,-3.48,314.05,-63.56,3.89,2.11,403.0,42672
2026-02-28 11:49:00,1.47,-1.34,-3.40,317.60,-59.69,3.93,1.68,401.8,34788
2026-02-28 11:50:00,1.34,-1.18,-3.62,318.47,-63.75,4.04,1.07,392.5,24799
2026-02-28 11:51:00,1.60,-0.96,-3.49,329.01,-61.87,3.96,2.60,415.6,65000
2026-02-28 11:52:00,1.53,-1.13,-3.45,323.56,-61.04,3.94,2.73,411.0,63463
2026-02-28 11:53:00,1.40,-1.51,-3.35,312.70,-58.42,3.94,1.19,392.9,27721
2026-02-28 11:54:00,1.26,-1.36,-3.52,312.73,-62.20,3.97,2.22,412.0,57117
2026-02-28 11:55:00,1.19,-1.32,-3.55,312.01,-63.46,3.97,2.41,409.4,52099
2026-02-28 11:56:00,1.22,-1.35,-3.51,312.01,-62.60,3.95,2.05,405.9,40952
2026-02-28 11:57:00,1.10,-1.37,-3.60,308.75,-63.90,4.00,1.91,405.3,37723
2026-02-28 11:58:00,1.35,-1.44,-3.46,313.15,-60.24,3.99,2.67,415.3,60688
2026-02-28 11:59:00,1.20,-1.38,-3.60,311.01,-63.14,4.04,2.41,410.5,53437
2026-02-28 12:00:00,0.58,-0.78,-3.94,306.63,-76.11,4.06,1.50,400.4,34300
2026-02-28 12:01:00,0.00,-0.33,-4.17,270.57,-85.43,4.18,1.33,405.9,33842
2026-02-28 12:02:00,0.29,-0.85,-3.79,289.02,-76.67,3.90,2.60,426.0,61694
2026-02-28 12:03:00,0.42,-2.86,-2.81,278.40,-44.21,4.03,2.83,422.9,64304
2026-02-28 12:04:00,0.44,-1.55,-3.55,285.76,-65.65,3.90,1.64,409.6,39792
2026-02-28 12:05:00,1.22,-1.05,-3.30,319.14,-64.01,3.67,0.85,392.5,25088
2026-02-28 12:06:00,0.62,-0.83,-3.57,306.47,-73.78,3.71,2.63,417.3,65211
2026-02-28 12:07:00,0.33,-1.01,-3.57,288.20,-73.48,3.72,2.47,413.7,51522
2026-02-28 12:08:00,0.60,-1.56,-3.45,290.90,-64.16,3.83,1.67,413.3,42680
2026-02-28 12:09:00,0.88,-1.26,-3.43,305.07,-65.87,3.76,1.90,406.2,42908
2026-02-28 12:10:00,0.22,-1.84,-3.45,276.77,-61.68,3.91,1.93,409.8,46392
2026-02-28 12:11:00,0.28,-1.93,-3.40,278.29,-60.12,3.92,1.90,412.3,50834
2026-02-28 12:12:00,0.31,-1.93,-3.46,279.03,-60.52,3.98,1.46,400.3,26551
2026-02-28 12:13:00,0.46,-1.96,-3.38,283.25,-59.23,3.93,2.05,411.8,58024
2026-02-28 12:14:00,0.37,-1.81,-3.39,281.64,-61.40,3.86,2.60,421.1,71969
2026-02-28 12:15:00,0.60,-2.01,-3.22,286.54,-56.98,3.84,2.44,416.6,57200
2026-02-28 12:16:00,1.05,-1.45,-3.32,306.07,-61.71,3.77,2.35,411.9,56046
2026-02-28 12:17:00,1.56,-1.15,-3.20,323.71,-58.76,3.74,2.28,407.1,56038
2026-02-28 12:18:00,1.69,-0.96,-3.15,330.38,-58.33,3.71,1.78,398.2,38658
2026-02-28 12:19:00,1.79,-0.63,-3.20,340.60,-59.35,3.72,1.78,396.8,34402
2026-02-28 12:20:00,1.69,-0.72,-3.19,336.82,-59.99,3.68,2.61,403.6,48519
2026-02-28 12:21:00,2.02,-1.26,-2.75,328.20,-49.09,3.64,2.86,409.0,64712
2026-02-28 12:22:00,2.05,-1.80,-2.41,318.67,-41.40,3.64,1.88,398.6,44031
2026-02-28 12:23:00,2.61,0.46,-2.47,10.01,-43.02,3.62,1.55,392.6,33453
2026-02-28 12:24:00,2.39,0.11,-2.85,2.60,-49.99,3.73,1.96,393.7,39558
2026-02-28 12:25:00,2.09,0.69,-2.98,18.41,-53.61,3.70,1.62,394.1,34492
2026-02-28 12:26:00,1.99,0.36,-2.87,10.26,-54.81,3.52,2.18,398.4,44800
2026-02-28 12:27:00,1.88,1.36,-2.94,35.75,-51.67,3.75,2.04,398.5,41546
2026-02-28 12:28:00,1.41,1.60,-3.02,48.49,-54.73,3.69,1.99,401.2,41477
2026-02-28 12:29:00,1.19,1.03,-3.54,40.99,-66.02,3.87,2.36,405.6,49011
2026-02-28 12:30:00,1.45,0.86,-3.47,30.71,-64.11,3.86,2.56,407.4,52778
2026-02-28 12:31:00,1.51,0.87,-3.44,29.82,-63.11,3.85,2.14,399.4,38245
2026-02-28 12:32:00,1.16,1.31,-3.48,48.33,-63.30,3.90,2.14,401.3,39107
2026-02-28 12:33:00,0.77,1.78,-3.43,66.65,-60.47,3.94,2.22,405.3,42503
2026-02-28 12:34:00,0.58,1.69,-3.51,71.15,-62.98,3.94,2.19,406.6,42720
2026-02-28 12:35:00,0.66,1.85,-3.40,70.38,-60.00,3.93,1.83,403.5,35890
2026-02-28 12:36:00,1.33,1.27,-3.27,43.69,-60.68,3.75,1.92,404.0,39707
2026-02-28 12:37:00,1.43,1.12,-3.27,38.05,-61.00,3.74,2.34,402.2,44664
2026-02-28 12:38:00,1.59,0.81,-3.21,26.84,-60.89,3.67,1.64,399.4,37435
2026-02-28 12:39:00,1.84,0.07,-3.30,2.15,-60.93,3.78,1.47,386.5,24372
2026-02-28 12:40:00,1.82,0.04,-3.21,1.38,-60.46,3.69,1.99,399.9,38769
2026-02-28 12:41:00,1.80,-0.12,-3.26,356.08,-61.06,3.73,2.51,405.9,55069
2026-02-28 12:42:00,1.66,0.40,-3.33,13.63,-62.83,3.74,2.10,399.5,38617
2026-02-28 12:43:00,1.66,0.38,-3.41,12.76,-63.40,3.81,2.22,401.8,41488
2026-02-28 12:44:00,1.64,0.62,-3.39,20.77,-62.71,3.82,2.05,398.8,36546
2026-02-28 12:45:00,1.63,0.93,-3.36,29.70,-60.87,3.85,2.25,400.5,42996
2026-02-28 12:46:00,1.60,1.08,-3.38,33.95,-60.31,3.89,1.65,394.8,31662
2026-02-28 12:47:00,1.51,1.37,-3.36,42.09,-58.72,3.93,1.69,396.3,30972
2026-02-28 12:48:00,1.49,1.62,-3.22,47.40,-55.67,3.90,2.29,404.2,44061
2026-02-28 12:49:00,1.43,1.75,-3.03,50.70,-53.29,3.78,2.30,402.9,43997
2026-02-28 12:50:00,0.54,2.41,-3.13,77.28,-51.66,3.99,2.07,397.7,33964
2026-02-28 12:51:00,0.70,2.03,-3.29,71.06,-56.86,3.93,1.88,399.1,29140
2026-02-28 12:52:00,1.18,2.34,-2.83,63.32,-47.18,3.85,2.28,406.1,43224
2026-02-28 12:53:00,1.24,2.38,-2.78,62.53,-45.99,3.86,2.39,407.2,46853
2026-02-28 12:54:00,0.81,2.70,-2.68,73.24,-43.56,3.89,1.69,400.5,34383
2026-02-28 12:55:00,1.94,1.40,-2.38,35.76,-44.89,3.37,2.14,412.8,45324
2026-02-28 12:56:00,1.26,-0.32,-3.36,345.84,-68.87,3.60,1.71,401.0,32785
2026-02-28 12:57:00,1.98,-0.45,-2.83,347.22,-54.36,3.48,1.84,400.2,37073
2026-02-28 12:58:00,2.27,-1.21,-2.25,331.98,-41.17,3.42,1.54,386.6,22598
2026-02-28 12:59:00,2.34,-2.01,-1.53,319.42,-26.41,3.44,1.38,391.0,32301
2026-02-28 13:00:00,1.76,-3.12,-0.56,299.50,-8.81,3.63,1.10,402.3,53878
2026-02-28 13:01:00,1.49,-3.32,-0.14,294.18,-2.27,3.64,0.53,399.4,41013
2026-02-28 13:02:00,1.64,-3.03,0.02,298.42,0.40,3.44,0.50,397.0,45938
2026-02-28 13:03:00,1.61,-2.82,-0.81,299.65,-14.00,3.34,0.65,397.8,57167
2026-02-28 13:04:00,1.99,-2.50,0.05,308.58,0.96,3.20,0.70,419.7,147168
2026-02-28 13:05:00,2.06,-2.44,-0.95,310.09,-16.49,3.33,0.83,409.5,112705
2026-02-28 13:06:00,2.39,-1.57,-1.77,326.61,-31.79,3.36,1.20,392.5,57664
2026-02-28 13:07:00,2.50,-1.63,-0.95,326.98,-17.71,3.13,1.36,393.7,64145
2026-02-28 13:08:00,3.03,-1.01,0.04,341.57,0.64,3.19,0.72,397.2,74054
2026-02-28 13:09:00,3.12,-0.48,-0.58,351.21,-10.46,3.21,0.73,381.9,47588
2026-02-28 13:10:00,3.07,0.29,-0.91,5.42,-16.36,3.21,1.13,387.9,80905
2026-02-28 13:11:00,2.81,-0.33,-1.65,353.36,-30.29,3.28,1.46,387.1,69385
2026-02-28 13:12:00,2.84,-0.19,-1.33,356.08,-24.97,3.14,1.23,385.6,48001
2026-02-28 13:13:00,-2.32,-3.56,-0.48,236.93,-6.49,4.28,0.68,385.8,40917
2026-02-28 13:14:00,-1.60,-3.70,-1.16,246.54,-16.06,4.19,0.87,445.2,58949
2026-02-28 13:15:00,-2.15,-3.56,-1.14,238.92,-15.34,4.31,1.89,451.3,147516
2026-02-28 13:16:00,-1.70,-3.60,-1.44,244.71,-19.90,4.24,1.34,428.9,68309
2026-02-28 13:17:00,-1.79,-3.64,-1.24,243.81,-16.96,4.24,1.48,434.0,44591
2026-02-28 13:18:00,-1.48,-3.73,-0.94,248.37,-13.13,4.12,1.97,439.0,63190
2026-02-28 13:19:00,-2.95,-3.19,-0.91,227.23,-11.77,4.44,1.78,441.9,54006
2026-02-28 13:20:00,-3.16,-2.98,-0.75,223.29,-9.79,4.41,1.36,436.6,32122
2026-02-28 13:21:00,-2.60,-3.01,-1.03,229.16,-14.52,4.11,1.21,442.2,56384
2026-02-28 13:22:00,-2.34,-3.34,-0.81,235.02,-11.26,4.15,1.07,460.7,84661
2026-02-28 13:23:00,-2.00,-3.24,-0.93,238.25,-13.77,3.92,0.92,436.9,29409
2026-02-28 13:24:00,1.34,-3.23,-0.74,292.53,-11.96,3.58,0.79,419.1,21914
2026-02-28 13:25:00,1.83,-2.98,-0.23,301.52,-3.79,3.51,0.59,388.3,26928
2026-02-28 13:26:00,1.37,-3.18,0.29,293.24,4.77,3.47,0.65,393.7,62152
2026-02-28 13:27:00,2.53,-1.53,-0.44,328.72,-8.54,2.99,0.48,405.2,109262
2026-02-28 13:28:00,3.13,0.27,-1.02,4.97,-17.94,3.30,1.36,383.1,61074
2026-02-28 13:29:00,2.80,1.28,-1.35,24.50,-23.67,3.36,1.63,386.6,78629
2026-02-28 13:30:00,2.67,1.68,-1.37,32.17,-23.44,3.44,1.44,383.5,40881
2026-02-28 13:31:00,2.75,1.65,-1.06,30.97,-18.34,3.38,1.71,388.6,42951
2026-02-28 13:32:00,2.91,0.17,-1.59,3.43,-28.59,3.32,1.42,382.2,30477
2026-02-28 13:33:00,2.81,0.07,-1.78,1.51,-32.31,3.32,1.75,385.6,44578
2026-02-28 13:34:00,2.87,-0.02,-1.76,359.63,-31.50,3.36,1.92,387.0,46105
2026-02-28 13:35:00,3.13,0.16,-1.20,2.96,-20.88,3.35,1.58,382.8,42987
2026-02-28 13:36:00,3.26,-0.06,-0.87,358.92,-14.95,3.37,1.32,380.4,46253
2026-02-28 13:37:00,3.30,-0.67,-0.32,348.59,-5.41,3.38,0.81,378.2,38394
2026-02-28 13:38:00,3.32,-0.65,-0.04,348.88,-0.70,3.38,0.79,382.3,68854
2026-02-28 13:39:00,3.28,-0.84,0.10,345.62,1.76,3.39,0.66,388.4,118753
2026-02-28 13:40:00,3.31,-0.76,-0.27,347.04,-4.53,3.41,0.53,379.6,70077
2026-02-28 13:41:00,3.26,-0.63,-0.18,349.04,-3.08,3.33,0.90,378.4,61030
2026-02-28 13:42:00,3.16,-0.85,-0.68,344.99,-11.68,3.34,0.89,377.1,33850
2026-02-28 13:43:00,3.09,-0.29,-1.13,354.55,-20.00,3.30,1.32,379.9,55950
2026-02-28 13:44:00,3.18,0.35,-0.82,6.33,-14.35,3.30,1.54,381.1,53011
2026-02-28 13:45:00,2.89,-0.06,-1.58,358.88,-28.72,3.29,1.16,376.4,49054
2026-02-28 13:46:00,2.81,-0.83,-1.57,343.58,-28.26,3.32,1.29,379.4,42487
2026-02-28 13:47:00,2.82,-1.28,-1.32,335.61,-23.12,3.36,1.09,378.4,39849
2026-02-28 13:48:00,2.93,-0.30,-1.43,354.19,-25.83,3.27,1.63,386.8,74015
2026-02-28 13:49:00,2.60,-1.05,-1.69,338.04,-31.03,3.27,1.54,385.6,54233
2026-02-28 13:50:00,3.33,-0.53,-0.66,350.97,-11.00,3.44,1.42,387.6,52286
2026-02-28 13:51:00,3.05,-0.34,-1.59,353.65,-27.37,3.45,1.47,385.5,55705
2026-02-28 13:52:00,2.96,0.05,-1.72,0.88,-30.10,3.42,1.66,381.8,41520
2026-02-28 13:53:00,2.77,0.78,-1.92,15.64,-33.72,3.46,1.77,382.7,32015
2026-02-28 13:54:00,2.37,0.80,-2.52,18.72,-45.18,3.55,1.48,380.8,27038
2026-02-28 13:55:00,2.34,0.04,-2.35,1.02,-45.15,3.31,1.46,382.9,27338
2026-02-28 13:56:00,2.63,0.26,-2.31,5.75,-41.16,3.51,2.19,393.9,43740
2026-02-28 13:57:00,2.58,0.13,-2.49,2.81,-43.90,3.59,2.08,384.8,31865
2026-02-28 13:58:00,2.40,0.31,-2.65,7.47,-47.56,3.59,1.46,379.7,21703
2026-02-28 13:59:00,2.27,0.15,-2.67,3.88,-49.48,3.51,2.06,388.2,30603
2026-02-28 14:00:00,1.96,0.33,-2.98,9.58,-56.30,3.58,2.19,390.9,31917
2026-02-28 14:01:00,2.45,-0.08,-2.43,358.24,-44.71,3.45,1.75,389.9,28483
2026-02-28 14:02:00,2.71,0.58,-2.02,12.12,-36.09,3.44,1.98,387.2,29258
2026-02-28 14:03:00,2.58,0.41,-2.34,9.09,-41.78,3.51,2.42,390.8,47230
2026-02-28 14:04:00,2.21,0.03,-2.82,0.71,-51.91,3.58,2.16,389.2,35654
2026-02-28 14:05:00,2.17,-0.08,-2.70,357.79,-51.27,3.46,2.13,388.8,32085
2026-02-28 14:06:00,1.89,0.35,-2.94,10.37,-56.82,3.52,1.78,385.9,28670
2026-02-28 14:07:00,2.10,-0.22,-2.80,354.05,-53.01,3.51,2.10,389.1,34929
2026-02-28 14:08:00,2.36,-0.38,-2.49,350.75,-46.07,3.45,2.31,390.0,37212
2026-02-28 14:09:00,2.46,-0.68,-2.41,344.63,-43.26,3.51,1.88,384.6,28759
2026-02-28 14:10:00,2.45,-0.69,-2.42,344.24,-43.49,3.51,0.94,376.8,19323
2026-02-28 14:11:00,1.77,-1.25,-2.47,324.84,-48.65,3.28,1.05,381.6,22518
2026-02-28 14:12:00,2.25,0.65,-2.66,16.06,-48.58,3.54,1.53,395.1,34033
2026-02-28 14:13:00,2.54,0.42,-2.29,9.31,-41.71,3.44,2.00,389.4,40000
2026-02-28 14:14:00,2.39,-0.37,-2.34,351.21,-44.08,3.37,1.04,376.0,21822
2026-02-28 14:15:00,2.31,0.03,-2.43,0.66,-46.44,3.36,2.58,393.8,54749
2026-02-28 14:16:00,2.22,-1.82,-1.42,320.75,-26.38,3.20,1.79,387.0,32360
2026-02-28 14:17:00,2.32,-0.88,-2.00,339.30,-38.85,3.19,1.35,384.9,32040
2026-02-28 14:18:00,1.36,1.57,-2.63,49.12,-51.66,3.35,1.82,390.7,38004
2026-02-28 14:19:00,0.97,2.00,-2.75,64.10,-51.03,3.53,1.53,397.8,47019
2026-02-28 14:20:00,2.04,0.30,-2.61,8.30,-51.72,3.33,2.68,404.7,58087
2026-02-28 14:21:00,2.18,0.38,-2.65,9.80,-50.16,3.45,2.67,393.2,37930
2026-02-28 14:22:00,1.99,0.61,-2.72,16.92,-52.53,3.42,1.84,384.9,22139
2026-02-28 14:23:00,2.22,0.44,-2.58,11.23,-48.70,3.43,2.05,391.7,37938
2026-02-28 14:24:00,1.93,0.70,-2.89,19.97,-54.65,3.54,2.44,397.2,48862
2026-02-28 14:25:00,1.79,1.23,-2.82,34.53,-52.36,3.56,2.07,394.2,39138
2026-02-28 14:26:00,1.61,-0.87,-2.85,331.78,-57.28,3.39,1.92,392.9,35040
2026-02-28 14:27:00,1.75,-0.51,-2.82,343.81,-57.16,3.36,2.05,395.6,37088
2026-02-28 14:28:00,1.81,-0.45,-2.74,345.96,-55.78,3.32,1.79,393.5,38919
2026-02-28 14:29:00,1.68,0.07,-2.85,2.28,-59.38,3.31,1.33,380.5,23337
2026-02-28 14:30:00,1.78,-0.51,-2.72,344.05,-55.81,3.29,2.82,399.4,58694
2026-02-28 14:31:00,1.53,-1.01,-2.74,326.42,-56.21,3.30,2.58,395.1,44882
2026-02-28 14:32:00,0.40,-2.44,-1.96,279.39,-38.46,3.15,2.09,394.3,41738
2026-02-28 14:33:00,-0.32,-3.60,-1.57,264.89,-23.41,3.94,1.19,406.8,36012
2026-02-28 14:34:00,-0.42,-3.47,-1.83,263.11,-27.60,3.94,1.19,408.5,37644
2026-02-28 14:35:00,-0.24,-3.08,-2.44,265.49,-38.28,3.94,1.95,418.5,54187
2026-02-28 14:36:00,-0.45,-2.46,-3.21,259.59,-52.10,4.06,2.25,416.4,41533
2026-02-28 14:37:00,-0.46,-2.13,-3.41,257.90,-57.45,4.04,2.58,420.2,52049
2026-02-28 14:38:00,-0.55,-2.24,-3.30,256.16,-55.07,4.02,2.79,422.3,54345
2026-02-28 14:39:00,-0.98,-1.99,-3.45,243.68,-57.25,4.10,2.52,422.1,42246
2026-02-28 14:40:00,-1.18,-1.40,-3.68,230.01,-63.53,4.11,2.05,420.6,32397
2026-02-28 14:41:00,-0.50,-1.61,-3.57,252.74,-64.65,3.94,2.40,420.5,46220
2026-02-28 14:42:00,-0.24,-1.78,-3.45,262.27,-62.46,3.89,3.36,424.1,74780
2026-02-28 14:45:00,0.15,-1.66,-3.37,275.32,-63.74,3.76,2.52,414.4,50148
2026-02-28 14:46:00,0.13,-1.60,-3.41,274.73,-64.84,3.77,3.01,414.3,57223
2026-02-28 14:47:00,-0.96,-2.10,-3.42,245.53,-55.98,4.12,1.41,406.2,19011
2026-02-28 14:48:00,-1.44,-2.34,-3.21,238.37,-49.48,4.23,2.16,421.0,36315
2026-02-28 14:49:00,-1.05,-2.38,-3.23,246.17,-51.14,4.14,2.22,424.8,38470
2026-02-28 14:50:00,-0.21,-2.62,-2.98,265.51,-48.50,3.97,3.38,431.0,85780
2026-02-28 14:51:00,-0.49,-2.68,-3.05,259.64,-48.29,4.09,1.73,408.7,37040
2026-02-28 14:52:00,-0.36,-2.94,-2.82,262.93,-43.65,4.09,1.86,407.8,33253
2026-02-28 14:53:00,-0.31,-3.01,-2.74,264.11,-42.12,4.08,1.87,409.5,32889
2026-02-28 14:54:00,0.04,-2.79,-2.77,270.74,-44.81,3.93,2.09,411.8,40191
2026-02-28 14:55:00,-0.06,-2.78,-2.73,268.79,-44.43,3.90,1.49,400.9,33150
2026-02-28 14:56:00,-0.22,-3.29,-2.27,266.14,-34.56,4.01,0.86,393.2,20866
2026-02-28 14:57:00,-0.04,-2.79,-2.72,269.17,-44.31,3.89,1.84,408.8,42176
2026-02-28 14:58:00,0.24,-2.59,-2.76,275.35,-46.68,3.79,2.86,421.2,67808
2026-02-28 14:59:00,0.88,-2.33,-2.68,290.65,-47.15,3.66,2.32,407.9,51024
2026-02-28 15:00:00,0.89,-2.47,-2.55,289.85,-44.20,3.66,2.17,397.0,44414
2026-02-28 15:01:00,1.15,-2.24,-2.75,297.10,-47.57,3.73,2.08,397.1,45912
2026-02-28 15:02:00,0.73,-2.29,-1.33,287.68,-28.88,2.74,1.66,396.1,32459
2026-02-28 15:03:00,1.06,-1.34,-1.19,308.54,-34.94,2.08,0.93,390.5,20919
2026-02-28 15:04:00,-0.09,-2.36,-0.63,267.78,-14.92,2.45,2.14,404.4,99498
2026-02-28 15:05:00,0.44,-3.39,-1.50,277.41,-23.67,3.73,1.13,424.5,82629
2026-02-28 15:06:00,-0.63,-3.94,-0.46,260.92,-6.50,4.02,0.92,412.8,45353
2026-02-28 15:07:00,-0.12,-3.55,-1.06,268.03,-16.59,3.71,0.79,413.5,36322
2026-02-28 15:08:00,-0.84,-3.38,1.82,256.01,27.56,3.93,1.89,431.9,38103
2026-02-28 15:09:00,0.12,-3.76,0.88,271.85,13.09,3.87,1.29,429.3,56289
2026-02-28 15:10:00,0.46,-3.64,1.03,277.19,15.60,3.81,0.42,408.7,41401
2026-02-28 15:11:00,0.85,-3.60,-0.12,283.35,-1.86,3.70,0.41,406.1,65944
2026-02-28 15:12:00,0.60,-3.38,-0.96,280.14,-15.66,3.57,0.73,412.2,87646
2026-02-28 15:13:00,0.40,-3.39,-1.18,276.79,-19.08,3.61,1.13,408.6,60389
2026-02-28 15:14:00,0.29,-3.63,-0.15,274.62,-2.40,3.65,1.16,403.1,42766
2026-02-28 15:15:00,-0.22,-3.20,-0.53,266.12,-9.38,3.25,0.43,395.8,25579
2026-02-28 15:20:00,-1.24,-3.36,1.81,249.79,26.87,4.01,0.26,408.3,29569
2026-02-28 15:21:00,-0.98,-3.76,0.24,255.32,3.60,3.89,0.36,416.0,46407
2026-02-28 15:22:00,-0.83,-3.42,-1.18,256.37,-18.48,3.71,0.74,417.4,47495
2026-02-28 15:23:00,-0.65,-3.15,-2.01,258.36,-32.07,3.79,1.55,414.6,42733
2026-02-28 15:24:00,-1.05,-3.04,-1.72,250.98,-28.11,3.64,1.53,417.1,51532
2026-02-28 15:25:00,-1.62,-2.89,-2.24,240.70,-34.04,3.99,1.74,421.8,44518
2026-02-28 15:26:00,-1.40,-1.96,-2.97,234.42,-50.99,3.83,2.31,422.7,41683
2026-02-28 15:27:00,-1.93,-1.26,-3.13,213.19,-53.68,3.89,2.77,428.9,46066
2026-02-28 15:28:00,-1.29,-2.48,-2.65,242.62,-43.40,3.85,2.50,429.8,45374
2026-02-28 15:29:00,-1.43,-1.20,-3.28,219.98,-60.33,3.78,2.09,426.9,42995
2026-02-28 15:30:00,-1.12,-1.42,-3.23,231.69,-60.73,3.70,2.10,426.8,41245
2026-02-28 15:31:00,-0.81,-1.76,-3.24,245.26,-59.07,3.77,1.87,415.0,35648
2026-02-28 15:32:00,-0.71,-2.12,-2.82,251.44,-51.61,3.60,2.20,419.6,44963
2026-02-28 15:33:00,-0.12,-2.51,-2.33,267.30,-42.76,3.43,1.86,414.0,63719
2026-02-28 15:34:00,0.23,-2.74,-2.15,274.73,-37.95,3.49,1.65,408.6,43113
2026-02-28 15:35:00,1.32,-2.28,-2.05,300.12,-37.82,3.34,1.74,407.4,44699
2026-02-28 15:36:00,1.74,-1.98,-1.88,311.33,-35.49,3.24,1.26,393.9,48384
2026-02-28 15:37:00,1.15,-2.39,-2.17,295.80,-39.30,3.42,1.76,395.4,43412
2026-02-28 15:38:00,0.94,-2.76,-1.89,288.88,-32.98,3.48,1.70,398.3,39651
2026-02-28 15:39:00,1.24,-2.28,-2.13,298.41,-39.37,3.36,1.25,396.8,44106
2026-02-28 15:40:00,0.57,-1.90,-2.65,286.73,-53.17,3.31,1.50,395.6,43597
2026-02-28 15:41:00,-0.64,-1.81,-3.03,250.52,-57.68,3.59,1.91,409.6,38869
2026-02-28 15:42:00,-1.19,-3.43,-1.75,250.79,-25.76,4.03,1.74,418.8,36995
2026-02-28 15:43:00,-0.78,-3.31,-1.90,256.69,-29.18,3.90,1.36,418.7,36680
2026-02-28 15:44:00,-0.43,-2.98,-2.36,261.72,-38.11,3.82,1.58,416.4,39034
2026-02-28 15:45:00,-0.90,-2.94,-2.42,252.91,-38.14,3.91,2.02,420.1,42803
2026-02-28 15:46:00,-0.93,-3.08,-2.22,253.27,-34.60,3.91,1.92,425.4,40563
2026-02-28 15:47:00,-0.84,-3.39,-1.77,256.08,-26.94,3.91,1.64,419.1,34638
2026-02-28 15:49:00,1.14,-3.11,-0.91,290.08,-15.39,3.43,0.46,400.8,64776
2026-02-28 15:50:00,0.60,-3.22,-1.30,280.58,-21.59,3.52,0.51,400.8,63545
2026-02-28 15:51:00,0.28,-3.35,-1.47,274.77,-23.59,3.67,1.46,399.9,40143
2026-02-28 15:52:00,0.15,-3.39,-1.44,272.57,-22.99,3.69,1.30,403.6,38932
2026-02-28 15:53:00,0.58,-3.32,-1.35,279.97,-21.92,3.63,1.10,402.4,35371
2026-02-28 15:54:00,1.01,-3.06,-1.32,288.20,-22.27,3.48,0.89,403.3,34757
2026-02-28 15:55:00,0.95,-3.16,-1.07,286.68,-17.93,3.46,0.60,402.9,43822
2026-02-28 15:56:00,0.98,-2.93,-1.61,288.45,-27.53,3.49,1.16,401.8,43871
2026-02-28 15:57:00,1.18,-2.71,-1.56,293.63,-27.86,3.34,1.08,398.6,46309
2026-02-28 15:58:00,1.17,-2.72,-1.33,293.36,-24.24,3.25,1.02,394.7,42117
2026-02-28 16:03:00,1.70,-2.51,-0.88,304.19,-16.11,3.16,0.35,410.5,97404
2026-02-28 16:04:00,1.89,-2.84,0.49,303.70,8.16,3.45,0.55,399.9,93293
2026-02-28 16:05:00,0.94,-2.74,1.79,289.01,31.63,3.40,0.37,408.8,93851
2026-02-28 16:06:00,1.11,-2.82,2.06,291.52,34.13,3.67,0.30,424.9,42951
2026-02-28 16:07:00,0.94,-2.58,2.42,290.02,41.40,3.66,0.11,409.7,39616
2026-02-28 16:08:00,0.42,-2.77,2.42,278.69,40.83,3.70,0.23,434.8,32246
2026-02-28 16:09:00,-0.19,-2.50,2.66,265.58,46.64,3.65,0.35,424.0,43517
2026-02-28 16:10:00,0.10,-2.16,2.85,272.74,52.84,3.58,0.28,429.3,47271
2026-02-28 16:11:00,1.81,-1.86,2.41,314.23,42.86,3.55,0.26,432.2,35794
2026-02-28 16:12:00,2.01,-1.83,2.06,317.67,37.22,3.41,0.28,427.9,54647
2026-02-28 16:13:00,2.49,-0.40,1.96,350.95,37.88,3.20,0.30,420.6,83672
2026-02-28 16:14:00,2.25,-0.85,1.95,339.21,39.03,3.10,0.32,412.6,110795
2026-02-28 16:15:00,2.06,-0.83,2.57,338.05,49.11,3.40,0.30,415.7,103785
2026-02-28 16:16:00,1.79,0.45,3.18,13.98,59.83,3.68,0.27,423.4,76953
2026-02-28 16:17:00,1.48,0.18,3.43,6.99,66.51,3.74,0.24,424.8,69091
2026-02-28 16:18:00,1.33,-0.03,3.66,358.64,69.99,3.90,0.22,425.0,63914
2026-02-28 16:19:00,0.97,-0.25,3.88,345.33,75.46,4.00,0.29,428.0,40359
2026-02-28 16:20:00,1.00,0.18,3.93,10.52,75.54,4.06,0.26,432.9,41525
2026-02-28 16:22:00,0.46,0.73,4.04,57.84,78.01,4.13,0.35,,
2026-02-28 16:23:00,0.43,0.99,3.99,66.68,74.85,4.13,0.35,425.2,34515
2026-02-28 16:24:00,1.06,0.29,3.73,15.49,73.58,3.89,0.33,426.5,40567
2026-02-28 16:25:00,1.32,-0.02,3.39,359.07,68.71,3.64,0.28,425.9,45277
2026-02-28 16:26:00,-0.28,0.71,4.04,111.54,79.34,4.11,0.24,423.9,36568
2026-02-28 16:27:00,-0.82,0.61,4.05,143.17,75.85,4.17,0.25,422.1,33634
2026-02-28 16:28:00,-0.88,0.12,4.13,172.33,77.85,4.22,0.30,417.2,30706
2026-02-28 16:29:00,-1.01,-0.16,4.13,189.03,76.07,4.25,0.17,425.3,24144
2026-02-28 16:30:00,-1.22,-0.41,4.06,198.48,72.39,4.26,0.10,417.1,46439
2026-02-28 16:31:00,-1.54,0.37,3.97,166.33,68.25,4.28,0.19,413.2,51167
2026-02-28 16:32:00,-1.20,-0.12,4.03,185.54,73.33,4.21,0.23,418.1,38171
2026-02-28 16:33:00,-1.39,-0.73,3.81,207.80,67.59,4.12,0.15,414.8,36063
2026-02-28 16:34:00,1.44,0.14,3.36,5.44,66.72,3.66,0.17,415.0,43381
2026-02-28 16:35:00,0.94,0.37,3.66,21.53,74.63,3.80,0.26,424.2,59102
2026-02-28 16:36:00,1.21,0.27,3.51,12.46,70.59,3.72,0.25,424.4,45214
2026-02-28 16:37:00,1.40,0.13,3.30,5.45,66.89,3.58,0.24,424.4,51380
2026-02-28 16:38:00,1.54,-0.06,3.11,357.69,63.57,3.47,0.28,426.6,44846
2026-02-28 16:39:00,1.49,-0.31,3.22,348.14,64.74,3.56,0.32,421.1,55591
2026-02-28 16:40:00,1.43,-0.28,3.27,348.93,65.94,3.58,0.31,423.2,55398
2026-02-28 16:41:00,1.12,-0.34,3.18,343.30,69.81,3.38,0.27,426.3,53416
2026-02-28 16:42:00,1.09,-0.46,3.25,337.35,69.95,3.46,0.30,421.5,60908
2026-02-28 16:43:00,1.25,0.36,3.29,16.23,68.45,3.54,0.30,422.4,51521
2026-02-28 16:44:00,1.05,0.38,3.47,20.16,72.16,3.64,0.27,422.7,44420
2026-02-28 16:45:00,0.11,-1.14,-0.10,275.62,-4.95,1.15,0.52,418.1,49087
2026-02-28 16:46:00,-1.23,-1.56,-2.64,231.63,-53.02,3.30,1.22,415.8,61360
2026-02-28 16:47:00,-1.47,-1.02,-2.94,214.75,-58.73,3.44,1.79,417.5,62815
2026-02-28 16:48:00,-1.61,-1.25,-3.14,217.93,-56.95,3.74,2.26,418.7,55478
2026-02-28 16:49:00,-1.10,-0.84,-3.61,217.49,-69.06,3.86,2.52,415.2,49122
2026-02-28 16:50:00,-0.52,-1.63,-3.40,252.42,-63.27,3.80,2.33,410.1,43008
2026-02-28 16:51:00,-0.37,-1.81,-3.28,258.53,-60.56,3.76,2.00,408.2,36449
2026-02-28 16:52:00,-1.28,-2.04,-3.18,237.90,-52.91,3.98,1.36,407.6,27309
2026-02-28 16:53:00,-1.00,-2.29,-2.83,246.29,-48.57,3.77,1.86,419.2,36153
2026-02-28 16:56:00,-1.31,-2.46,-2.96,241.93,-46.75,4.06,1.93,404.2,30742
2026-02-28 16:57:00,-1.74,-2.38,-2.95,233.82,-44.99,4.17,1.63,418.2,28703
2026-02-28 16:58:00,-2.66,-2.41,-2.17,222.28,-31.19,4.20,1.78,423.3,36784
2026-02-28 16:59:00,-2.61,-2.60,-2.32,224.93,-32.19,4.35,1.75,430.0,37108
2026-02-28 17:00:00,-2.06,-2.61,-2.75,231.81,-39.59,4.32,2.02,426.6,36501
2026-02-28 17:01:00,-1.48,-2.35,-3.13,237.81,-48.43,4.18,2.09,418.8,36593
2026-02-28 17:02:00,-1.41,-2.47,-2.99,240.27,-46.42,4.12,1.85,420.5,32953
2026-02-28 17:03:00,-1.65,-2.47,-2.96,236.37,-44.91,4.20,2.15,426.2,38481
2026-02-28 17:04:00,-1.06,-2.68,-2.95,248.46,-45.65,4.12,2.19,423.3,41076
2026-02-28 17:05:00,0.10,-2.44,-3.02,272.31,-51.01,3.88,1.64,410.7,33095
2026-02-28 17:06:00,1.05,-2.20,-2.73,295.48,-48.21,3.66,1.56,396.8,31241
2026-02-28 17:07:00,0.85,-2.20,-2.83,291.07,-50.26,3.68,1.63,390.6,34305
2026-02-28 17:08:00,1.19,-2.27,-2.60,297.59,-45.41,3.65,1.61,393.5,37074
2026-02-28 17:09:00,0.53,-2.42,-2.90,282.37,-49.47,3.82,1.92,393.1,35865
2026-02-28 17:10:00,-1.05,-2.49,-3.06,247.17,-48.59,4.08,1.61,397.1,27772
2026-02-28 17:11:00,-0.70,-2.56,-3.11,254.67,-49.56,4.09,1.70,413.7,35591
2026-02-28 17:12:00,-0.34,-2.20,-3.42,261.34,-56.89,4.08,2.14,407.9,35822
2026-02-28 17:13:00,-0.34,-2.27,-3.35,261.43,-55.64,4.06,2.01,404.0,36121
2026-02-28 17:14:00,-0.58,-2.29,-3.30,255.75,-54.43,4.06,1.95,405.9,35680
2026-02-28 17:15:00,0.03,-1.45,-3.61,271.25,-68.11,3.89,1.82,405.0,32312
2026-02-28 17:16:00,-0.03,-1.48,-3.50,268.72,-67.14,3.80,2.44,401.8,39603
2026-02-28 17:17:00,-0.29,-2.10,-3.33,262.19,-57.57,3.95,2.41,401.2,38208
2026-02-28 17:18:00,-1.35,-2.47,-3.12,241.34,-47.90,4.20,2.03,412.1,35131
2026-02-28 17:19:00,-1.23,-2.45,-3.14,243.38,-48.93,4.17,1.89,417.2,34783
2026-02-28 17:20:00,-0.88,-2.64,-3.00,251.64,-47.16,4.10,1.86,413.7,34046
2026-02-28 17:21:00,-0.77,-2.57,-2.97,253.35,-47.87,4.00,1.91,413.0,36473
2026-02-28 17:22:00,-0.87,-2.31,-3.13,249.44,-51.75,3.99,2.05,411.8,39227
2026-02-28 17:23:00,-0.62,-2.70,-2.24,257.05,-38.93,3.56,1.54,408.0,34276
2026-02-28 17:24:00,-0.23,-2.77,-2.60,265.29,-43.06,3.80,0.67,409.8,36269
2026-02-28 17:25:00,0.15,-1.65,-3.43,275.19,-64.25,3.81,1.86,403.6,33098
2026-02-28 17:26:00,0.38,-1.48,-3.44,284.50,-65.98,3.77,1.99,397.3,34270
2026-02-28 17:29:00,-1.71,-3.12,-2.44,241.29,-34.49,4.31,1.17,423.9,32794
2026-02-28 17:30:00,-1.69,-2.77,-2.84,238.62,-41.22,4.31,1.63,420.2,33552
2026-02-28 17:31:00,-1.43,-2.30,-3.25,238.21,-50.13,4.23,1.78,421.5,36380
2026-02-28 17:32:00,-1.47,-1.76,-3.55,230.12,-57.12,4.22,2.24,418.1,37071
2026-02-28 17:33:00,-1.85,-2.39,-2.84,232.22,-43.18,4.15,2.15,417.7,37038
2026-02-28 17:34:00,-2.08,-2.21,-2.95,226.72,-44.15,4.24,2.01,421.2,36122
2026-02-28 17:35:00,-2.17,-1.95,-2.85,221.91,-44.33,4.08,2.02,421.9,44226
2026-02-28 17:36:00,-1.93,-1.31,-3.25,214.28,-54.36,4.00,2.19,421.9,51126
2026-02-28 17:37:00,-1.88,-1.57,-3.25,219.95,-52.96,4.07,2.25,422.2,44672
2026-02-28 17:38:00,-1.66,-2.09,-3.29,231.62,-50.89,4.24,2.08,420.6,35090
2026-02-28 17:39:00,-1.84,-1.90,-3.26,225.86,-50.96,4.20,2.10,421.9,31789
2026-02-28 17:40:00,-1.90,-2.00,-3.10,226.37,-48.34,4.15,1.96,423.3,33810
2026-02-28 17:41:00,-2.22,-2.71,-2.58,230.74,-36.36,4.35,2.08,425.1,36107
2026-02-28 17:42:00,-2.13,-2.70,-2.62,231.69,-37.25,4.32,1.74,427.2,30052
2026-02-28 17:43:00,-2.33,-2.74,-2.47,229.69,-34.49,4.36,1.75,425.7,33702
2026-02-28 17:44:00,-2.08,-2.80,-2.53,233.41,-35.93,4.31,1.59,430.9,28614
2026-02-28 17:45:00,-2.64,-2.83,-2.10,227.00,-28.50,4.41,1.40,427.6,33783
2026-02-28 17:46:00,-2.51,-3.13,-1.77,231.25,-23.81,4.38,1.06,426.2,28033
2026-02-28 17:47:00,-2.31,-3.15,-1.83,233.77,-25.16,4.32,1.06,428.2,33317
2026-02-28 17:48:00,-3.32,-2.54,-1.55,217.37,-20.37,4.46,1.12,427.4,43492
2026-02-28 17:49:00,-1.91,-2.54,-2.59,233.08,-39.21,4.10,1.39,422.3,37867
2026-02-28 17:50:00,-2.12,-2.58,-2.41,230.60,-35.77,4.12,1.47,418.5,30054
2026-02-28 17:51:00,0.41,-2.09,-2.67,281.22,-51.43,3.42,1.41,410.7,25808
2026-02-28 17:52:00,1.18,-1.93,-2.51,301.34,-47.90,3.38,1.39,398.8,37464
2026-02-28 17:53:00,2.00,-0.45,-2.13,347.43,-46.14,2.95,1.54,390.7,50642
2026-02-28 17:54:00,2.46,0.39,-2.10,9.06,-40.18,3.26,1.78,387.3,46367
2026-02-28 17:55:00,2.59,0.39,-2.10,8.56,-38.78,3.36,1.80,383.0,44636
2026-02-28 17:56:00,2.66,0.20,-2.04,4.34,-37.32,3.36,1.82,378.2,31571
2026-02-28 17:57:00,2.84,0.66,-1.70,13.01,-30.27,3.38,1.63,375.4,34250
2026-02-28 17:58:00,2.96,1.10,-0.96,20.33,-16.95,3.30,1.69,376.4,33258
2026-02-28 17:59:00,3.00,1.37,-0.27,24.63,-4.66,3.31,1.39,379.2,39046
2026-02-28 18:02:00,-0.79,-1.91,-3.48,247.44,-59.25,4.05,2.16,410.2,36976
2026-02-28 18:03:00,-0.64,-1.77,-3.57,250.28,-62.19,4.04,2.25,412.2,36786
2026-02-28 18:04:00,-0.58,-2.09,-3.36,254.42,-57.14,4.00,2.32,409.6,36671
2026-02-28 18:05:00,-0.86,-1.02,-3.84,229.88,-70.81,4.06,2.53,411.6,38896
2026-02-28 18:06:00,-0.39,-1.66,-3.49,256.86,-63.95,3.88,2.46,411.7,36505
2026-02-28 18:07:00,-0.44,-2.23,-3.25,258.90,-55.05,3.97,2.18,408.3,35648
2026-02-28 18:08:00,-0.98,-2.63,-3.04,249.67,-47.31,4.14,2.01,410.6,38071
2026-02-28 18:09:00,-1.20,-2.37,-3.20,243.23,-50.25,4.16,1.98,416.3,37182
2026-02-28 18:10:00,-0.41,-1.60,-3.64,255.57,-65.59,4.00,2.04,414.1,33654
2026-02-28 18:11:00,-0.47,-1.46,-3.75,251.97,-67.80,4.05,2.18,407.9,33131
2026-02-28 18:12:00,-0.01,-1.25,-3.74,269.42,-71.47,3.94,2.17,407.2,34144
2026-02-28 18:13:00,0.31,-1.84,-3.45,279.53,-61.59,3.92,2.10,401.9,31541
2026-02-28 18:14:00,0.35,-1.19,-3.67,286.34,-71.33,3.87,2.11,399.9,31360
2026-02-28 18:15:00,0.11,-0.80,-3.79,278.12,-77.93,3.87,2.15,398.6,30108
2026-02-28 18:16:00,-0.52,-2.30,-3.30,257.35,-54.47,4.06,1.87,409.0,32144
2026-02-28 18:17:00,0.03,-1.65,-3.57,270.95,-65.20,3.93,1.77,404.5,32669
2026-02-28 18:18:00,1.03,-0.87,-3.43,319.84,-68.61,3.68,2.02,398.1,27475
2026-02-28 18:19:00,-0.18,-1.92,-3.37,264.74,-60.18,3.88,2.07,397.0,26550
2026-02-28 18:20:00,-0.79,-2.19,-3.34,250.09,-55.13,4.08,1.97,410.3,38938
2026-02-28 18:21:00,-1.03,-2.04,-3.35,243.11,-55.69,4.06,2.09,410.7,35736
2026-02-28 18:22:00,-1.54,-2.29,-3.25,236.11,-49.64,4.26,2.17,415.9,35557
2026-02-28 18:23:00,-1.41,-2.20,-3.26,237.32,-51.33,4.18,2.05,417.4,33096
2026-02-28 18:24:00,-1.12,-2.26,-3.21,243.66,-51.90,4.08,1.88,414.3,32936
2026-02-28 18:25:00,-1.07,-0.88,-3.81,219.39,-70.06,4.05,1.90,413.1,33473
2026-02-28 18:26:00,-1.17,-1.55,-3.60,233.06,-61.71,4.09,1.99,414.1,29717
2026-02-28 18:27:00,-1.15,-2.62,-2.98,246.37,-46.13,4.13,1.85,414.7,36419
2026-02-28 18:28:00,-0.57,-1.92,-3.46,253.40,-60.00,4.00,1.58,411.9,43204
2026-02-28 18:29:00,-0.41,-1.36,-3.70,253.24,-69.05,3.97,1.92,404.6,31200
2026-02-28 18:30:00,-0.29,-0.82,-3.85,250.53,-77.25,3.95,2.30,406.4,34538
2026-02-28 18:31:00,0.65,-0.58,-3.67,318.44,-76.65,3.77,1.76,402.5,24024
2026-02-28 18:32:00,1.10,-0.39,-3.46,340.73,-71.35,3.65,2.01,392.7,28632
2026-02-28 18:35:00,0.63,0.76,-3.55,50.28,-74.48,3.68,2.20,395.8,37109
2026-02-28 18:36:00,0.84,0.59,-3.46,34.91,-73.46,3.61,2.15,394.0,33987
2026-02-28 18:37:00,-2.12,-3.75,-0.18,240.54,-2.33,4.31,0.93,412.6,50505
2026-02-28 18:38:00,-1.24,-3.94,-0.65,252.51,-8.94,4.18,0.43,419.9,54854
2026-02-28 18:39:00,-1.85,-3.79,-1.35,243.96,-17.69,4.43,0.65,418.2,41967
2026-02-28 18:40:00,-1.79,-3.57,-1.64,243.40,-22.31,4.32,0.77,419.3,35091
2026-02-28 18:41:00,-1.21,-2.72,-2.36,246.12,-38.35,3.80,1.20,415.2,40718
2026-02-28 18:42:00,-1.61,-2.84,-2.30,240.51,-35.23,3.99,1.80,410.5,42993
2026-02-28 18:43:00,-1.72,-3.69,-0.21,244.97,-2.99,4.08,1.30,416.2,40878
2026-02-28 18:44:00,-1.68,-3.71,-0.48,245.67,-6.78,4.10,0.32,413.6,56791
2026-02-28 18:46:00,-1.11,-3.48,-2.30,252.30,-32.15,4.31,11.91,454.4,128009
2026-02-28 18:47:00,-1.25,-3.60,-1.97,250.89,-27.32,4.29,0.42,396.8,16788
2026-02-28 18:48:00,-1.51,-3.72,-1.74,248.00,-23.45,4.38,1.59,415.9,47093
2026-02-28 18:49:00,-1.07,-3.38,-2.41,252.39,-34.19,4.29,0.96,413.3,34244
2026-02-28 18:50:00,-0.67,-2.96,-2.81,257.21,-42.74,4.14,0.85,395.8,25119
2026-02-28 18:51:00,-0.76,-3.02,-2.77,255.80,-41.69,4.17,1.72,411.2,52500
2026-02-28 18:52:00,-0.94,-3.18,-2.51,253.57,-37.14,4.16,1.73,414.5,48817
2026-02-28 18:53:00,-0.29,-2.99,-2.92,264.40,-44.19,4.20,1.81,410.9,53665
2026-02-28 18:54:00,-0.36,-3.17,-2.75,263.56,-40.77,4.21,1.15,396.3,35162
2026-02-28 18:55:00,-0.19,-3.15,-2.77,266.64,-41.22,4.20,1.36,399.4,37673
2026-02-28 18:56:00,-0.60,-2.86,-3.15,258.12,-47.15,4.30,2.01,410.5,52670
2026-02-28 18:57:00,-0.91,-2.68,-3.29,251.18,-49.29,4.35,1.69,406.0,40090
2026-02-28 18:58:00,-1.14,-2.94,-3.06,248.80,-44.14,4.39,1.47,404.2,30701
2026-02-28 18:59:00,-1.03,-3.06,-3.01,251.34,-42.97,4.42,2.02,413.7,43160
2026-02-28 19:00:00,-1.07,-2.92,-3.10,249.86,-44.88,4.40,2.08,414.9,46510
2026-02-28 19:01:00,-0.79,-2.68,-3.30,253.62,-49.78,4.33,1.21,406.5,29502
2026-02-28 19:02:00,-0.22,-2.47,-3.46,264.94,-54.36,4.26,0.73,390.1,19425
2026-02-28 19:03:00,-0.51,-2.57,-3.47,258.75,-52.93,4.35,2.65,414.6,71859
2026-02-28 19:04:00,0.10,-2.31,-3.46,272.58,-56.22,4.17,1.88,407.8,43837
2026-02-28 19:05:00,0.91,-1.76,-3.58,297.42,-61.02,4.09,1.92,390.4,29309
2026-02-28 19:06:00,0.85,-1.91,-3.56,293.95,-59.58,4.13,1.54,384.8,20160
2026-02-28 19:07:00,0.75,-1.73,-3.66,293.49,-62.71,4.12,1.47,384.1,18771
2026-02-28 19:09:00,0.87,-1.21,-3.88,305.63,-69.01,4.15,2.17,397.9,60415
2026-02-28 19:10:00,0.95,-1.71,-3.61,298.89,-61.53,4.11,2.48,398.4,53415
2026-02-28 19:11:00,1.19,-1.74,-3.39,304.29,-58.09,3.99,2.46,396.2,45835
2026-02-28 19:12:00,0.92,-0.98,-3.79,313.10,-70.47,4.02,2.25,394.3,38699
2026-02-28 19:13:00,1.00,-0.96,-3.77,316.23,-69.76,4.02,1.93,390.2,28530
2026-02-28 19:14:00,1.07,-0.45,-3.89,337.26,-73.35,4.06,1.85,387.5,30555
2026-02-28 19:15:00,1.28,0.48,-3.83,20.69,-70.35,4.06,2.79,396.6,47783
2026-02-28 19:16:00,1.09,1.01,-3.73,42.81,-68.21,4.02,2.64,391.7,37916
2026-02-28 19:17:00,1.00,1.68,-3.46,59.27,-60.50,3.97,2.17,387.7,26534
2026-02-28 19:18:00,1.12,1.41,-3.53,51.62,-62.98,3.97,2.24,391.0,29349
2026-02-28 19:19:00,0.96,1.43,-3.56,56.17,-64.18,3.96,2.69,393.4,38686
2026-02-28 19:20:00,0.88,1.39,-3.60,57.58,-65.41,3.96,2.09,395.1,41050
2026-02-28 19:21:00,0.89,1.49,-3.49,59.13,-63.58,3.90,2.19,391.6,32204
2026-02-28 19:22:00,0.91,1.70,-3.34,61.96,-60.04,3.85,2.83,400.6,64867
2026-02-28 19:23:00,0.47,1.18,-3.48,68.10,-69.99,3.70,2.61,395.5,47027
2026-02-28 19:24:00,0.33,1.41,-3.56,76.71,-67.83,3.84,2.30,396.6,37969
2026-02-28 19:25:00,-0.06,1.46,-3.67,92.34,-68.23,3.95,1.73,398.2,31226
2026-02-28 19:26:00,0.53,0.99,-3.69,61.89,-73.10,3.86,2.27,401.7,45865
2026-02-28 19:27:00,0.38,1.09,-3.72,70.96,-72.78,3.90,2.37,399.9,47845
2026-02-28 19:28:00,0.44,1.12,-3.70,68.41,-72.00,3.89,2.19,397.0,42273
2026-02-28 19:29:00,0.31,1.47,-3.63,77.94,-67.48,3.93,2.63,401.4,56519
2026-02-28 19:30:00,0.66,1.13,-3.68,59.94,-70.44,3.91,2.81,404.9,66636
2026-02-28 19:31:00,-0.29,0.97,-3.96,106.36,-75.60,4.08,2.64,399.8,51513
2026-02-28 19:32:00,-0.21,1.35,-3.80,98.76,-70.17,4.04,2.09,396.4,34092
2026-02-28 19:33:00,-0.12,1.67,-3.66,94.04,-65.35,4.03,2.36,401.0,41406
2026-02-28 19:34:00,-0.07,1.97,-3.51,92.06,-60.73,4.02,2.59,401.3,46451
2026-02-28 19:35:00,0.15,2.39,-3.18,86.39,-53.04,3.99,2.10,397.8,35554
2026-02-28 19:36:00,0.15,2.38,-3.12,86.31,-52.57,3.92,0.96,380.7,18658
2026-02-28 19:37:00,-0.03,2.24,-3.30,90.66,-55.82,3.99,2.40,399.0,39023
2026-02-28 19:38:00,-0.01,2.61,-3.01,90.16,-49.16,3.98,2.77,401.9,47072
2026-02-28 19:39:00,0.18,2.74,-2.68,86.18,-44.30,3.84,2.21,398.8,36471
2026-02-28 19:40:00,0.38,2.07,-3.13,79.48,-56.06,3.78,2.04,397.8,33237
2026-02-28 19:42:00,0.54,0.76,-3.73,54.58,-75.91,3.84,2.67,408.3,69659
2026-02-28 19:43:00,0.57,0.68,-3.71,50.16,-76.53,3.81,2.58,406.5,66671
2026-02-28 19:44:00,0.49,0.46,-3.73,42.99,-79.77,3.79,2.40,398.3,50809
2026-02-28 19:45:00,0.48,0.54,-3.76,48.30,-79.11,3.82,2.31,391.3,34701
2026-02-28 19:46:00,0.38,0.48,-3.78,51.42,-80.86,3.83,2.33,393.9,35050
2026-02-28 19:47:00,0.66,0.48,-3.67,35.89,-77.47,3.76,2.06,392.2,31603
2026-02-28 19:48:00,0.70,0.37,-3.68,27.60,-77.84,3.76,1.56,382.5,20428
2026-02-28 19:49:00,0.49,0.44,-3.68,42.03,-79.83,3.74,2.33,390.0,33606
2026-02-28 19:50:00,0.29,1.08,-3.22,75.15,-70.88,3.41,2.22,394.4,36191
2026-02-28 19:51:00,0.67,0.45,-1.95,34.26,-67.54,2.11,1.13,409.8,27327
2026-02-28 19:52:00,1.04,-3.19,-0.12,288.12,-2.11,3.35,1.20,417.2,63392
2026-02-28 19:53:00,1.43,-1.65,-1.71,310.93,-37.98,2.78,0.52,397.6,61517
2026-02-28 19:54:00,1.54,0.22,-2.76,8.02,-60.58,3.17,1.50,387.2,36464
2026-02-28 19:55:00,2.08,0.10,-2.20,2.84,-46.48,3.03,0.97,373.8,17127
2026-02-28 19:56:00,2.26,0.45,-2.16,11.17,-43.19,3.15,1.82,382.7,41039
2026-02-28 19:57:00,2.19,0.67,-2.28,16.98,-44.95,3.23,2.14,384.5,46099
2026-02-28 19:58:00,2.34,0.39,-2.24,9.54,-43.35,3.26,2.00,379.5,35451
2026-02-28 19:59:00,2.26,0.99,-1.99,23.51,-38.87,3.17,2.06,379.0,32865
2026-02-28 20:00:00,2.22,1.25,-2.01,29.36,-38.24,3.25,2.16,379.8,33366
2026-02-28 20:01:00,2.35,1.21,-1.84,27.30,-34.83,3.23,2.07,379.5,34328
2026-02-28 20:02:00,2.14,1.94,-1.46,42.22,-26.86,3.24,1.60,377.8,32895
2026-02-28 20:03:00,2.28,2.15,-1.06,43.26,-18.65,3.31,1.04,372.4,19037
2026-02-28 20:04:00,2.59,1.51,-1.37,30.27,-24.48,3.30,1.67,376.4,24584
2026-02-28 20:05:00,2.81,0.40,-1.71,8.07,-31.06,3.31,2.03,379.4,33592
2026-02-28 20:06:00,2.78,0.46,-1.84,9.42,-33.19,3.36,1.95,376.9,32583
2026-02-28 20:07:00,2.69,-0.03,-2.12,359.45,-38.21,3.43,1.69,374.7,22422
2026-02-28 20:08:00,2.57,-0.46,-2.13,349.82,-39.20,3.37,2.04,379.3,38680
2026-02-28 20:09:00,1.50,-1.24,-1.83,320.32,-43.23,2.67,1.55,377.3,40626
2026-02-28 20:10:00,-2.36,-2.09,-2.22,221.54,-35.13,3.85,0.45,393.4,30412
2026-02-28 20:11:00,1.25,-2.30,-2.18,298.51,-39.82,3.40,1.29,394.2,29897
2026-02-28 20:12:00,1.46,-1.88,-2.57,307.70,-47.16,3.50,1.28,386.0,33158
2026-02-28 20:13:00,1.41,-1.90,-2.59,306.56,-47.53,3.51,1.17,383.0,34304
2026-02-28 20:14:00,1.44,-1.42,-2.75,315.45,-53.59,3.42,0.61,366.7,
2026-02-28 20:15:00,1.40,-1.43,-2.84,314.45,-54.85,3.47,1.52,380.3,59978
2026-02-28 20:16:00,1.41,-2.73,-1.13,297.24,-20.19,3.28,1.53,396.6,50381
2026-02-28 20:17:00,1.85,-1.85,-1.68,314.92,-32.63,3.11,0.72,392.2,40569
2026-02-28 20:18:00,2.33,-1.40,-2.00,328.99,-36.29,3.37,1.21,378.9,44332
2026-02-28 20:19:00,2.14,0.53,-2.37,13.92,-47.12,3.23,1.69,380.2,43293
2026-02-28 20:20:00,2.38,1.50,-2.07,32.21,-36.36,3.49,2.26,378.3,33392
2026-02-28 20:21:00,2.30,1.55,-2.14,34.01,-37.56,3.50,1.89,377.0,21895
2026-02-28 20:22:00,2.28,1.41,-2.21,31.86,-39.47,3.47,1.19,368.9,17450
2026-02-28 20:23:00,2.19,1.22,-2.49,29.11,-44.75,3.53,3.25,388.2,48844
2026-02-28 20:24:00,2.41,1.19,-2.18,26.19,-39.07,3.46,2.18,378.3,24512
2026-02-28 20:25:00,2.38,0.91,-2.44,20.98,-43.73,3.53,2.34,378.2,23180
2026-02-28 20:26:00,2.45,0.31,-2.54,7.31,-45.85,3.54,2.11,375.9,24421
2026-02-28 20:27:00,2.34,1.02,-2.39,23.53,-43.12,3.50,2.31,378.2,25727
2026-02-28 20:28:00,2.67,0.88,-1.95,18.24,-34.69,3.42,1.88,378.6,36895
2026-02-28 20:29:00,2.73,0.69,-2.00,14.24,-35.45,3.45,1.90,375.7,29601
2026-02-28 20:30:00,2.35,1.21,-2.20,27.13,-39.82,3.44,2.24,377.7,31063
2026-02-28 20:31:00,2.17,1.49,-2.30,34.58,-41.15,3.50,2.30,379.6,31688
2026-02-28 20:32:00,1.77,1.47,-2.70,39.81,-49.58,3.55,2.21,380.4,27808
2026-02-28 20:33:00,1.44,1.35,-3.03,43.10,-56.90,3.62,2.01,381.8,26328
2026-02-28 20:34:00,1.43,1.38,-3.07,43.89,-57.05,3.66,1.82,382.5,23609
2026-02-28 20:35:00,1.54,1.42,-2.99,42.68,-54.94,3.65,2.23,385.7,29667
2026-02-28 20:36:00,1.42,1.59,-2.93,48.12,-53.96,3.62,2.29,387.5,36807
2026-02-28 20:37:00,1.07,1.52,-3.16,54.88,-59.47,3.66,1.15,375.4,17038
2026-02-28 20:38:00,1.75,1.45,-2.74,39.73,-50.38,3.56,1.86,381.6,22449
2026-02-28 20:39:00,1.84,1.66,-2.50,42.04,-45.31,3.52,3.44,398.7,67305
2026-02-28 20:40:00,1.84,1.62,-2.48,41.40,-45.30,3.49,2.53,385.5,31991
2026-02-28 20:41:00,2.03,1.73,-2.35,40.39,-41.39,3.55,2.43,381.9,31002
2026-02-28 20:42:00,1.70,1.61,-2.59,43.39,-47.92,3.49,2.55,383.6,32225
2026-02-28 20:43:00,1.66,1.59,-2.57,43.79,-48.20,3.45,2.44,388.1,34839
2026-02-28 20:44:00,2.07,2.01,-1.93,44.26,-33.71,3.47,1.99,380.9,24023
2026-02-28 20:45:00,2.31,1.82,-1.93,38.20,-33.30,3.52,2.21,380.4,28629
2026-02-28 20:46:00,2.02,1.99,-2.13,44.57,-36.93,3.54,2.42,381.9,33552
2026-02-28 20:47:00,2.02,1.94,-2.18,43.90,-37.85,3.55,1.53,374.3,15871
2026-02-28 20:48:00,1.88,1.95,-2.24,46.03,-39.57,3.52,2.01,380.9,28337
2026-02-28 20:49:00,1.03,1.79,-2.85,60.08,-54.00,3.52,2.48,391.3,43810
2026-02-28 20:50:00,0.81,2.18,-2.52,69.65,-47.30,3.43,2.25,392.9,41611
2026-02-28 20:51:00,1.27,2.22,-2.27,60.30,-41.60,3.42,2.16,387.2,35502
2026-02-28 20:52:00,1.25,1.70,-2.97,53.70,-54.62,3.64,2.09,386.0,33360
2026-02-28 20:53:00,1.11,1.05,-3.33,43.47,-65.30,3.67,2.44,388.4,31293
2026-02-28 20:54:00,1.21,1.13,-3.27,42.94,-63.14,3.66,2.67,390.2,32087
2026-02-28 20:55:00,1.22,1.36,-3.17,48.16,-59.99,3.66,1.99,388.1,29447
2026-02-28 20:56:00,0.95,1.55,-3.23,58.62,-60.62,3.71,1.04,375.8,14802
2026-02-28 20:57:00,1.56,1.25,-2.81,38.61,-54.54,3.45,2.17,389.2,36214
2026-02-28 20:58:00,1.46,1.48,-2.97,45.40,-54.95,3.63,2.80,389.7,39817
2026-02-28 20:59:00,1.38,1.32,-2.97,43.83,-57.28,3.54,2.12,385.1,28520
2026-02-28 21:00:00,1.01,1.19,-3.30,49.65,-64.79,3.65,1.97,383.2,23423
2026-02-28 21:01:00,1.33,0.86,-3.17,32.92,-63.51,3.54,2.00,383.0,22674
2026-02-28 21:02:00,1.36,-2.20,-2.57,301.73,-44.77,3.64,2.30,393.2,36580
2026-02-28 21:03:00,1.57,-1.14,-2.68,324.11,-54.02,3.31,1.73,381.0,25745
2026-02-28 21:04:00,1.72,-1.62,-2.60,316.73,-47.75,3.51,1.79,379.1,32341
2026-02-28 21:05:00,1.05,-2.26,-2.19,294.99,-41.34,3.32,2.32,386.3,46056
2026-02-28 21:06:00,0.80,-2.62,-2.18,287.03,-38.59,3.50,1.78,382.3,35277
2026-02-28 21:07:00,1.56,-1.65,-2.34,313.43,-45.80,3.26,1.47,386.7,38810
2026-02-28 21:08:00,1.85,-1.93,-2.01,313.71,-36.85,3.34,1.87,381.3,46844
2026-02-28 21:09:00,2.07,-1.64,-2.04,321.68,-37.71,3.34,1.44,381.5,38672
2026-02-28 21:10:00,2.16,-1.37,-2.14,327.64,-39.96,3.33,1.33,381.3,49846
2026-02-28 21:11:00,1.79,-1.57,-2.33,318.79,-44.40,3.34,0.80,367.7,17162
2026-02-28 21:12:00,1.75,0.16,-3.04,5.21,-59.99,3.51,1.56,388.5,48460
2026-02-28 21:13:00,1.87,-0.11,-2.94,356.78,-57.45,3.49,2.17,378.4,26054
2026-02-28 21:14:00,2.09,0.42,-2.74,11.34,-52.05,3.47,2.10,375.6,24270
2026-02-28 21:15:00,1.72,0.22,-2.97,7.39,-59.73,3.44,2.24,375.7,20298
2026-02-28 21:16:00,1.04,-0.06,-3.44,356.88,-73.25,3.60,2.19,381.6,26417
2026-02-28 21:17:00,0.51,0.27,-3.70,28.01,-81.22,3.75,2.13,386.3,32495
2026-02-28 21:18:00,1.77,0.01,-2.94,0.30,-58.85,3.43,1.87,379.6,25231
2026-02-28 21:19:00,2.51,-0.71,-2.26,344.25,-41.01,3.45,1.68,373.9,18805
2026-02-28 21:20:00,2.64,-1.10,-2.01,337.30,-35.08,3.50,2.18,375.9,24010
2026-02-28 21:21:00,2.61,-0.12,-2.31,357.42,-41.50,3.49,2.13,375.4,29788
2026-02-28 21:22:00,2.65,0.46,-2.17,9.92,-38.89,3.46,2.02,373.1,33914
2026-02-28 21:23:00,2.28,0.54,-2.72,13.32,-49.25,3.59,2.05,371.9,24529
2026-02-28 21:24:00,2.35,0.17,-2.56,4.20,-47.47,3.48,2.36,377.9,29667
2026-02-28 21:25:00,2.48,-0.64,-2.31,345.47,-41.96,3.45,2.38,375.8,28542
2026-02-28 21:26:00,2.34,0.76,-2.33,18.05,-43.40,3.39,1.68,371.9,26463
2026-02-28 21:27:00,1.99,1.63,-2.31,39.33,-41.88,3.46,2.47,382.0,38470
2026-02-28 21:28:00,1.85,2.05,-2.14,47.85,-37.69,3.49,2.22,380.1,28673
2026-02-28 21:29:00,1.92,2.08,-2.02,47.38,-35.57,3.48,2.13,379.6,27049
2026-02-28 21:30:00,1.87,2.29,-1.93,50.73,-33.10,3.53,1.56,374.5,23070
2026-02-28 21:31:00,2.10,2.45,-1.46,49.37,-24.38,3.54,2.49,383.1,36382
2026-02-28 21:32:00,1.92,2.25,-1.74,49.62,-30.49,3.43,2.22,380.8,30545
2026-02-28 21:33:00,1.79,1.63,-2.60,42.20,-47.05,3.55,2.30,380.0,26626
2026-02-28 21:34:00,1.39,1.23,-3.03,41.51,-58.54,3.55,2.20,381.1,25047
2026-02-28 21:35:00,1.43,1.24,-2.95,40.88,-57.29,3.51,2.20,383.4,28395
2026-02-28 21:36:00,1.54,1.64,-2.71,46.91,-50.35,3.52,2.18,384.1,35242
2026-02-28 21:37:00,1.57,1.86,-2.60,49.76,-46.84,3.56,1.53,377.9,29194
2026-02-28 21:38:00,1.61,1.89,-2.53,49.62,-45.56,3.54,1.42,376.3,23535
2026-02-28 21:39:00,1.37,2.12,-2.57,57.06,-45.55,3.60,2.57,388.9,41433
2026-02-28 21:40:00,1.45,2.01,-2.63,54.12,-46.69,3.62,2.52,386.9,35636
2026-02-28 21:41:00,1.70,1.89,-2.46,48.04,-44.10,3.53,2.90,388.6,39727
2026-02-28 21:42:00,1.84,2.39,-1.90,52.41,-32.17,3.57,2.56,385.3,34222
2026-02-28 21:43:00,1.57,2.66,-1.95,59.52,-32.30,3.66,2.28,383.2,28605
2026-02-28 21:44:00,1.86,2.85,-1.13,56.87,-18.35,3.58,2.33,384.5,29240
2026-02-28 21:45:00,1.99,2.67,-1.39,53.25,-22.60,3.61,2.43,380.7,30423
2026-02-28 21:46:00,1.80,2.77,-1.46,56.97,-23.86,3.61,2.53,382.6,31017
2026-02-28 21:47:00,1.69,2.94,-1.39,60.09,-22.32,3.67,2.36,386.6,31446
2026-02-28 21:48:00,1.87,2.86,-1.22,56.83,-19.63,3.63,2.39,385.1,30718
2026-02-28 21:49:00,1.42,2.97,-1.46,64.38,-23.89,3.60,2.19,386.4,29691
2026-02-28 21:50:00,1.41,3.07,-1.19,65.23,-19.41,3.58,2.58,389.3,39395
2026-02-28 21:51:00,1.37,3.40,0.62,68.09,9.65,3.72,2.64,391.0,38723
2026-02-28 21:52:00,1.11,3.38,1.29,71.78,19.89,3.79,2.34,391.5,31358
2026-02-28 21:53:00,1.23,3.42,0.56,70.17,8.84,3.68,2.54,399.6,64148
2026-02-28 21:54:00,0.99,3.62,-0.17,74.66,-2.53,3.76,2.26,396.0,51094
2026-02-28 21:55:00,0.89,3.68,-0.48,76.37,-7.19,3.82,1.82,390.2,28258
2026-02-28 21:56:00,1.10,3.39,0.26,72.01,4.13,3.58,1.99,390.8,38530
2026-02-28 21:57:00,1.91,3.03,-0.51,57.80,-8.17,3.61,1.06,373.5,19735
2026-02-28 21:58:00,1.86,2.99,-0.90,58.13,-14.42,3.63,3.22,397.0,68649
2026-02-28 22:00:00,2.03,2.63,-1.30,52.32,-21.34,3.57,2.42,381.5,28148
2026-03-01 03:02:00,1.59,-3.45,-0.17,294.77,-2.61,3.80,1.19,,
2026-03-01 03:03:00,1.39,-3.54,-1.28,291.39,-18.58,4.01,1.19,386.6,48870
2026-03-01 03:04:00,1.01,-3.23,-1.88,287.40,-28.98,3.87,1.50,381.3,42412
2026-03-01 03:05:00,0.99,-3.03,-1.90,288.15,-30.78,3.71,1.78,383.4,37624
2026-03-01 03:06:00,0.92,-2.96,-1.34,287.32,-23.30,3.38,1.82,384.7,43224
2026-03-01 03:07:00,0.60,-2.82,-1.84,282.09,-32.52,3.42,2.35,386.6,57562
2026-03-01 03:08:00,0.87,-3.63,-1.22,283.51,-18.09,3.92,1.93,385.2,40550
2026-03-01 03:09:00,0.79,-3.48,-1.69,282.76,-25.35,3.95,1.33,387.2,41865
2026-03-01 03:10:00,0.59,-3.14,-2.31,280.64,-35.91,3.94,1.80,388.8,41237
2026-03-01 03:11:00,0.62,-3.25,-2.23,280.84,-33.91,3.99,2.16,386.5,37688
2026-03-01 03:12:00,0.20,-3.34,-2.41,273.34,-35.70,4.12,2.06,388.4,36064
2026-03-01 03:13:00,-0.28,-3.32,-2.43,265.19,-36.09,4.12,2.13,394.7,38379
2026-03-01 03:14:00,-0.53,-3.05,-2.73,260.19,-41.45,4.12,2.43,396.2,45281
2026-03-01 03:15:00,-0.11,-2.32,-3.25,267.23,-54.39,3.99,2.95,394.4,42140
2026-03-01 03:16:00,0.20,-1.76,-1.97,276.57,-48.13,2.65,2.66,394.2,37882
2026-03-01 03:17:00,2.08,-2.25,2.10,312.75,34.44,3.72,1.34,403.3,34230
2026-03-01 03:18:00,2.38,-2.36,1.80,315.33,28.22,3.80,0.56,405.8,59173
2026-03-01 03:19:00,2.47,-2.75,0.91,311.95,13.81,3.80,0.61,400.2,89772
2026-03-01 03:20:00,2.70,-2.49,0.30,317.31,4.66,3.69,0.77,390.8,93043
2026-03-01 03:21:00,2.33,-2.89,0.37,308.84,5.69,3.73,0.96,385.4,96285
2026-03-01 03:22:00,2.23,-3.05,0.75,306.14,11.18,3.85,0.65,396.1,88576
2026-03-01 03:23:00,2.51,-2.82,0.53,311.61,8.03,3.82,0.60,398.1,87164
2026-03-01 03:24:00,2.49,-2.76,0.01,312.02,0.08,3.72,0.95,384.9,98000
2026-03-01 03:25:00,2.16,-2.55,0.52,310.29,8.81,3.38,1.31,380.3,89956
2026-03-01 03:26:00,2.66,-2.36,0.90,318.47,14.17,3.67,1.21,383.7,93544
2026-03-01 03:27:00,2.55,-2.59,-0.05,314.49,-0.81,3.64,0.97,385.9,108366
2026-03-01 03:28:00,2.81,-2.09,-1.50,323.41,-23.21,3.81,1.42,378.5,91812
2026-03-01 03:29:00,2.78,-1.87,-1.81,326.11,-28.41,3.81,1.95,372.8,59417
2026-03-01 03:30:00,2.87,-1.52,-1.87,332.11,-29.86,3.75,1.98,373.4,55707
2026-03-01 03:31:00,3.00,-0.99,-1.99,341.77,-32.26,3.73,2.24,370.9,52206
2026-03-01 03:32:00,3.04,-0.85,-1.95,344.33,-31.75,3.71,2.22,370.2,47245
2026-03-01 03:33:00,3.12,-0.35,-1.96,353.56,-31.97,3.70,2.39,370.7,42894
2026-03-01 03:34:00,2.97,0.10,-1.74,1.91,-30.39,3.45,2.59,370.4,43202
2026-03-01 03:35:00,2.77,1.74,-0.99,32.16,-16.80,3.42,2.75,369.1,58919
2026-03-01 03:36:00,2.23,-0.41,-2.57,349.61,-48.49,3.43,2.62,368.1,46276
2026-03-01 03:37:00,2.06,-0.41,-2.94,348.76,-54.50,3.61,2.55,373.7,40980
2026-03-01 03:38:00,2.27,0.00,-2.75,0.06,-50.42,3.57,2.75,373.3,38606
2026-03-01 03:39:00,2.39,0.26,-2.79,6.18,-49.18,3.68,2.89,374.6,37461
2026-03-01 03:40:00,2.61,0.58,-2.36,12.64,-41.51,3.57,2.87,372.6,39728
2026-03-01 03:41:00,2.66,0.43,-2.28,9.28,-40.22,3.53,2.74,369.4,42527
2026-03-01 03:42:00,2.29,0.94,-2.45,22.25,-44.78,3.48,2.76,370.6,43068
2026-03-01 03:43:00,2.65,1.14,-1.99,23.32,-34.57,3.50,2.74,372.4,44347
2026-03-01 03:44:00,2.69,1.33,-1.95,26.26,-33.02,3.58,2.63,371.7,43949
2026-03-01 03:45:00,2.32,1.71,-2.08,36.29,-35.78,3.55,2.76,372.3,41292
2026-03-01 03:46:00,2.23,1.54,-2.35,34.61,-40.84,3.59,3.01,374.1,40941
2026-03-01 03:47:00,1.99,1.63,-2.41,39.33,-43.08,3.52,2.85,373.9,40375
2026-03-01 03:48:00,2.30,1.61,-2.21,34.94,-38.16,3.57,2.62,375.8,37196
2026-03-01 03:49:00,1.90,1.83,-2.09,43.87,-38.38,3.37,2.67,378.1,37628
2026-03-01 03:50:00,2.46,0.08,-1.98,1.80,-38.83,3.16,2.78,378.0,44833
2026-03-01 03:51:00,1.50,2.27,-2.03,56.54,-36.69,3.39,3.36,379.1,57386
2026-03-01 03:52:00,1.07,0.56,-1.12,27.86,-42.79,1.65,2.60,379.8,42890
2026-03-01 03:53:00,1.27,-1.86,-2.61,304.45,-49.19,3.44,2.22,378.5,49730
2026-03-01 03:54:00,1.51,-0.95,-2.85,327.99,-57.92,3.36,2.47,383.7,47073
2026-03-01 03:55:00,2.56,0.53,-1.83,11.66,-34.94,3.19,2.48,381.8,46878
2026-03-01 03:56:00,2.36,1.11,-1.79,25.25,-34.45,3.16,2.47,381.0,46985
2026-03-01 03:57:00,2.56,1.43,-0.49,29.12,-9.52,2.98,2.35,376.7,55737
2026-03-01 03:58:00,2.29,0.90,1.62,21.55,33.36,2.95,1.30,390.3,60057
2026-03-01 04:00:00,1.92,0.57,1.18,16.47,30.52,2.32,1.60,379.0,72471
2026-03-01 05:31:00,1.14,2.69,2.00,66.97,34.40,3.54,2.13,384.5,45101
2026-03-01 05:32:00,2.33,2.20,0.73,43.29,12.84,3.29,2.23,375.6,53861
2026-03-01 05:33:00,1.80,1.52,2.02,40.19,40.61,3.10,2.52,379.7,55744
2026-03-01 05:34:00,2.05,0.21,3.00,5.74,55.49,3.64,1.51,389.7,61140
2026-03-01 05:35:00,1.15,-1.25,3.25,312.44,62.44,3.67,0.69,394.0,65602
2026-03-01 05:36:00,1.34,-1.87,1.67,305.67,35.91,2.84,0.64,399.7,53296
2026-03-01 05:37:00,1.56,-2.43,-1.38,302.81,-25.61,3.20,1.00,392.5,55447
2026-03-01 05:38:00,1.88,-2.31,-0.39,309.21,-7.50,3.01,1.38,381.6,67212
2026-03-01 05:39:00,2.09,-1.87,1.77,318.17,32.25,3.31,0.89,385.4,84700
2026-03-01 05:40:00,2.08,-2.43,1.07,310.55,18.46,3.37,0.72,391.6,82539
2026-03-01 05:41:00,2.11,-2.26,1.74,313.04,29.35,3.54,0.70,389.9,79860
2026-03-01 05:42:00,2.07,-2.23,1.88,312.94,31.65,3.57,0.63,391.1,87975
2026-03-01 05:43:00,1.53,-1.40,2.82,317.48,53.71,3.50,0.78,395.1,71508
2026-03-01 05:44:00,1.15,0.66,3.40,29.72,68.72,3.65,0.68,399.1,60751
2026-03-01 05:45:00,0.95,-0.57,3.52,329.13,72.53,3.69,0.78,396.1,64921
2026-03-01 05:46:00,1.20,-1.06,2.99,318.40,61.84,3.39,0.66,400.2,52840
2026-03-01 05:47:00,2.09,-1.13,1.99,331.68,39.88,3.10,0.69,401.0,52850
2026-03-01 05:48:00,2.58,-1.43,1.61,330.97,28.64,3.36,0.66,393.7,84876
2026-03-01 05:49:00,2.67,-1.46,1.21,331.42,21.59,3.28,0.61,393.9,81729
2026-03-01 05:50:00,2.92,-1.08,0.58,339.61,10.50,3.17,0.94,383.0,93960
2026-03-01 05:51:00,2.92,-1.40,1.16,334.44,19.74,3.44,0.96,381.0,112941
2026-03-01 05:52:00,2.91,-1.00,1.25,341.06,22.16,3.32,0.71,389.3,102779
2026-03-01 05:53:00,3.01,-0.54,1.15,349.79,20.54,3.26,0.71,389.0,91773
2026-03-01 05:54:00,2.77,-0.47,1.65,350.34,30.45,3.26,0.78,385.1,108340
2026-03-01 05:55:00,2.52,0.21,2.01,4.78,38.58,3.23,0.84,383.6,114284
2026-03-01 05:56:00,2.30,-0.97,2.22,337.08,41.64,3.34,1.00,382.3,86758
2026-03-01 05:57:00,2.56,-1.31,1.54,332.94,28.17,3.26,0.66,395.0,74817
2026-03-01 05:58:00,2.82,-1.17,1.16,337.55,20.82,3.27,0.86,389.8,102653
2026-03-01 05:59:00,2.42,-1.96,0.05,320.97,0.93,3.11,0.90,386.6,105849
2026-03-01 06:00:00,2.12,-1.94,1.06,317.47,20.27,3.06,0.81,391.7,81290
2026-03-01 06:01:00,1.21,-2.99,-0.55,292.09,-9.63,3.27,0.77,389.9,91063
2026-03-01 06:02:00,0.66,-3.08,-1.78,282.03,-29.44,3.62,1.49,384.5,52455
2026-03-01 06:03:00,0.48,-2.03,-2.90,283.33,-54.27,3.57,2.51,382.6,44338
2026-03-01 06:04:00,-0.38,-2.67,-2.81,261.92,-46.15,3.90,2.75,385.1,41736
2026-03-01 06:05:00,-0.80,-2.84,-2.77,254.34,-43.15,4.05,2.44,392.2,40487
2026-03-01 06:06:00,-1.37,-2.77,-2.83,243.71,-42.49,4.19,2.26,397.0,40894
2026-03-01 06:07:00,-1.81,-2.51,-2.94,234.29,-43.54,4.27,2.39,403.3,40651
2026-03-01 06:08:00,-1.19,-2.62,-2.89,245.57,-45.03,4.08,2.51,408.1,40027
2026-03-01 06:09:00,-0.44,-2.79,-2.49,260.99,-41.38,3.77,1.74,394.0,33930
2026-03-01 06:10:00,1.07,0.57,-2.19,28.24,-61.03,2.51,2.06,388.9,37197
2026-03-01 06:11:00,0.47,-0.02,-3.35,357.67,-82.02,3.39,2.72,379.4,42984
2026-03-01 06:12:00,0.46,1.59,-3.08,73.69,-61.78,3.50,2.72,384.1,40242
2026-03-01 06:13:00,0.46,0.61,-3.37,53.29,-77.29,3.46,2.92,384.0,45292
2026-03-01 06:14:00,0.33,1.02,-3.41,71.81,-72.59,3.58,3.19,388.5,47921
2026-03-01 06:15:00,0.39,1.08,-3.34,69.94,-70.97,3.53,2.64,383.0,41751
2026-03-01 06:16:00,0.48,1.01,-3.32,64.69,-71.47,3.51,2.73,381.5,41824
2026-03-01 06:17:00,0.26,1.12,-3.47,76.75,-71.71,3.65,2.51,382.1,42444
2026-03-01 06:18:00,0.39,0.73,-3.59,61.57,-77.00,3.68,2.80,383.4,41431
2026-03-01 06:19:00,0.11,1.15,-3.48,84.76,-71.65,3.66,2.94,384.2,45596
2026-03-01 06:20:00,0.63,0.79,-3.46,51.54,-73.75,3.60,3.01,382.9,44852
2026-03-01 06:21:00,0.93,0.74,-3.39,38.46,-70.77,3.59,3.02,381.3,41341
2026-03-01 06:22:00,1.02,0.21,-3.39,11.55,-72.91,3.55,3.05,378.2,40998
2026-03-01 06:23:00,1.08,0.17,-3.34,8.78,-71.88,3.51,2.97,377.3,39190
2026-03-01 06:24:00,1.32,-0.02,-3.20,359.19,-67.55,3.46,2.91,376.9,38208
2026-03-01 06:25:00,1.15,-0.11,-3.35,354.35,-70.92,3.54,2.96,375.9,39082
2026-03-01 06:26:00,1.02,-0.25,-3.36,346.09,-72.58,3.52,2.93,376.6,37925
2026-03-01 06:27:00,1.03,-1.07,-3.05,313.83,-64.12,3.39,2.72,377.4,37920
2026-03-01 06:28:00,0.85,-1.84,-2.58,294.82,-51.75,3.28,2.28,379.8,37536
2026-03-01 06:29:00,0.81,-0.14,-3.02,349.91,-74.76,3.13,1.82,381.9,46474
2026-03-01 06:30:00,1.25,-0.76,-2.50,328.81,-59.73,2.89,1.89,381.1,56006
2026-03-01 06:31:00,1.68,-0.30,-2.24,349.90,-52.73,2.82,2.57,376.6,53676
2026-03-01 06:32:00,1.66,-0.27,-2.26,350.79,-53.28,2.82,2.63,373.9,61129
2026-03-01 06:33:00,1.86,0.59,-1.95,17.75,-45.06,2.76,2.60,373.4,54661
2026-03-01 06:34:00,2.15,1.41,-1.63,33.25,-32.33,3.04,2.54,372.1,52661
2026-03-01 06:35:00,1.89,2.27,-0.72,50.23,-13.64,3.03,2.38,371.8,52305
2026-03-01 06:36:00,2.58,1.02,-0.65,21.46,-13.13,2.85,2.08,371.5,56015
2026-03-01 06:37:00,2.77,1.03,-0.59,20.39,-11.25,3.01,1.94,369.7,61666
2026-03-01 06:38:00,2.78,0.73,-0.46,14.69,-9.10,2.91,1.95,369.8,61979
2026-03-01 06:39:00,2.58,1.16,0.39,24.10,7.89,2.86,1.75,371.5,67866
2026-03-01 06:40:00,2.07,2.27,-0.18,47.70,-3.37,3.08,1.90,373.0,65415
2026-03-01 06:41:00,2.32,2.06,-0.14,41.64,-2.60,3.10,2.33,373.8,54110
2026-03-01 06:42:00,1.87,2.51,0.37,53.29,6.71,3.15,2.32,376.4,49481
2026-03-01 06:43:00,1.73,2.39,0.92,54.07,17.39,3.09,2.30,376.0,51693
2026-03-01 06:44:00,1.38,0.89,-0.97,32.95,-30.50,1.90,2.35,375.6,57713
2026-03-01 06:45:00,1.57,0.30,-2.37,10.81,-55.97,2.86,2.77,378.9,54756
2026-03-01 06:46:00,2.23,0.06,-2.06,1.51,-42.76,3.04,2.53,373.8,52785
2026-03-01 06:47:00,2.25,0.06,-2.15,1.51,-43.73,3.11,2.29,374.5,44311
2026-03-01 06:48:00,2.15,1.37,-1.50,32.53,-30.55,2.96,2.17,369.3,33531
2026-03-01 06:49:00,1.56,1.75,-1.43,48.29,-31.42,2.75,2.60,378.1,53278
2026-03-01 06:50:00,0.97,1.90,-2.10,62.87,-44.55,3.00,2.78,378.9,58907
2026-03-01 06:51:00,0.87,2.03,-2.32,66.68,-46.44,3.21,2.93,380.7,54407
2026-03-01 06:52:00,1.80,1.75,-1.55,44.23,-31.70,2.95,3.55,387.5,84385
2026-03-01 06:53:00,2.18,1.07,-1.70,26.24,-34.93,2.96,2.98,378.6,76513
2026-03-01 06:54:00,1.86,0.84,-1.75,24.30,-40.73,2.69,2.42,371.2,50861
2026-03-01 06:55:00,1.78,0.71,-2.04,21.59,-46.77,2.80,2.26,374.7,45506
2026-03-01 06:56:00,2.02,0.61,-1.97,16.66,-43.01,2.89,2.82,378.7,72019
2026-03-01 06:57:00,1.96,-0.12,-2.07,356.42,-46.43,2.85,3.16,376.9,82386
2026-03-01 06:58:00,2.57,-0.20,-1.58,355.52,-31.50,3.03,2.43,371.0,55423
2026-03-01 06:59:00,2.61,-0.11,-1.57,357.53,-31.09,3.05,2.30,365.6,54790
2026-03-01 07:00:00,2.50,-0.08,-1.69,358.06,-34.07,3.02,2.47,369.3,60047
2026-03-01 07:01:00,2.81,-0.23,-1.08,355.22,-20.89,3.02,2.59,369.4,64781
2026-03-01 07:02:00,2.95,0.19,-0.58,3.65,-11.06,3.01,1.85,370.2,78660
2026-03-01 07:03:00,2.95,0.64,0.65,12.20,12.10,3.08,1.43,363.9,47963
2026-03-01 07:04:00,2.89,0.47,0.78,9.28,14.91,3.04,1.65,375.7,144417
2026-03-01 07:05:00,2.57,0.52,1.51,11.37,29.99,3.03,1.32,382.0,114189
2026-03-01 07:06:00,2.60,0.21,1.64,4.68,32.14,3.08,0.97,376.0,78529
2026-03-01 07:07:00,2.95,-0.13,1.06,357.52,19.78,3.14,1.04,370.6,97845
2026-03-01 07:08:00,2.90,0.79,0.98,15.30,18.08,3.16,1.34,367.2,105099
2026-03-01 07:09:00,2.59,0.51,1.69,11.16,32.65,3.14,1.07,376.9,105899
2026-03-01 07:10:00,2.02,0.49,1.73,13.60,39.81,2.70,0.83,374.1,73681
2026-03-01 07:11:00,1.38,-1.40,0.72,314.50,20.14,2.10,0.95,377.9,62619
2026-03-01 07:12:00,1.48,1.92,1.07,52.31,23.85,2.65,1.25,385.0,81337
2026-03-01 07:13:00,1.38,2.69,1.12,62.94,20.32,3.23,1.71,381.6,81949
2026-03-01 07:14:00,2.15,1.24,0.88,29.99,19.44,2.63,2.13,380.3,68589
2026-03-01 07:15:00,2.39,0.14,1.32,3.30,28.86,2.73,1.27,372.4,83788
2026-03-01 07:16:00,2.52,0.42,0.61,9.47,13.39,2.63,1.39,372.3,85109
2026-03-01 07:17:00,2.74,0.82,-0.41,16.70,-8.14,2.89,1.94,370.8,86276
2026-03-01 07:18:00,1.44,-1.86,-1.23,307.80,-27.65,2.65,1.92,362.6,51162
2026-03-01 07:19:00,0.24,-2.94,-0.70,274.70,-13.40,3.03,1.55,377.9,62630
2026-03-01 07:20:00,0.62,-2.74,-0.08,282.72,-1.61,2.81,1.18,389.4,68601
2026-03-01 07:21:00,2.69,0.06,1.39,1.38,27.43,3.03,1.17,376.3,83013
2026-03-01 07:22:00,2.40,-0.28,1.61,353.32,33.68,2.91,0.86,373.8,66037
2026-03-01 07:23:00,2.91,0.24,0.83,4.63,15.81,3.04,0.85,384.7,113349
2026-03-01 07:24:00,2.25,1.05,1.54,24.90,31.77,2.92,1.03,373.6,83999
2026-03-01 07:25:00,2.63,0.83,1.22,17.53,23.82,3.02,1.41,366.9,45629
2026-03-01 07:26:00,2.54,0.96,1.70,20.73,32.14,3.20,1.30,371.9,64836
2026-03-01 07:27:00,2.27,1.46,1.41,32.82,27.52,3.05,1.06,375.4,82518
2026-03-01 07:28:00,1.45,0.99,2.91,34.25,58.91,3.40,0.83,382.2,75542
2026-03-01 07:29:00,1.44,0.82,3.06,29.86,61.62,3.48,0.58,385.5,57449
2026-03-01 07:30:00,1.45,0.62,2.93,23.02,61.74,3.33,0.55,381.3,56715
2026-03-01 07:31:00,1.55,1.00,2.58,32.77,54.52,3.17,0.58,391.1,95847
2026-03-01 07:32:00,1.94,1.27,2.21,33.17,43.69,3.20,0.59,389.6,70955
2026-03-01 07:33:00,1.05,3.09,0.13,71.21,2.21,3.26,1.04,380.7,77811
2026-03-01 07:34:00,1.76,2.53,1.20,55.20,21.37,3.31,2.00,377.3,41346
2026-03-01 07:35:00,2.01,1.98,1.69,44.54,31.04,3.29,2.33,385.0,67853
2026-03-01 07:36:00,2.04,1.03,2.20,26.88,43.94,3.18,1.46,375.5,54819
2026-03-01 07:37:00,1.91,0.37,2.79,10.95,55.12,3.40,0.66,372.4,44565
2026-03-01 07:38:00,2.06,0.07,2.75,1.94,53.17,3.43,0.63,395.0,128007
2026-03-01 07:39:00,2.20,-0.11,2.54,357.03,49.05,3.37,0.63,394.5,107819
2026-03-01 07:40:00,2.16,0.53,2.40,13.68,47.14,3.27,0.61,382.7,62899
2026-03-01 07:41:00,2.13,0.33,2.54,8.93,49.65,3.33,0.66,379.2,58435
2026-03-01 07:42:00,2.04,-0.12,2.60,356.73,51.80,3.30,0.69,382.7,86271
2026-03-01 07:43:00,1.82,0.25,2.48,7.98,53.46,3.08,0.62,384.8,86731
2026-03-01 07:44:00,1.54,0.77,2.35,26.54,53.69,2.91,0.68,378.3,66579
2026-03-01 07:45:00,1.67,0.43,2.62,14.45,56.69,3.13,0.75,378.9,76327
2026-03-01 07:46:00,1.22,-0.49,3.05,338.12,66.67,3.32,0.62,395.8,101265
2026-03-01 07:47:00,1.36,-0.38,3.19,344.21,66.12,3.49,0.57,403.5,98387
2026-03-01 07:48:00,1.96,0.68,2.62,19.15,51.68,3.34,0.42,353.6,35393
2026-03-01 07:49:00,2.16,2.04,0.93,43.44,17.32,3.11,0.55,356.8,41089
2026-03-01 07:50:00,0.72,1.00,3.04,54.22,67.93,3.28,1.43,381.8,82671
2026-03-01 07:51:00,0.23,0.17,3.75,36.38,85.56,3.76,0.60,402.3,53311
2026-03-01 07:52:00,-0.64,-0.28,4.15,203.40,80.48,4.21,0.37,392.4,36524
2026-03-01 07:53:00,-0.21,-1.01,3.99,258.07,75.48,4.12,0.45,398.2,49043
2026-03-01 07:54:00,-0.14,-0.85,4.08,260.80,78.05,4.17,0.65,406.6,92736
2026-03-01 07:55:00,-0.35,-1.38,3.89,255.59,69.88,4.14,0.60,402.3,75479
2026-03-01 07:56:00,-0.07,0.26,4.03,104.60,86.14,4.04,0.31,387.6,35182
2026-03-01 07:57:00,-0.33,-0.07,3.92,191.46,85.04,3.93,0.40,397.5,55435
2026-03-01 07:58:00,-0.94,-0.43,4.04,204.43,75.66,4.17,0.33,414.0,62209
2026-03-01 07:59:00,-1.13,-0.84,4.07,216.46,70.87,4.31,0.21,400.9,42261
2026-03-01 08:00:00,-1.02,-1.29,3.79,231.64,66.54,4.13,0.27,386.0,34690
2026-03-01 08:01:00,-0.81,-0.26,4.08,197.78,78.25,4.17,0.34,391.3,40264
2026-03-01 08:02:00,-0.89,0.06,4.32,176.01,78.32,4.42,0.32,393.5,38939
2026-03-01 08:03:00,-1.10,0.06,4.44,176.63,76.09,4.57,0.29,391.4,33036
2026-03-01 08:04:00,-1.05,-0.07,4.32,183.67,76.26,4.45,0.23,391.4,38519
2026-03-01 08:05:00,-1.28,-0.01,4.18,180.52,73.05,4.37,0.30,395.6,45586
2026-03-01 08:06:00,-0.84,-0.89,4.10,226.75,73.40,4.27,0.23,394.0,33480
2026-03-01 08:07:00,0.34,-1.70,3.48,281.24,63.51,3.89,0.75,407.2,63105
2026-03-01 08:08:00,-0.73,-0.84,3.97,229.27,74.36,4.12,0.32,393.0,49416
2026-03-01 08:09:00,-0.92,-0.70,4.09,217.14,74.21,4.25,0.54,400.2,40782
2026-03-01 08:10:00,-1.49,-0.55,4.02,200.30,68.44,4.32,0.18,399.9,58031
2026-03-01 08:11:00,-1.89,-1.60,3.59,220.26,55.32,4.36,0.17,386.9,29076
2026-03-01 08:12:00,-1.39,-1.20,3.85,220.92,64.52,4.27,0.11,395.0,46359
2026-03-01 08:13:00,-0.06,-0.37,4.02,259.98,84.71,4.04,0.21,396.5,51561
2026-03-01 08:14:00,0.16,-0.25,4.01,303.47,85.76,4.02,0.32,396.0,52799
2026-03-01 08:15:00,0.24,-0.46,3.95,297.88,82.55,3.98,0.31,396.0,47424
2026-03-01 08:16:00,-0.16,-0.25,4.07,237.22,85.88,4.08,0.31,398.5,45991
2026-03-01 08:17:00,0.45,-0.66,3.89,304.40,78.44,3.97,0.34,401.9,55823
2026-03-01 08:18:00,1.16,-1.12,3.55,316.15,65.56,3.89,0.26,392.8,45362
2026-03-01 08:19:00,0.29,-0.39,4.04,306.78,83.08,4.07,0.14,380.0,22160
2026-03-01 08:20:00,-0.29,-0.44,4.19,236.84,82.84,4.22,0.28,393.5,42804
2026-03-01 08:21:00,-0.54,-0.58,3.98,227.01,78.84,4.06,0.37,428.5,52236
2026-03-01 08:22:00,-0.24,-0.73,3.91,251.53,78.91,3.99,0.38,426.6,50809
2026-03-01 08:23:00,0.72,-1.72,3.50,292.59,61.88,3.96,0.56,390.5,23702
2026-03-01 08:24:00,0.88,-1.78,3.43,296.41,59.92,3.97,0.28,388.7,66598
2026-03-01 08:25:00,1.35,-1.57,3.29,310.71,57.76,3.89,0.27,387.4,50695
2026-03-01 08:26:00,1.24,-1.48,3.41,310.06,60.46,3.92,0.27,388.3,46281
2026-03-01 08:27:00,1.28,-1.75,3.26,306.12,56.33,3.91,0.30,390.6,39689
2026-03-01 08:28:00,1.36,-1.74,3.24,307.93,55.71,3.92,0.36,395.4,69916
2026-03-01 08:29:00,1.01,-1.64,3.50,301.51,61.17,3.99,0.37,399.1,68826
2026-03-01 08:30:00,1.28,-1.20,3.58,316.63,63.87,3.98,0.36,400.2,61446
2026-03-01 08:31:00,1.29,-0.82,3.55,327.74,66.71,3.87,0.30,391.1,40086
2026-03-01 08:32:00,1.23,-0.93,3.50,322.76,66.26,3.83,0.32,394.0,52681
2026-03-01 08:33:00,0.66,-1.31,3.61,296.59,67.94,3.90,0.32,395.1,53212
2026-03-01 08:34:00,1.94,-0.60,2.63,342.83,52.28,3.32,0.37,385.6,45207
2026-03-01 08:35:00,2.43,-0.47,2.39,349.03,44.02,3.44,0.60,373.6,84751
2026-03-01 08:36:00,0.79,-0.94,3.45,310.02,70.44,3.66,0.49,376.8,89670
2026-03-01 08:37:00,0.32,-1.30,3.90,283.67,71.04,4.13,0.31,395.3,41379
2026-03-01 08:38:00,0.30,-1.33,3.89,282.51,70.67,4.12,0.26,389.4,38971
2026-03-01 08:39:00,0.44,-0.31,4.00,325.13,82.37,4.04,0.37,398.4,51733
2026-03-01 08:40:00,0.37,-0.17,3.98,335.07,84.20,4.00,0.70,416.3,96740
2026-03-01 08:43:00,-0.83,-1.05,3.93,231.69,71.17,4.15,0.30,386.5,25827
2026-03-01 08:44:00,-0.71,-0.90,4.07,231.56,74.24,4.23,0.24,387.1,21895
2026-03-01 08:45:00,-1.02,-0.82,4.04,218.71,72.03,4.25,0.29,389.2,28415
2026-03-01 08:46:00,-0.82,-0.73,4.06,221.41,74.86,4.21,0.29,388.1,27494
2026-03-01 08:47:00,-0.78,0.04,4.08,176.94,79.12,4.16,0.18,390.1,29700
2026-03-01 08:48:00,-0.88,0.38,4.07,156.51,76.79,4.18,0.21,391.7,33105
2026-03-01 08:49:00,-0.64,0.99,3.97,123.06,73.45,4.14,0.38,390.8,35355
2026-03-01 08:50:00,-0.30,0.62,4.02,115.47,80.26,4.08,0.43,392.1,40060
2026-03-01 08:51:00,-0.54,-0.85,3.99,237.54,75.77,4.11,0.42,390.1,30438
2026-03-01 08:52:00,-0.67,-1.12,3.93,239.03,71.56,4.14,0.29,386.5,22252
2026-03-01 08:54:00,-1.20,-2.14,3.37,240.73,53.86,4.17,0.32,,
2026-03-01 08:55:00,-0.62,-0.96,3.84,237.37,73.45,4.01,0.32,390.4,35260
2026-03-01 08:56:00,-0.86,-0.61,3.99,215.15,75.24,4.13,0.42,387.7,36972
2026-03-01 08:57:00,-0.81,-1.15,3.78,234.92,69.58,4.03,0.45,391.7,42071
2026-03-01 08:58:00,-0.14,-1.90,3.31,265.65,60.08,3.82,0.43,390.3,39236
2026-03-01 08:59:00,-0.43,-1.71,3.17,255.99,60.94,3.63,0.49,390.3,50147
2026-03-01 09:00:00,0.21,-0.85,-1.29,283.88,-56.00,1.56,0.98,391.0,80398
2026-03-01 09:01:00,0.05,-1.26,-3.09,272.27,-67.80,3.34,1.86,384.2,65403
2026-03-01 09:02:00,-0.52,-1.79,-3.40,253.88,-61.23,3.88,2.20,385.1,42515
2026-03-01 09:03:00,-0.52,-1.68,-3.61,252.93,-63.95,4.01,2.42,388.5,41259
2026-03-01 09:04:00,-0.43,-1.53,-3.61,254.38,-66.20,3.95,2.52,389.6,44744
2026-03-01 09:05:00,-0.07,-0.47,-3.82,261.27,-82.95,3.85,2.43,387.9,41233
2026-03-01 09:06:00,-0.14,-0.39,-3.89,250.53,-83.87,3.91,2.53,382.0,39732
2026-03-01 09:07:00,0.00,-1.18,-3.71,270.21,-72.35,3.89,2.55,380.8,42621
2026-03-01 09:08:00,-0.08,-1.28,-3.71,266.63,-70.88,3.93,2.63,382.3,42879
2026-03-01 09:09:00,-0.12,-1.43,-3.74,265.11,-69.00,4.00,2.56,384.9,46257
2026-03-01 09:10:00,-0.18,-1.35,-3.72,262.22,-69.90,3.97,2.86,386.4,45129
2026-03-01 09:11:00,0.19,-1.16,-3.59,279.20,-71.83,3.78,2.33,388.8,42215
2026-03-01 09:12:00,0.06,-0.68,-3.46,274.82,-78.93,3.53,3.05,381.1,44668
2026-03-01 09:13:00,-0.82,-1.03,-3.55,231.40,-69.69,3.79,2.51,389.4,45691
2026-03-01 09:14:00,-0.87,-1.45,-3.68,238.99,-65.36,4.05,2.43,392.3,45387
2026-03-01 09:15:00,-0.47,0.00,-3.89,179.64,-83.07,3.92,2.61,391.8,41749
2026-03-01 09:16:00,-1.61,-1.43,-3.66,221.55,-59.61,4.25,2.75,394.7,45514
2026-03-01 09:17:00,-2.42,-1.99,-3.18,219.39,-45.39,4.46,2.74,401.0,47162
2026-03-01 09:18:00,-2.85,-1.54,-3.17,208.49,-44.39,4.53,2.73,406.5,44794
2026-03-01 09:19:00,-2.03,-2.17,-3.24,227.01,-47.46,4.40,2.55,403.8,41302
2026-03-01 09:20:00,-2.07,-2.42,-3.13,229.40,-44.54,4.47,2.48,400.2,41617
2026-03-01 09:21:00,-1.76,-1.67,-3.62,223.54,-56.22,4.36,2.65,400.3,44380
2026-03-01 09:22:00,-1.42,-1.00,-3.91,215.22,-66.01,4.28,2.64,397.9,44076
2026-03-01 09:23:00,-1.06,-1.08,-3.92,225.60,-68.86,4.20,2.40,394.9,42398
2026-03-01 09:24:00,-0.88,-1.14,-3.91,232.34,-69.68,4.16,2.46,393.3,42155
2026-03-01 09:25:00,-1.26,-1.26,-3.86,224.99,-65.20,4.25,2.83,392.5,44614
2026-03-01 09:28:00,-1.14,-0.94,-3.88,219.47,-69.20,4.15,2.43,394.0,40591
2026-03-01 09:29:00,-1.16,-1.13,-3.84,224.26,-67.15,4.17,2.49,392.6,39415
2026-03-01 09:30:00,-1.86,-1.38,-3.66,216.67,-57.68,4.33,2.65,397.3,43502
2026-03-01 09:31:00,-1.68,-1.59,-3.69,223.47,-57.88,4.36,2.73,395.8,43036
2026-03-01 09:32:00,-1.96,-1.86,-3.48,223.64,-52.21,4.41,2.88,397.1,42924
2026-03-01 09:33:00,-1.38,-1.62,-3.67,229.66,-59.87,4.24,2.53,396.2,40560
2026-03-01 09:34:00,-1.08,-1.83,-3.64,239.56,-59.73,4.21,2.51,393.2,40716
2026-03-01 09:35:00,-0.76,-1.85,-3.70,247.50,-61.63,4.20,2.84,389.1,43169
2026-03-01 09:36:00,-0.30,-2.23,-3.46,262.28,-56.99,4.12,2.93,386.0,42791
2026-03-01 09:37:00,-0.97,-2.04,-3.42,244.50,-56.48,4.10,2.96,389.4,42595
2026-03-01 09:38:00,-1.94,-1.72,-3.57,221.55,-54.00,4.42,3.07,397.5,44713
2026-03-01 09:39:00,-1.83,-1.84,-3.53,225.20,-53.66,4.38,2.90,401.0,43729
2026-03-01 09:40:00,-1.44,-1.85,-3.64,232.07,-57.26,4.33,3.07,401.6,47927
2026-03-01 09:41:00,-1.91,-2.04,-3.47,226.92,-51.12,4.46,3.14,393.7,53413
2026-03-01 09:42:00,-2.87,-2.16,-2.93,217.02,-39.18,4.63,2.85,404.1,45919
2026-03-01 09:43:00,-3.14,-2.21,-2.65,215.08,-34.58,4.66,2.87,411.0,40504
2026-03-01 09:44:00,-3.11,-1.97,-2.88,212.40,-38.03,4.67,2.72,412.2,40272
2026-03-01 09:45:00,-2.49,-2.35,-2.99,223.40,-41.08,4.55,2.54,408.6,35374
2026-03-01 09:46:00,-2.20,-2.36,-3.13,226.97,-44.10,4.50,2.79,405.3,41878
2026-03-01 09:47:00,-2.04,-2.35,-3.27,228.94,-46.38,4.51,2.72,400.0,40133
2026-03-01 09:48:00,-1.91,-2.27,-3.32,229.83,-48.23,4.45,2.44,397.8,35747
2026-03-01 09:49:00,-1.80,-2.17,-3.37,230.34,-50.12,4.39,2.67,397.1,40194
2026-03-01 09:50:00,-1.98,-2.72,-2.93,234.02,-41.02,4.46,2.56,399.1,39325
2026-03-01 09:51:00,-2.01,-2.61,-2.93,232.39,-41.64,4.41,2.47,399.0,37618
2026-03-01 09:52:00,-2.60,-1.95,-3.10,216.77,-43.63,4.49,2.74,404.8,40253
2026-03-01 09:53:00,-1.54,-1.79,-3.67,229.29,-57.27,4.36,2.85,406.7,43390
2026-03-01 09:54:00,-1.14,-1.40,-3.74,231.02,-64.20,4.15,2.43,393.7,40425
2026-03-01 09:55:00,-0.25,1.00,-3.72,103.86,-74.60,3.86,1.79,388.8,31122
2026-03-01 09:56:00,-0.80,-0.01,-4.11,180.44,-78.96,4.19,1.83,384.4,35342
2026-03-01 09:57:00,-0.48,0.85,-3.98,119.69,-76.22,4.10,1.70,387.4,35267
2026-03-01 10:03:00,-0.16,-0.30,-4.06,241.26,-85.20,4.08,2.58,386.6,35822
2026-03-01 10:04:00,-1.65,-0.06,-3.91,182.16,-67.06,4.24,2.81,398.7,44604
2026-03-01 10:05:00,-1.63,-0.50,-4.09,197.09,-67.32,4.43,2.74,398.6,44058
2026-03-01 10:06:00,-2.93,0.33,-3.66,173.54,-51.13,4.71,2.77,403.0,41245
2026-03-01 10:07:00,-3.13,0.24,-3.57,175.58,-48.66,4.76,2.78,410.8,39134
2026-03-01 10:08:00,-3.47,0.31,-3.41,174.92,-44.39,4.88,2.81,415.0,38784
2026-03-01 10:09:00,-2.96,0.91,-3.64,162.98,-49.62,4.78,2.87,414.2,38690
2026-03-01 10:10:00,-1.43,-0.08,-3.87,183.14,-69.64,4.13,2.52,408.1,35632
2026-03-01 10:11:00,-0.13,-3.63,-1.76,268.01,-25.83,4.03,1.96,399.8,35754
2026-03-01 10:12:00,-1.34,-3.87,-1.88,250.88,-24.62,4.51,2.13,386.4,39867
2026-03-01 10:13:00,-1.07,-3.72,-2.22,254.02,-29.80,4.46,2.52,391.0,40599
2026-03-01 10:14:00,-1.32,-3.93,-1.87,251.45,-24.34,4.55,2.39,390.0,43294
2026-03-01 10:15:00,-1.19,-3.15,-2.86,249.31,-40.34,4.42,2.31,392.1,44124
2026-03-01 10:16:00,-1.05,-2.05,-3.78,242.97,-58.64,4.42,2.81,387.0,40253
2026-03-01 10:17:00,-0.32,-0.77,-4.11,247.28,-78.57,4.19,2.27,386.6,34050
2026-03-01 10:18:00,-0.97,-1.75,-3.51,240.86,-60.31,4.04,2.09,383.5,38923
2026-03-01 10:19:00,-1.82,-2.29,-3.29,231.51,-48.37,4.40,2.43,393.0,41369
2026-03-01 10:20:00,-1.70,-0.61,-4.07,199.87,-66.03,4.45,2.78,397.1,45506
2026-03-01 10:21:00,-1.64,-1.37,-3.59,219.80,-59.25,4.17,2.46,396.1,44792
2026-03-01 10:22:00,-2.28,-2.56,-3.05,228.38,-41.68,4.59,2.54,396.3,42458
2026-03-01 10:23:00,-2.61,-2.55,-2.78,224.35,-37.28,4.58,2.81,400.5,43871
2026-03-01 10:24:00,-2.63,-3.33,-1.92,231.73,-24.38,4.66,2.63,403.5,43818
2026-03-01 10:25:00,-2.09,-3.39,-2.17,238.28,-28.59,4.54,2.49,402.6,42447
2026-03-01 10:26:00,-1.66,-3.69,-1.94,245.73,-25.57,4.49,2.63,400.1,43631
2026-03-01 10:27:00,-1.52,-3.38,-2.38,245.74,-32.73,4.41,2.48,396.3,42740
2026-03-01 10:28:00,-1.73,-2.97,-2.86,239.68,-39.75,4.47,2.50,394.4,45046
2026-03-01 10:29:00,-2.03,-2.59,-3.12,231.98,-43.44,4.53,2.78,398.5,42930
2026-03-01 10:30:00,-1.97,-2.66,-3.13,233.49,-43.43,4.56,2.71,399.9,40820
2026-03-01 10:31:00,-1.99,-2.63,-3.13,232.87,-43.50,4.55,2.74,397.2,40956
2026-03-01 10:34:00,-2.36,-2.66,-2.91,228.39,-39.32,4.59,2.76,405.8,40887
2026-03-01 10:35:00,-2.01,-3.11,-2.73,237.07,-36.37,4.60,2.68,402.1,40752
2026-03-01 10:36:00,-2.14,-2.99,-2.67,234.51,-36.00,4.55,2.64,401.5,40501
2026-03-01 10:37:00,-2.14,-2.94,-2.63,233.88,-35.87,4.49,2.61,401.8,43399
2026-03-01 10:38:00,-2.22,-2.80,-2.75,231.56,-37.49,4.51,2.73,401.7,44224
2026-03-01 10:39:00,-2.35,-2.73,-2.79,229.26,-37.82,4.56,2.72,402.6,42596
2026-03-01 10:40:00,-1.91,-3.09,-2.61,238.26,-35.71,4.47,2.63,400.7,41668
2026-03-01 10:41:00,-1.74,-3.14,-2.61,240.92,-36.02,4.44,2.56,398.9,43393
2026-03-01 10:42:00,-1.86,-2.91,-2.80,237.45,-39.00,4.45,2.55,402.6,45067
2026-03-01 10:43:00,-2.43,-2.57,-2.74,226.57,-37.84,4.47,2.75,405.4,42818
2026-03-01 10:44:00,-3.06,-1.77,-2.96,210.09,-39.91,4.61,2.77,408.0,41874
2026-03-01 10:45:00,-3.36,-1.60,-2.85,205.56,-37.47,4.69,3.11,410.9,39274
2026-03-01 10:46:00,-3.46,-1.72,-2.71,206.46,-35.10,4.72,2.40,412.5,33270
2026-03-01 10:47:00,-3.70,-1.79,-2.37,205.86,-30.02,4.75,2.89,412.1,37958
2026-03-01 10:48:00,-3.61,-1.72,-2.53,205.46,-32.34,4.74,2.86,414.0,39146
2026-03-01 10:49:00,-3.72,-1.48,-2.54,201.75,-32.37,4.74,2.79,412.6,38573
2026-03-01 10:50:00,-3.74,-1.85,-2.34,206.26,-29.30,4.79,2.78,413.6,39275
2026-03-01 10:51:00,-3.40,-2.38,-2.26,215.03,-28.54,4.72,2.69,412.6,35749
2026-03-01 10:52:00,-2.74,-2.83,-2.41,225.87,-31.41,4.62,2.62,406.2,31457
2026-03-01 10:53:00,-3.11,-2.59,-2.33,219.83,-29.89,4.67,2.69,406.4,33403
2026-03-01 10:54:00,-2.71,-2.54,-2.69,223.11,-35.85,4.59,2.79,406.5,37728
2026-03-01 10:55:00,-2.55,-1.98,-3.21,217.86,-44.80,4.56,2.78,404.4,40266
2026-03-01 10:56:00,-3.22,-3.13,-1.49,224.17,-18.36,4.73,2.57,405.2,40343
2026-03-01 10:57:00,-3.11,-2.92,-1.88,223.21,-23.72,4.66,2.49,408.5,39147
2026-03-01 10:58:00,-3.26,-2.80,-1.86,220.69,-23.41,4.68,2.66,410.4,38717
2026-03-01 10:59:00,-3.38,-2.60,-2.08,217.57,-26.03,4.74,2.65,410.8,39255
2026-03-01 11:00:00,-3.39,-2.74,-1.87,218.93,-23.23,4.74,2.67,410.3,37440
2026-03-01 11:01:00,-3.17,-3.55,-0.60,228.29,-7.20,4.80,2.11,408.0,33119
2026-03-01 11:02:00,-3.22,-3.40,-0.92,226.63,-11.14,4.77,2.02,407.5,36525
2026-03-01 11:03:00,-3.06,-3.53,-1.03,229.06,-12.43,4.78,2.27,408.4,38566
2026-03-01 11:04:00,-3.00,-3.64,-0.65,230.47,-7.82,4.76,1.98,406.6,38328
2026-03-01 11:07:00,-2.96,-3.01,-1.97,225.46,-25.04,4.65,2.66,404.8,37687
2026-03-01 11:08:00,-2.87,-3.09,-1.91,227.16,-24.35,4.63,2.43,403.6,36895
2026-03-01 11:09:00,-3.04,-3.25,-1.47,226.89,-18.27,4.68,2.21,403.5,36418
2026-03-01 11:10:00,-2.99,-3.32,-1.34,228.02,-16.73,4.67,2.25,402.0,34762
2026-03-01 11:11:00,-2.84,-3.47,-1.29,230.70,-16.07,4.66,2.19,399.9,33587
2026-03-01 11:12:00,-3.12,-3.27,-1.31,226.38,-16.19,4.71,2.05,401.0,36258
2026-03-01 11:13:00,-3.25,-2.58,-2.27,218.51,-28.74,4.73,2.28,403.9,36628
2026-03-01 11:14:00,-3.05,-2.16,-2.82,215.26,-37.05,4.68,2.92,405.0,34556
2026-03-01 11:15:00,-3.03,-2.05,-2.91,214.09,-38.57,4.67,3.27,405.3,39230
2026-03-01 11:16:00,-2.82,-2.20,-2.93,217.99,-39.33,4.62,2.73,405.1,36946
2026-03-01 11:17:00,-2.92,-1.27,-3.34,203.43,-46.40,4.62,2.92,404.2,41549
2026-03-01 11:18:00,-2.69,-1.86,-3.23,214.66,-44.65,4.60,2.95,406.1,38735
2026-03-01 11:19:00,-2.75,-1.74,-3.31,212.33,-45.53,4.64,2.74,405.4,34791
2026-03-01 11:20:00,-2.77,-1.81,-3.21,213.10,-44.16,4.61,2.98,406.3,35786
2026-03-01 11:21:00,-2.70,-2.07,-3.13,217.40,-42.59,4.62,2.74,405.6,34845
2026-03-01 11:22:00,-2.59,-1.93,-3.17,216.80,-44.46,4.52,2.77,404.9,33287
2026-03-01 11:23:00,-2.86,-1.53,-3.11,208.19,-43.78,4.50,2.62,402.5,35203
2026-03-01 11:24:00,-2.90,-2.21,-2.70,217.37,-36.54,4.54,2.69,405.5,35021
2026-03-01 11:25:00,-2.93,-2.11,-2.82,215.79,-37.95,4.58,2.74,407.4,35733
2026-03-01 11:26:00,-3.17,-1.83,-2.79,210.00,-37.25,4.60,2.83,408.1,36022
2026-03-01 11:27:00,-3.01,-2.29,-2.59,217.25,-34.40,4.58,2.73,405.9,33916
2026-03-01 11:28:00,-2.65,-3.02,-2.15,228.79,-28.17,4.56,2.50,402.8,31947
2026-03-01 11:29:00,-2.44,-2.57,-2.71,226.46,-37.41,4.46,2.46,401.7,33027
2026-03-01 11:30:00,-2.33,-2.50,-2.86,226.98,-39.92,4.45,2.58,401.3,34847
2026-03-01 11:31:00,-2.42,-2.67,-2.69,227.77,-36.78,4.49,2.62,400.8,34141
2026-03-01 11:32:00,-2.46,-2.56,-2.71,226.05,-37.38,4.47,2.70,401.6,34612
2026-03-01 11:33:00,-2.64,-2.58,-2.61,224.34,-35.34,4.52,3.00,402.6,38245
2026-03-01 11:34:00,-2.77,-2.61,-2.54,223.34,-33.78,4.57,2.62,403.5,34437
2026-03-01 11:35:00,-2.94,-2.72,-2.23,222.80,-29.16,4.58,2.67,406.9,34523
2026-03-01 11:36:00,-2.83,-2.86,-2.20,225.29,-28.64,4.59,2.49,406.0,32796
2026-03-01 11:37:00,-2.85,-2.68,-2.36,223.22,-31.06,4.57,2.58,406.9,33866
2026-03-01 11:40:00,-2.67,-3.29,0.20,230.97,2.72,4.24,0.35,395.2,44965
2026-03-01 11:41:00,-2.23,-3.46,1.73,237.21,22.82,4.47,0.42,401.9,46210
2026-03-01 11:42:00,-0.71,-3.44,2.37,258.38,34.03,4.24,0.38,395.1,34376
2026-03-01 11:43:00,-0.89,-3.16,2.54,254.25,37.69,4.15,0.57,395.9,28179
2026-03-01 11:44:00,-0.97,-3.88,1.65,256.04,22.39,4.33,0.81,394.4,30262
2026-03-01 11:45:00,-1.73,-4.01,0.59,246.69,7.70,4.40,0.67,386.6,31110
2026-03-01 11:46:00,-2.45,-3.72,0.29,236.56,3.68,4.46,0.57,397.4,34136
2026-03-01 11:47:00,-2.56,-3.86,-0.38,236.39,-4.71,4.65,0.98,407.5,35668
2026-03-01 11:48:00,-2.80,-2.89,-2.02,225.91,-26.67,4.50,1.78,402.6,36211
2026-03-01 11:49:00,-2.81,-1.36,-3.21,205.72,-45.82,4.48,2.87,404.5,38749
2026-03-01 11:50:00,-3.27,-0.67,-3.17,191.65,-43.57,4.60,2.47,407.9,35437
2026-03-01 11:51:00,-2.98,-0.77,-3.33,194.55,-47.24,4.53,2.90,411.8,31022
2026-03-01 11:52:00,-3.20,-0.78,-3.21,193.70,-44.25,4.60,2.58,404.9,32985
2026-03-01 11:53:00,-3.82,-0.19,-2.87,182.91,-36.91,4.78,3.05,415.0,34391
2026-03-01 11:54:00,-3.77,-0.26,-3.01,183.92,-38.57,4.83,2.86,417.4,34644
2026-03-01 11:55:00,-3.64,-0.35,-3.01,185.43,-39.45,4.74,2.90,416.5,32436
2026-03-01 11:56:00,-3.67,-0.71,-2.93,190.96,-38.14,4.75,2.71,415.9,33486
2026-03-01 11:57:00,-3.80,-0.53,-2.90,187.99,-37.03,4.81,2.86,414.8,33912
2026-03-01 11:58:00,-4.10,-0.79,-2.55,190.97,-31.45,4.89,2.85,417.7,32925
2026-03-01 11:59:00,-4.10,-0.80,-2.52,191.08,-31.07,4.88,2.84,419.8,31734
2026-03-01 12:00:00,-4.37,-0.60,-2.45,187.78,-29.04,5.05,2.88,419.0,31820
2026-03-01 12:01:00,-4.64,-0.74,-1.82,189.07,-21.20,5.04,2.75,419.8,32133
2026-03-01 12:02:00,-4.71,-0.81,-1.62,189.76,-18.73,5.05,1.91,415.1,25079
2026-03-01 12:03:00,-1.01,-2.67,-1.61,249.24,-29.48,3.28,1.22,403.6,62842
2026-03-01 12:04:00,0.06,-3.77,-1.64,270.86,-23.46,4.11,3.34,408.9,183452
2026-03-01 12:05:00,-1.01,-3.71,-1.79,254.75,-24.99,4.24,1.75,373.8,31219
2026-03-01 12:06:00,-0.62,-3.56,-1.16,260.09,-17.80,3.80,0.52,377.1,20053
2026-03-01 12:07:00,1.44,-3.50,-0.54,292.31,-8.12,3.82,2.45,402.9,149770
2026-03-01 12:08:00,0.91,-3.80,-0.01,283.53,-0.15,3.90,0.95,363.2,36661
2026-03-01 12:09:00,0.18,-4.02,0.54,272.54,7.61,4.06,0.63,371.8,28676
2026-03-01 12:10:00,-0.56,-4.13,0.50,262.34,6.83,4.20,0.20,377.0,14402
2026-03-01 12:11:00,0.13,-4.02,0.78,271.83,11.03,4.10,0.64,380.8,49747
2026-03-01 12:12:00,-0.90,-3.97,1.43,257.26,19.34,4.31,0.79,381.6,60193
2026-03-01 12:13:00,-0.81,-3.94,1.43,258.46,19.56,4.27,0.11,373.6,19311
2026-03-01 12:14:00,-1.43,-4.01,1.21,250.44,15.82,4.43,0.41,376.8,26301
2026-03-01 12:15:00,-1.06,-3.82,1.31,254.51,18.30,4.18,0.51,385.6,32330
2026-03-01 12:16:00,-1.17,-4.13,0.13,254.12,1.71,4.29,0.57,389.4,32146
2026-03-01 12:17:00,-1.38,-4.08,0.82,251.34,10.80,4.38,0.61,384.6,27117
2026-03-01 12:18:00,-2.44,-3.68,1.35,236.44,16.97,4.62,0.35,386.0,29052
2026-03-01 12:19:00,-3.13,-3.26,1.25,226.20,15.50,4.69,0.39,402.4,47083
2026-03-01 12:20:00,-3.13,-3.06,1.75,224.29,21.79,4.71,0.58,416.1,54295
2026-03-01 12:21:00,-3.13,-3.00,1.61,223.78,20.41,4.62,0.20,394.5,66609
2026-03-01 12:22:00,-4.02,-2.23,1.76,209.02,20.99,4.92,0.23,393.2,51282
2026-03-01 12:23:00,-4.10,-2.16,1.68,207.74,19.88,4.93,0.17,400.5,140869
2026-03-01 12:24:00,-4.12,-2.21,1.50,208.26,17.77,4.91,0.16,385.9,38029
2026-03-01 12:25:00,-3.98,-2.16,1.93,208.45,23.12,4.92,0.15,385.4,55245
2026-03-01 12:26:00,-4.19,-1.75,1.91,202.62,22.77,4.93,0.22,385.7,60343
2026-03-01 12:27:00,-4.28,-1.69,1.77,201.53,21.09,4.93,0.57,422.9,73222
2026-03-01 12:28:00,-4.06,-0.95,2.14,193.14,27.20,4.68,0.38,439.6,39515
2026-03-01 12:29:00,-3.96,-1.38,1.81,199.25,23.30,4.57,0.16,400.7,28542
2026-03-01 12:30:00,-4.17,-1.49,1.31,199.67,16.51,4.62,0.51,405.4,85169
2026-03-01 12:31:00,-3.70,-1.80,1.90,205.97,24.79,4.53,0.78,432.0,91950
2026-03-01 12:32:00,-4.63,-1.34,0.83,196.14,9.76,4.89,0.61,428.7,72121
2026-03-01 12:33:00,-4.47,-1.38,1.41,197.18,16.71,4.89,0.44,420.5,98975
2026-03-01 12:34:00,-4.54,-1.02,1.48,192.64,17.63,4.88,0.43,425.8,122720
2026-03-01 12:35:00,-4.74,-0.71,1.18,188.54,13.81,4.93,0.40,423.4,116113
2026-03-01 12:36:00,-4.71,-0.79,1.24,189.57,14.49,4.94,0.41,419.0,79059
2026-03-01 12:37:00,-4.60,-0.90,1.54,191.03,18.18,4.93,0.22,390.5,36722
2026-03-01 12:38:00,-4.58,-0.74,1.62,189.22,19.20,4.91,0.39,415.3,108877
2026-03-01 12:39:00,-4.64,-0.50,1.28,186.20,15.35,4.84,0.41,423.1,127805
2026-03-01 12:40:00,-4.63,-0.65,1.21,188.03,14.48,4.83,0.49,421.8,95684
2026-03-01 12:41:00,-4.49,-1.08,1.40,193.58,16.83,4.82,0.65,433.7,99493
2026-03-01 12:42:00,-3.68,-1.87,1.92,206.96,24.87,4.56,0.37,420.4,100910
2026-03-01 12:43:00,-1.86,-2.65,0.99,234.88,16.94,3.39,1.62,403.6,50765
2026-03-01 12:44:00,-1.71,-1.34,2.86,218.02,52.78,3.59,0.72,383.9,27136
2026-03-01 12:45:00,-3.16,-2.36,2.27,216.75,29.89,4.55,0.23,377.6,23297
2026-03-01 12:46:00,-3.43,-2.16,2.19,212.19,28.42,4.61,0.36,408.0,83748
2026-03-01 12:47:00,-3.35,-2.12,2.29,212.40,30.04,4.58,0.35,421.0,110699
2026-03-01 12:48:00,-3.34,-2.53,1.54,217.05,20.17,4.46,0.37,419.5,102581
2026-03-01 12:49:00,-3.62,-1.07,2.28,196.55,31.17,4.41,0.31,412.2,60305
2026-03-01 12:50:00,-2.19,-2.81,-0.78,232.03,-12.40,3.65,0.78,418.4,57508
2026-03-01 12:51:00,-2.38,-3.25,-0.18,233.76,-2.61,4.03,1.62,394.3,46230
2026-03-01 12:52:00,-1.69,-3.81,-0.06,246.09,-0.89,4.17,0.50,382.0,17601
2026-03-01 12:53:00,-1.56,-3.56,0.96,246.29,13.86,4.00,1.40,389.1,31061
2026-03-01 12:54:00,-2.46,-3.36,0.75,233.77,10.20,4.23,0.47,398.8,28167
2026-03-01 12:55:00,-2.25,-3.65,-0.07,238.37,-0.97,4.29,0.49,393.7,47935
2026-03-01 12:56:00,-2.92,-3.16,-0.63,227.28,-8.36,4.35,0.78,393.4,32385
2026-03-01 12:57:00,-2.39,-3.35,-1.00,234.48,-13.69,4.24,1.22,403.5,37464
2026-03-01 12:58:00,-2.53,-3.11,-1.44,230.86,-19.78,4.26,1.38,400.2,34139
2026-03-01 12:59:00,-2.63,-3.20,-1.36,230.61,-18.19,4.36,1.11,388.4,17776
2026-03-01 13:00:00,-3.16,-2.74,-1.07,220.92,-14.33,4.31,1.50,408.9,37417
2026-03-01 13:01:00,-3.11,-2.67,-1.13,220.64,-15.46,4.25,1.82,412.4,38166
2026-03-01 13:02:00,-1.93,-2.80,-1.97,235.43,-30.09,3.94,2.77,408.0,53324
2026-03-01 13:03:00,-1.86,-2.60,-1.79,234.49,-29.28,3.67,2.83,394.3,44372
2026-03-01 13:04:00,-3.05,-2.51,-1.30,219.44,-18.26,4.15,2.24,391.6,30207
2026-03-01 13:05:00,-3.97,-1.74,-0.60,203.71,-7.85,4.38,1.98,406.6,38017
2026-03-01 13:06:00,-3.64,-0.92,-0.95,194.24,-14.18,3.87,1.72,410.1,36440
2026-03-01 13:07:00,-3.37,-0.90,-1.17,195.03,-18.54,3.68,1.76,405.5,43819
2026-03-01 13:08:00,-3.72,-1.14,-0.98,197.03,-14.17,4.02,1.54,410.2,59983
2026-03-01 13:09:00,-3.39,-1.13,-1.45,198.48,-22.09,3.85,2.03,416.6,50546
2026-03-01 13:10:00,-3.41,-0.77,-1.84,192.72,-27.83,3.95,2.30,415.8,55140
2026-03-01 13:11:00,-3.68,-0.14,-1.61,182.24,-23.58,4.02,1.78,397.2,21116
2026-03-01 13:12:00,-4.04,-0.07,-1.07,181.01,-14.86,4.18,2.29,423.9,59218
2026-03-01 13:13:00,-3.87,-0.57,-1.24,188.42,-17.63,4.10,2.72,423.4,68422
2026-03-01 13:14:00,-3.73,-0.75,-1.52,191.42,-21.77,4.10,1.69,407.2,41145
2026-03-01 13:15:00,-3.81,-0.74,-1.64,191.05,-22.92,4.21,2.08,413.6,56002
2026-03-01 13:16:00,-3.77,-0.94,-1.80,193.98,-24.83,4.28,2.35,415.3,48968
2026-03-01 13:17:00,-3.68,-0.90,-1.98,193.67,-27.54,4.27,2.23,407.5,30910
2026-03-01 13:18:00,-2.72,-1.73,-2.23,212.44,-34.69,3.92,2.14,403.4,23851
2026-03-01 13:19:00,-2.14,-1.07,-1.77,206.45,-36.44,2.98,3.33,387.7,23819
2026-03-01 13:20:00,-2.49,-1.24,-2.31,206.52,-39.67,3.61,2.82,401.5,61274
2026-03-01 13:21:00,-2.52,-1.12,-2.25,204.08,-39.18,3.56,2.24,414.0,80871
2026-03-01 13:22:00,-2.74,-0.54,-2.36,191.14,-40.16,3.66,2.60,409.5,45066
2026-03-01 13:23:00,-3.05,-0.15,-2.52,182.74,-39.48,3.96,2.98,412.1,52497
2026-03-01 13:24:00,-3.74,1.08,-1.60,163.94,-22.34,4.20,2.17,407.1,35234
2026-03-01 13:25:00,-3.95,1.19,-1.24,163.23,-16.76,4.31,2.09,411.8,41101
2026-03-01 13:26:00,-4.06,1.11,-0.94,164.76,-12.54,4.31,1.10,388.6,
2026-03-01 13:27:00,-4.10,1.18,-0.83,163.94,-11.02,4.34,2.31,432.2,61483
2026-03-01 13:28:00,-4.16,1.65,-0.28,158.35,-3.64,4.48,2.83,429.3,61246
2026-03-01 13:29:00,-2.99,2.36,0.68,141.69,10.10,3.87,2.29,417.0,42901
2026-03-01 13:30:00,-4.01,0.45,-1.11,173.55,-15.38,4.19,1.60,401.2,24158
2026-03-01 13:31:00,-4.06,0.73,-0.61,169.88,-8.47,4.17,2.94,425.4,62006
2026-03-01 13:32:00,-4.37,1.11,-0.41,165.70,-5.16,4.53,2.62,423.1,50063
2026-03-01 13:33:00,-4.38,1.02,-0.04,166.88,-0.48,4.50,1.84,418.0,51164
2026-03-01 13:34:00,-4.08,1.70,-0.18,157.36,-2.32,4.42,1.60,418.8,62364
2026-03-01 13:35:00,-4.01,1.97,-0.25,153.79,-3.26,4.48,1.83,420.7,57460
2026-03-01 13:36:00,-3.75,2.38,0.09,147.56,1.17,4.44,2.17,420.4,46831
2026-03-01 13:37:00,-3.30,2.52,1.27,142.62,16.97,4.34,2.31,414.3,38696
2026-03-01 13:38:00,-3.58,2.48,0.56,145.29,7.28,4.39,2.18,411.2,42186
2026-03-01 13:39:00,-2.90,2.75,1.37,136.52,18.89,4.23,1.99,418.9,64438
2026-03-01 13:40:00,-2.98,2.44,1.91,140.71,26.32,4.30,1.79,412.0,51748
2026-03-01 13:41:00,-3.07,2.17,2.10,144.76,29.24,4.30,0.92,404.2,47649
2026-03-01 13:42:00,-3.23,1.95,2.17,148.88,29.95,4.35,0.86,401.7,46512
2026-03-01 13:43:00,-2.95,2.27,2.00,142.36,28.22,4.22,0.84,406.1,49701
2026-03-01 13:44:00,-1.97,-0.59,2.67,196.71,52.34,3.37,0.95,402.7,66907
2026-03-01 13:45:00,0.67,-2.00,0.60,288.43,15.77,2.19,1.52,389.2,30429
2026-03-01 13:46:00,1.53,-2.57,0.12,300.72,2.32,2.99,1.91,382.6,69331
2026-03-01 13:47:00,1.33,-2.85,0.52,295.10,9.43,3.19,1.07,382.9,104819
2026-03-01 13:48:00,1.68,-2.85,0.37,300.50,6.43,3.32,0.69,371.9,76600
2026-03-01 13:49:00,1.75,-3.01,0.46,300.15,7.62,3.51,0.59,361.9,81267
2026-03-01 13:50:00,1.82,-3.00,0.34,301.22,5.52,3.52,0.50,362.8,74513
2026-03-01 13:51:00,1.69,-3.11,0.70,298.49,11.25,3.61,0.45,365.6,62424
2026-03-01 13:52:00,1.95,-2.89,0.58,304.03,9.44,3.54,0.42,353.9,68152
2026-03-01 13:53:00,1.88,-2.95,0.45,302.51,7.41,3.53,0.47,356.9,84873
2026-03-01 13:54:00,2.03,-2.81,0.50,305.93,8.21,3.50,0.50,363.6,100874
2026-03-01 13:55:00,2.28,-2.57,0.45,311.59,7.51,3.46,0.43,363.5,78037
2026-03-01 13:56:00,2.49,-2.25,-0.11,317.89,-1.83,3.36,0.55,350.7,77528
2026-03-01 13:57:00,2.60,-2.24,-0.09,319.14,-1.47,3.43,0.75,349.7,69058
2026-03-01 13:58:00,2.65,-2.34,0.14,318.57,2.26,3.53,0.59,353.1,90206
2026-03-01 13:59:00,2.56,-2.42,-0.51,316.60,-8.25,3.55,0.62,348.3,75617
2026-03-01 14:00:00,2.46,-2.48,-0.64,314.73,-10.42,3.55,0.74,347.3,29679
2026-03-01 14:01:00,2.30,-2.61,-0.66,311.49,-10.69,3.54,0.85,355.5,47499
2026-03-01 14:02:00,2.24,-2.77,-0.21,308.90,-3.32,3.57,0.80,358.4,70394
2026-03-01 14:03:00,2.22,-2.80,-0.21,308.43,-3.38,3.58,0.50,360.2,78161
2026-03-01 14:04:00,1.63,-1.84,-1.83,311.62,-36.70,3.07,0.60,358.5,55212
2026-03-01 14:05:00,1.74,-1.17,-2.62,326.17,-51.27,3.35,1.90,355.9,34053
2026-03-01 14:06:00,2.01,-2.23,-1.89,312.07,-32.28,3.55,2.35,355.9,25774
2026-03-01 14:07:00,2.06,-2.38,-1.55,310.87,-26.22,3.51,1.74,353.6,22129
2026-03-01 14:08:00,2.18,-2.68,-1.05,309.06,-16.84,3.61,1.36,354.2,43775
2026-03-01 14:09:00,2.09,-2.75,-0.96,307.18,-15.56,3.59,1.28,357.5,64349
2026-03-01 14:10:00,2.17,-2.62,-1.17,309.63,-19.02,3.60,1.13,355.8,48963
2026-03-01 14:11:00,2.33,-2.43,-1.19,313.85,-19.43,3.57,1.22,355.2,45165
2026-03-01 14:12:00,2.38,-2.37,-1.06,315.15,-17.59,3.52,1.19,352.4,44817
2026-03-01 14:13:00,2.32,-2.35,-0.98,314.64,-16.43,3.45,1.30,350.3,41115
2026-03-01 14:14:00,2.72,-2.16,-0.85,321.62,-13.78,3.58,1.15,348.7,46348
2026-03-01 14:15:00,2.72,-2.11,-0.76,322.09,-12.51,3.53,1.09,345.6,44658
2026-03-01 14:16:00,2.60,-2.04,-0.82,321.93,-13.99,3.41,1.00,351.7,72077
2026-03-01 14:17:00,2.33,-2.18,-1.05,316.96,-18.22,3.36,2.36,354.5,30822
2026-03-01 14:18:00,2.38,-1.96,-1.40,320.49,-24.47,3.39,1.39,352.4,39793
2026-03-01 14:19:00,2.02,-2.43,-1.39,309.76,-23.74,3.45,1.39,353.1,41932
2026-03-01 14:20:00,1.70,-2.97,-0.94,299.80,-15.29,3.55,1.15,356.5,32760
2026-03-01 14:21:00,1.72,-2.95,-1.06,300.21,-17.26,3.57,1.12,359.3,34340
2026-03-01 14:22:00,1.15,-3.45,-0.28,288.41,-4.42,3.64,0.91,359.2,38290
2026-03-01 14:23:00,1.95,-1.70,-2.02,319.00,-38.03,3.28,1.37,355.6,44680
2026-03-01 14:24:00,1.81,-1.90,-2.06,313.56,-38.15,3.34,1.97,352.9,49888
2026-03-01 14:27:00,2.27,-2.21,-0.85,315.66,-15.01,3.28,0.95,344.4,44837
2026-03-01 14:28:00,2.57,-1.73,-1.19,326.16,-21.03,3.32,1.01,353.7,54723
2026-03-01 14:29:00,2.43,-1.87,-1.40,322.41,-24.60,3.37,1.92,348.3,52981
2026-03-01 14:30:00,2.13,-2.37,-1.28,311.99,-21.88,3.43,1.50,344.2,40174
2026-03-01 14:31:00,2.03,-2.26,-1.43,311.93,-25.22,3.36,1.69,344.8,41146
2026-03-01 14:32:00,2.30,-1.76,-1.52,322.52,-27.64,3.27,1.60,348.3,45234
2026-03-01 14:33:00,1.82,-2.31,-1.31,308.24,-24.02,3.23,1.65,346.5,47206
2026-03-01 14:34:00,1.93,-2.27,-1.52,310.32,-27.02,3.34,1.25,342.7,21651
2026-03-01 14:35:00,1.98,-2.27,-1.37,311.10,-24.41,3.31,1.45,352.3,54154
2026-03-01 14:36:00,2.23,-1.96,-1.50,318.67,-26.71,3.33,1.57,352.9,57606
2026-03-01 14:37:00,2.24,-1.92,-1.47,319.49,-26.44,3.29,1.65,351.5,44735
2026-03-01 14:38:00,2.24,-1.96,-1.36,318.91,-24.58,3.27,1.54,350.9,39112
2026-03-01 14:39:00,2.23,-2.15,-1.15,316.02,-20.37,3.30,1.40,350.5,44878
2026-03-01 14:40:00,2.02,-2.39,-1.00,310.27,-17.73,3.29,1.31,350.1,48802
2026-03-01 14:41:00,1.20,-3.13,-1.02,291.05,-16.98,3.50,1.35,351.1,42230
2026-03-01 14:42:00,1.49,-2.89,-1.17,297.34,-19.72,3.45,1.51,356.2,39270
2026-03-01 14:43:00,0.43,-3.66,-0.66,276.70,-10.21,3.75,1.44,364.2,42370
2026-03-01 14:44:00,0.46,-3.62,-0.93,277.32,-14.34,3.76,1.15,367.7,24375
2026-03-01 14:45:00,0.97,-3.33,-0.96,286.31,-15.54,3.60,1.43,363.4,33247
2026-03-01 14:46:00,1.18,-3.25,-0.96,289.95,-15.49,3.59,1.20,357.7,30499
2026-03-01 14:47:00,1.28,-3.10,-1.23,292.37,-20.16,3.57,1.42,359.4,35012
2026-03-01 14:48:00,1.45,-2.78,-1.55,297.56,-26.31,3.50,1.43,356.1,30738
2026-03-01 14:49:00,1.33,-2.65,-1.85,296.64,-32.00,3.49,1.66,357.1,28635
2026-03-01 14:50:00,1.24,-2.63,-1.92,295.29,-33.41,3.48,2.35,362.0,37736
2026-03-01 14:51:00,1.42,-2.83,-1.37,296.72,-23.41,3.45,1.84,355.3,33506
2026-03-01 14:52:00,1.59,-2.77,-1.13,299.92,-19.50,3.39,1.68,354.7,37679
2026-03-01 14:53:00,1.58,-2.69,-1.22,300.44,-21.43,3.35,1.34,355.1,52297
2026-03-01 14:54:00,1.64,-2.56,-1.72,302.60,-29.57,3.49,1.92,355.1,51987
2026-03-01 14:55:00,1.78,-2.58,-1.43,304.53,-24.55,3.45,1.99,353.9,40804
2026-03-01 14:56:00,1.83,-2.61,-1.39,304.93,-23.55,3.48,1.56,353.0,37589
2026-03-01 14:57:00,1.84,-2.61,-1.35,305.16,-22.84,3.47,1.56,353.4,40772
2026-03-01 14:58:00,1.76,-2.71,-1.11,302.98,-19.03,3.42,1.36,353.0,47327
2026-03-01 14:59:00,1.98,-2.29,-1.45,310.88,-25.62,3.36,1.47,353.7,51385
2026-03-01 15:00:00,1.68,-2.25,-1.77,306.81,-32.17,3.32,1.75,353.7,54355
2026-03-01 15:01:00,1.75,-2.33,-1.75,306.87,-31.02,3.40,1.51,344.8,18848
2026-03-01 15:02:00,1.62,-2.26,-1.84,305.60,-33.51,3.34,2.27,356.6,59857
2026-03-01 15:03:00,1.75,-2.27,-1.87,307.73,-33.10,3.42,2.04,355.5,48369
2026-03-01 15:04:00,1.97,-2.26,-1.55,311.07,-27.40,3.37,2.09,354.1,42691
2026-03-01 15:05:00,1.91,-2.53,-1.52,307.01,-25.60,3.52,1.54,350.4,45239
2026-03-01 15:06:00,1.84,-2.54,-1.52,305.96,-25.91,3.49,1.64,352.7,48255
2026-03-01 15:07:00,1.80,-2.66,-1.40,304.06,-23.60,3.51,1.44,352.6,41203
2026-03-01 15:08:00,1.67,-2.82,-1.37,300.64,-22.68,3.55,1.20,346.0,30466
2026-03-01 15:09:00,1.45,-2.96,-1.14,296.06,-19.01,3.49,1.31,351.4,50505
2026-03-01 15:10:00,1.22,-3.21,-0.96,290.83,-15.53,3.57,1.33,358.7,63549
2026-03-01 15:11:00,1.31,-3.13,-0.86,292.68,-14.26,3.49,1.25,360.7,55467
2026-03-01 15:12:00,1.91,-2.32,-1.18,309.39,-21.49,3.23,1.44,356.9,43820
2026-03-01 15:13:00,1.94,-1.96,-2.04,314.68,-36.49,3.43,1.82,351.7,38636
2026-03-01 15:14:00,1.41,-2.40,-2.11,300.42,-37.23,3.50,2.07,352.9,37945
2026-03-01 15:15:00,1.78,-2.21,-2.10,308.77,-36.46,3.53,1.99,354.5,36073
2026-03-01 15:16:00,1.83,-2.30,-1.90,308.49,-32.97,3.50,1.44,349.1,33935
2026-03-01 15:17:00,1.86,-2.63,-1.46,305.37,-24.38,3.54,1.88,358.8,52690
2026-03-01 15:18:00,1.71,-1.15,-2.62,326.09,-51.81,3.33,1.21,351.1,42674
2026-03-01 15:19:00,0.83,-2.41,1.19,288.98,25.02,2.81,2.27,352.0,35868
2026-03-01 15:20:00,0.39,-3.19,1.79,276.98,29.10,3.67,0.73,363.9,37895
2026-03-01 15:21:00,0.20,-3.42,1.41,273.42,22.37,3.71,1.00,367.0,49073
2026-03-01 15:22:00,-0.18,-3.53,1.44,267.10,22.19,3.81,1.11,375.4,46578
2026-03-01 15:23:00,1.32,-3.18,0.34,292.54,5.72,3.46,0.89,368.1,43924
2026-03-01 15:24:00,1.42,-3.13,0.30,294.35,4.99,3.45,1.02,360.1,67016
2026-03-01 15:25:00,1.30,-3.21,0.49,292.02,8.01,3.50,0.92,360.5,67538
2026-03-01 15:26:00,1.15,-3.28,0.44,289.25,7.16,3.51,0.87,362.0,67087
2026-03-01 15:27:00,0.37,-3.38,1.10,276.18,17.84,3.57,0.68,359.2,44218
2026-03-01 15:28:00,0.59,-3.42,0.69,279.75,11.23,3.54,0.74,366.1,41702
2026-03-01 15:29:00,0.75,-3.26,1.17,282.95,19.20,3.55,1.04,374.9,57805
2026-03-01 15:30:00,0.97,-3.19,1.02,286.90,16.95,3.48,0.96,370.2,40937
2026-03-01 15:31:00,0.65,-3.43,0.28,280.80,4.59,3.51,1.12,359.8,34176
2026-03-01 15:32:00,0.57,-3.47,-0.15,279.40,-2.40,3.52,1.23,361.3,36764
2026-03-01 15:33:00,0.26,-3.57,-0.71,274.11,-11.20,3.65,1.66,368.0,45846
2026-03-01 15:34:00,0.33,-3.51,-0.60,275.38,-9.67,3.58,1.44,365.5,26947
2026-03-01 15:35:00,-0.15,-3.49,-1.04,267.49,-16.50,3.65,1.79,360.5,19755
2026-03-01 15:36:00,-0.53,-3.30,-1.54,260.81,-24.66,3.68,2.42,369.5,32589
2026-03-01 15:37:00,-1.00,-3.65,-0.61,254.66,-9.07,3.84,1.61,370.7,17413
2026-03-01 15:38:00,-0.66,-3.35,-1.63,258.86,-25.44,3.79,2.72,370.9,26023
2026-03-01 15:39:00,0.09,-3.61,-0.59,271.51,-9.23,3.65,2.33,368.2,20257
2026-03-01 15:40:00,0.41,-3.60,-0.36,276.52,-5.69,3.64,1.72,365.6,31841
2026-03-01 15:41:00,0.48,-3.47,-0.97,277.89,-15.39,3.64,1.51,364.7,28852
2026-03-01 15:42:00,0.35,-3.59,-0.92,275.61,-14.22,3.73,1.04,355.4,22380
2026-03-01 15:43:00,0.20,-3.64,-0.53,273.08,-8.25,3.69,1.43,360.5,26755
2026-03-01 15:44:00,0.38,-3.66,-0.18,275.91,-2.80,3.69,1.73,370.7,35279
2026-03-01 15:45:00,0.26,-3.47,-0.90,274.36,-14.50,3.59,1.28,368.5,31812
2026-03-01 15:46:00,-0.43,-3.59,-1.65,263.22,-24.54,3.98,1.59,366.9,18283
2026-03-01 15:47:00,-1.04,-3.54,-1.67,253.57,-24.32,4.05,2.41,367.8,17452
2026-03-01 15:48:00,-0.70,-3.36,-2.05,258.28,-30.90,4.00,2.91,370.4,27271
2026-03-01 15:49:00,-0.40,-3.34,-2.06,263.25,-31.42,3.95,3.04,371.3,30093
2026-03-01 15:50:00,-0.28,-3.30,-2.08,265.08,-32.16,3.91,1.71,360.2,
2026-03-01 15:51:00,-0.23,-3.26,-2.13,266.02,-33.09,3.90,2.99,370.7,24293
2026-03-01 15:52:00,-0.26,-2.84,-2.30,264.71,-38.91,3.66,2.85,367.5,22953
2026-03-01 15:53:00,-0.24,-3.06,-2.34,265.43,-37.30,3.86,2.84,364.9,25431
2026-03-01 15:54:00,-0.31,-3.20,-2.09,264.54,-33.01,3.83,2.86,365.1,18846
2026-03-01 15:55:00,0.12,-3.24,-1.84,272.09,-29.61,3.73,2.59,365.6,22463
2026-03-01 15:56:00,0.65,-3.26,-1.48,281.18,-23.98,3.64,2.10,360.6,25051
2026-03-01 15:57:00,0.55,-3.21,-1.62,279.74,-26.49,3.63,1.42,355.8,17943
2026-03-01 15:58:00,1.00,-2.79,-1.86,289.61,-32.02,3.50,2.14,359.9,35014
2026-03-01 16:00:00,1.25,-2.82,-1.49,293.89,-25.77,3.42,2.01,357.8,32498
2026-03-01 18:35:00,-0.60,-4.02,0.35,261.50,4.97,4.08,1.77,367.6,34392
2026-03-01 18:36:00,-0.67,-4.11,0.33,260.68,4.47,4.18,1.49,372.1,30854
2026-03-01 18:37:00,-0.84,-4.13,-0.06,258.47,-0.84,4.22,1.57,372.9,30773
2026-03-01 18:38:00,-0.35,-4.03,-0.57,265.01,-8.00,4.08,2.25,374.5,33545
2026-03-01 18:39:00,-0.14,-4.05,-0.58,268.02,-8.09,4.09,2.53,371.1,36566
2026-03-01 18:40:00,-0.38,-4.12,-0.68,264.75,-9.30,4.19,1.88,365.6,26126
2026-03-01 18:41:00,0.49,-3.89,-0.95,277.12,-13.65,4.03,1.95,365.3,29163
2026-03-01 18:42:00,0.18,-3.87,-1.28,272.72,-18.22,4.08,3.20,367.8,45688
2026-03-01 18:43:00,0.07,-4.05,-0.90,270.93,-12.52,4.14,3.15,370.1,22184
2026-03-01 18:44:00,1.08,-3.68,-0.84,286.29,-12.36,3.93,2.23,366.6,28486
2026-03-01 18:45:00,1.30,-3.71,-0.57,289.34,-8.28,3.98,1.66,355.4,35169
2026-03-01 18:46:00,1.60,-3.42,-0.99,295.12,-14.75,3.90,2.16,361.3,56732
2026-03-01 18:47:00,1.76,-3.25,-1.07,298.47,-16.09,3.85,2.37,354.1,46813
2026-03-01 18:48:00,1.83,-2.93,-1.64,301.98,-25.36,3.83,2.00,349.1,45679
2026-03-01 18:49:00,1.97,-2.44,-1.83,308.89,-30.20,3.63,1.99,349.0,45660
2026-03-01 18:50:00,1.69,-3.08,-1.45,298.78,-22.45,3.81,2.87,355.3,43944
2026-03-01 18:51:00,1.96,-2.88,-1.09,304.23,-17.44,3.65,2.23,355.0,57573
2026-03-01 18:52:00,1.97,-2.93,-0.91,303.97,-14.46,3.65,1.85,348.0,39760
2026-03-01 18:53:00,2.08,-3.06,-0.54,304.17,-8.25,3.74,2.35,355.0,68011
2026-03-01 18:54:00,2.20,-2.89,-0.78,307.27,-12.13,3.72,2.66,357.8,70464
2026-03-01 18:55:00,2.12,-3.04,-0.68,304.90,-10.38,3.77,2.40,356.3,57171
2026-03-01 18:56:00,2.20,-3.10,-0.52,305.44,-7.79,3.84,2.27,354.9,55686
2026-03-01 18:57:00,2.23,-3.02,-0.90,306.40,-13.49,3.86,2.43,354.2,59399
2026-03-01 18:58:00,2.20,-2.81,-1.22,308.11,-18.92,3.77,2.47,355.7,63374
2026-03-01 18:59:00,2.29,-2.67,-1.40,310.62,-21.61,3.79,2.50,352.4,49565
2026-03-01 19:00:00,2.27,-2.65,-1.25,310.58,-19.71,3.71,2.73,350.0,38473
2026-03-01 19:01:00,1.10,-4.15,-0.38,284.88,-5.10,4.31,3.25,360.5,76740
2026-03-01 19:02:00,1.35,-3.97,-0.29,288.76,-3.93,4.20,2.91,359.7,56919
2026-03-01 19:03:00,1.49,-3.89,-0.44,290.90,-5.98,4.19,2.01,356.1,44066
2026-03-01 19:04:00,1.71,-3.69,-0.25,294.86,-3.57,4.08,2.30,360.4,48435
2026-03-01 19:05:00,1.92,-3.66,-0.13,297.64,-1.85,4.13,1.90,355.5,50803
2026-03-01 19:06:00,1.45,-3.88,-0.66,290.46,-9.02,4.19,2.29,357.9,50430
2026-03-01 19:07:00,1.27,-4.06,-0.52,287.35,-6.94,4.29,1.58,349.4,31539
2026-03-01 19:08:00,1.43,-4.00,-0.58,289.71,-7.73,4.29,2.53,359.2,57049
2026-03-01 19:09:00,0.98,-4.15,-0.51,283.25,-6.78,4.29,2.71,360.7,53462
2026-03-01 19:10:00,0.15,-4.43,-0.38,272.00,-4.87,4.45,2.64,362.6,37612
2026-03-01 19:11:00,0.06,-4.43,-0.43,270.75,-5.51,4.45,2.57,366.0,25921
2026-03-01 19:12:00,0.53,-4.25,-0.60,277.14,-7.95,4.32,2.72,364.6,26564
2026-03-01 19:13:00,0.55,-4.24,-0.70,277.45,-9.26,4.33,2.76,362.4,30559
2026-03-01 19:14:00,1.04,-4.18,-0.45,284.03,-6.01,4.33,2.26,361.1,25031
2026-03-01 19:15:00,1.18,-3.88,-0.27,286.97,-3.75,4.07,2.29,358.8,32414
2026-03-01 19:16:00,0.96,-3.83,-0.43,284.14,-6.21,3.97,2.57,364.2,46051
2026-03-01 19:17:00,0.06,-3.98,-0.72,270.86,-10.27,4.04,2.73,363.0,38044
2026-03-01 19:18:00,0.18,-3.75,-1.28,272.75,-18.85,3.96,2.78,366.1,21901
2026-03-01 19:19:00,-0.26,-3.29,-1.67,265.55,-26.82,3.69,3.51,363.8,27967
2026-03-01 19:20:00,-0.56,-3.02,-1.89,259.45,-31.64,3.61,3.74,367.3,43614
2026-03-01 19:21:00,-0.07,-3.46,-1.98,268.89,-29.73,3.99,4.04,364.9,22686
2026-03-01 19:22:00,0.03,-3.67,-1.98,270.54,-28.26,4.17,4.07,364.7,20759
2026-03-01 19:23:00,0.57,-3.98,-1.26,278.16,-17.41,4.22,4.24,364.3,29539
2026-03-01 19:24:00,0.79,-4.10,-0.84,280.95,-11.42,4.26,3.21,373.6,35702
2026-03-01 19:25:00,1.22,-4.04,-0.97,286.80,-12.94,4.33,2.81,367.1,38430
2026-03-01 19:26:00,1.08,-4.13,-1.13,284.66,-14.77,4.41,1.96,352.2,27694
2026-03-01 19:27:00,1.19,-4.07,-1.17,286.36,-15.48,4.40,2.14,352.2,24708
2026-03-01 19:28:00,1.13,-4.11,-1.21,285.32,-15.81,4.43,3.05,359.1,33924
2026-03-01 19:29:00,1.39,-4.01,-0.88,289.10,-11.68,4.34,2.91,357.9,33913
2026-03-01 19:30:00,1.62,-3.87,-0.75,292.77,-10.13,4.26,2.54,356.7,32868
2026-03-01 19:31:00,1.61,-3.88,-0.81,292.46,-10.96,4.28,2.87,359.5,46528
2026-03-01 19:32:00,1.52,-3.92,-0.74,291.13,-9.99,4.27,2.61,356.0,34768
2026-03-01 19:33:00,1.59,-3.90,-0.72,292.17,-9.75,4.27,2.47,356.1,35366
2026-03-01 19:34:00,1.83,-3.79,-0.28,295.72,-3.75,4.22,1.84,343.6,15857
2026-03-01 19:35:00,1.59,-3.70,-0.62,293.18,-8.76,4.08,2.41,361.9,74018
2026-03-01 19:36:00,1.93,-2.63,0.08,306.28,1.38,3.26,2.75,360.6,56928
2026-03-01 19:37:00,1.76,-2.88,-0.43,301.45,-7.26,3.40,2.63,356.1,59755
2026-03-01 19:38:00,1.68,-2.87,-0.83,300.37,-14.02,3.43,2.58,354.5,44650
2026-03-01 19:39:00,1.45,-3.81,-0.46,290.85,-6.43,4.11,2.96,355.5,45588
2026-03-01 19:40:00,1.57,-3.66,-0.78,293.20,-11.13,4.06,2.51,356.5,42874
2026-03-01 19:41:00,1.08,-2.81,-1.02,291.04,-18.73,3.18,2.15,351.7,26233
2026-03-01 19:42:00,1.05,-2.76,-0.22,290.80,-4.20,2.96,2.63,359.4,58331
2026-03-01 19:43:00,0.84,-2.91,-0.55,286.17,-10.24,3.08,2.95,361.9,72608
2026-03-01 19:44:00,0.08,-2.98,-2.04,271.52,-34.36,3.61,3.41,358.3,49921
2026-03-01 19:45:00,-0.64,-2.84,-2.13,257.29,-36.13,3.61,3.62,359.4,28596
2026-03-01 19:46:00,-0.26,-3.14,-2.06,265.26,-33.13,3.77,3.76,362.3,22159
2026-03-01 19:47:00,-0.02,-2.75,-1.54,269.58,-29.32,3.15,5.13,367.5,42860
2026-03-01 19:48:00,-0.41,-1.96,-1.46,258.04,-36.08,2.47,3.62,359.2,38065
2026-03-01 19:49:00,-0.85,-1.62,-1.64,242.34,-41.89,2.46,2.89,354.2,30239
2026-03-01 19:50:00,-0.93,-1.22,-1.40,232.72,-42.32,2.08,5.23,371.2,63730
2026-03-01 19:51:00,-0.63,-1.54,-1.43,247.78,-40.70,2.19,4.50,365.5,40076
2026-03-01 19:52:00,-1.20,-1.49,-2.32,231.08,-50.49,3.00,5.12,361.6,31003
2026-03-01 19:53:00,-1.40,-1.15,-2.48,219.26,-53.77,3.07,3.00,355.8,22550
2026-03-01 19:54:00,-1.46,-1.36,-2.18,222.81,-47.48,2.95,5.96,370.1,48376
2026-03-01 19:55:00,-2.31,1.62,-1.60,144.93,-29.53,3.24,6.51,372.8,53066
2026-03-01 19:56:00,-2.03,1.51,-0.63,143.36,-13.98,2.61,2.95,363.7,24654
2026-03-01 19:57:00,-2.05,-1.21,-2.54,210.48,-46.78,3.48,4.82,370.7,31987
2026-03-01 19:58:00,-2.33,-1.58,-2.02,214.22,-35.68,3.46,5.65,374.3,31765
2026-03-01 19:59:00,-2.17,-0.35,-2.69,189.10,-50.76,3.47,5.34,372.0,26238
2026-03-01 20:00:00,-2.01,0.01,-2.79,179.59,-54.21,3.45,3.73,363.9,19669
2026-03-01 20:01:00,-1.96,0.21,-2.86,173.94,-55.50,3.47,3.90,365.1,26693
2026-03-01 20:02:00,-2.12,0.55,-2.61,165.55,-50.09,3.41,6.54,376.6,39510
2026-03-01 20:03:00,-2.71,-1.17,-2.13,203.30,-35.88,3.64,5.43,372.4,25566
2026-03-01 20:04:00,-2.34,-1.33,-2.26,209.57,-40.06,3.52,5.30,375.1,27998
2026-03-01 20:05:00,-1.90,-2.45,-1.56,232.15,-26.69,3.47,6.25,373.9,30868
2026-03-01 20:06:00,-1.87,-2.82,-1.32,236.42,-21.27,3.64,5.50,372.1,25133
2026-03-01 20:07:00,-2.19,-2.69,-1.16,230.84,-18.52,3.66,5.08,369.5,23630
2026-03-01 20:08:00,-2.49,-2.50,-1.24,225.08,-19.39,3.74,2.10,358.4,10941
2026-03-01 20:09:00,-2.60,-2.58,-1.05,224.82,-16.06,3.81,6.01,379.4,47124
2026-03-01 20:10:00,-2.70,-1.58,-0.61,210.31,-11.06,3.18,5.83,378.8,43210
2026-03-01 20:11:00,-2.32,-2.53,0.43,227.42,7.18,3.46,5.00,373.7,37671
2026-03-01 20:12:00,-1.40,-2.89,1.24,244.06,21.18,3.44,3.95,369.1,39358
2026-03-01 20:13:00,-1.20,0.32,-2.56,164.87,-64.12,2.85,4.74,367.5,29931
2026-03-01 20:14:00,-1.12,-0.86,-2.86,217.38,-63.65,3.19,4.17,364.8,24693
2026-03-01 20:15:00,-1.45,-0.84,-2.73,210.11,-58.47,3.20,4.24,366.0,26246
2026-03-01 20:16:00,-1.87,-1.37,-2.37,216.21,-45.69,3.31,6.00,372.9,34610
2026-03-01 20:17:00,-1.46,-1.16,-2.84,218.56,-56.69,3.40,6.05,374.0,43657
2026-03-01 20:18:00,-1.57,-1.88,-2.60,230.15,-46.71,3.57,4.70,366.9,36611
2026-03-01 20:19:00,-0.69,-2.33,-2.15,253.51,-41.53,3.24,5.18,364.9,20862
2026-03-01 20:20:00,-0.02,-3.12,-1.40,269.55,-24.17,3.42,4.57,366.6,26208
2026-03-01 20:21:00,-0.65,-3.38,-1.38,259.05,-21.82,3.70,5.29,370.6,43883
2026-03-01 20:22:00,-0.53,-3.44,-1.38,261.24,-21.62,3.74,4.29,363.9,24347
2026-03-01 20:23:00,-0.31,-3.42,-1.41,264.84,-22.37,3.72,3.90,355.3,13463
2026-03-01 20:24:00,-0.27,-3.23,-1.70,265.25,-27.67,3.66,5.13,365.2,33752
2026-03-01 20:25:00,0.14,-2.45,-2.49,273.35,-45.48,3.50,5.51,362.4,23887
2026-03-01 20:26:00,0.25,-1.78,-2.90,278.01,-58.22,3.42,5.50,358.4,23351
2026-03-01 20:27:00,-0.07,-0.95,-3.12,265.88,-72.93,3.26,5.97,357.2,25037
2026-03-01 20:28:00,-0.66,-2.29,-2.45,254.01,-45.87,3.41,6.10,357.1,25484
2026-03-01 20:29:00,-0.72,-2.97,-2.07,256.39,-34.10,3.69,4.62,365.9,19045
2026-03-01 20:30:00,-0.07,-2.77,-2.30,268.64,-39.75,3.60,5.60,362.2,20895
2026-03-01 20:31:00,-0.20,-2.50,-2.67,265.47,-46.73,3.66,5.98,358.3,25805
2026-03-01 20:32:00,-0.14,-2.05,-3.03,266.19,-55.84,3.66,5.86,357.7,24808
2026-03-01 20:33:00,-0.13,-2.57,-2.26,267.20,-41.21,3.43,5.57,359.9,20974
2026-03-01 20:34:00,-0.93,-3.02,-2.02,252.89,-32.62,3.75,4.36,359.6,23366
2026-03-01 20:35:00,-0.89,-1.90,-3.13,245.00,-56.16,3.76,4.07,359.0,41176
2026-03-01 20:36:00,-0.90,-1.45,-3.28,238.12,-62.46,3.70,5.90,372.5,40777
2026-03-01 20:37:00,-0.23,-1.51,-3.24,261.31,-64.79,3.59,6.92,365.6,36996
2026-03-01 20:38:00,-0.13,-1.76,-3.17,265.74,-60.86,3.63,5.84,357.2,21925
2026-03-01 20:39:00,0.34,-1.45,-3.05,283.41,-64.00,3.39,6.31,357.8,24213
2026-03-01 20:40:00,-0.50,-1.61,-3.24,252.82,-62.46,3.65,5.08,351.2,28085
2026-03-01 20:41:00,-0.66,-1.55,-3.33,246.97,-63.17,3.73,5.13,360.1,18947
2026-03-01 20:42:00,-0.53,-2.19,-2.89,256.29,-52.10,3.66,2.23,349.7,11596
2026-03-01 20:43:00,-0.89,-2.34,-2.81,249.19,-48.26,3.76,5.02,361.6,24955
2026-03-01 20:44:00,-1.21,-2.57,-2.57,244.81,-42.19,3.83,6.10,366.5,27818
2026-03-01 20:45:00,-1.20,-2.30,-2.73,242.43,-46.40,3.77,6.05,365.9,24061
2026-03-01 20:46:00,-1.47,-2.44,-2.43,238.92,-40.47,3.75,5.56,364.9,19722
2026-03-01 20:47:00,-1.58,-2.50,-2.30,237.80,-37.82,3.74,5.59,366.0,22236
2026-03-01 20:48:00,-1.36,-2.52,-2.53,241.60,-41.40,3.82,5.48,367.1,27110
2026-03-01 20:49:00,-0.75,-2.28,-2.79,251.80,-49.37,3.68,3.91,360.9,21375
2026-03-01 20:50:00,-1.37,-2.57,-2.67,241.88,-42.46,3.95,3.67,357.8,18610
2026-03-01 20:51:00,-1.52,-2.51,-2.71,238.71,-42.68,3.99,6.65,370.3,32369
2026-03-01 20:52:00,-1.41,-2.50,-2.57,240.69,-41.87,3.86,6.03,365.6,22066
2026-03-01 20:53:00,-1.50,-2.48,-2.39,238.81,-39.47,3.76,5.56,365.5,23288
2026-03-01 20:54:00,-1.54,-2.67,-2.31,240.04,-36.77,3.85,3.66,357.9,14802
2026-03-01 20:55:00,-1.55,-2.59,-2.16,239.04,-35.58,3.71,7.39,373.4,48396
2026-03-01 20:56:00,-2.05,-2.16,-1.41,226.52,-25.31,3.29,4.70,365.6,19172
2026-03-01 20:57:00,-2.79,-2.21,-0.73,218.48,-11.57,3.63,2.72,359.7,20080
2026-03-01 20:58:00,-2.68,-2.89,-0.74,227.18,-10.66,4.01,5.15,372.2,58576
2026-03-01 20:59:00,-2.82,-3.10,-1.08,227.67,-14.46,4.32,5.27,368.0,32263
2026-03-01 21:00:00,-2.52,-3.29,-0.99,232.58,-13.46,4.26,4.98,367.0,27277
2026-03-01 21:01:00,-3.07,-3.32,-0.76,227.28,-9.50,4.59,4.90,367.4,28923
2026-03-01 21:02:00,-3.17,-3.29,-0.70,226.12,-8.76,4.62,2.98,361.9,17628
2026-03-01 21:03:00,-3.51,-3.11,-0.45,221.59,-5.52,4.71,3.62,364.4,21258
2026-03-01 21:04:00,-3.81,-2.96,0.13,217.87,1.59,4.83,4.01,365.8,25673
2026-03-01 21:05:00,-3.95,-2.76,0.66,214.91,7.77,4.86,3.88,366.3,32626
2026-03-01 21:06:00,-3.96,-2.71,0.86,214.36,10.19,4.87,4.09,368.0,36272
2026-03-01 21:07:00,-4.06,-2.65,0.98,213.14,11.43,4.94,3.83,365.5,24309
2026-03-01 21:08:00,-4.03,-2.68,1.19,213.63,13.83,4.98,2.82,361.1,24251
2026-03-01 21:09:00,-3.69,-3.02,1.13,219.25,13.38,4.90,2.08,345.8,
2026-03-01 21:11:00,-3.94,-2.65,1.36,213.97,15.98,4.94,3.88,379.9,194073
2026-03-01 21:12:00,-3.89,-2.54,1.60,213.14,19.01,4.91,3.21,367.1,38350
2026-03-01 21:13:00,-3.76,-2.43,1.88,212.94,22.78,4.85,3.20,366.9,35710
2026-03-01 21:14:00,-3.71,-2.18,2.21,210.39,27.16,4.84,2.34,357.5,33615
2026-03-01 21:15:00,-3.87,-2.44,1.94,212.19,23.01,4.97,2.30,359.7,35856
2026-03-01 21:16:00,-3.74,-2.60,1.93,214.81,22.98,4.95,1.26,348.7,24445
2026-03-01 21:17:00,-3.58,-2.60,2.15,216.00,25.90,4.92,1.94,358.0,46396
2026-03-01 21:18:00,-3.68,-2.43,2.18,213.52,26.36,4.92,3.03,365.0,61372
2026-03-01 21:19:00,-3.35,-2.70,2.28,218.85,27.97,4.87,2.93,362.7,45475
2026-03-01 21:20:00,-2.73,-3.09,2.35,228.54,29.62,4.75,2.36,358.4,30376
2026-03-01 21:21:00,-3.56,-2.48,2.14,214.79,26.27,4.84,2.25,355.5,32840
2026-03-01 21:22:00,-3.39,-2.54,2.17,216.83,27.14,4.75,2.38,357.2,36713
2026-03-01 21:23:00,-3.91,-1.16,2.75,196.52,34.03,4.92,2.49,360.3,37105
2026-03-01 21:24:00,-3.53,-1.84,2.71,207.46,34.20,4.82,2.61,361.2,41160
2026-03-01 21:25:00,-3.77,-1.43,2.72,200.82,33.99,4.86,3.05,365.5,57928
2026-03-01 21:26:00,-3.97,-1.11,2.54,195.55,31.64,4.84,2.62,361.5,34894
2026-03-01 21:27:00,-4.17,-0.60,2.44,188.21,30.05,4.86,2.37,357.0,40319
2026-03-01 21:28:00,-3.86,-1.00,2.67,194.46,33.84,4.80,1.96,355.6,31054
2026-03-01 21:29:00,-3.76,-0.56,2.85,188.48,36.87,4.75,2.93,363.8,44511
2026-03-01 21:30:00,-3.92,-0.41,2.69,185.95,34.31,4.77,2.69,363.2,39504
2026-03-01 21:31:00,-3.86,0.14,2.91,177.89,37.00,4.84,2.21,352.8,31890
2026-03-01 21:32:00,-3.89,0.22,2.75,176.72,35.26,4.77,2.77,361.0,46168
2026-03-01 21:33:00,-3.79,-1.32,2.28,199.20,29.62,4.61,3.06,363.8,46662
2026-03-01 21:34:00,-3.23,-2.02,2.52,212.05,33.52,4.57,3.07,362.9,43505
2026-03-01 21:35:00,-3.36,-1.59,2.94,205.39,38.29,4.74,2.98,355.7,45404
2026-03-01 21:36:00,-3.59,-2.35,2.67,213.16,31.87,5.05,3.08,360.1,41452
2026-03-01 21:37:00,-3.62,-2.31,2.67,212.49,31.83,5.06,3.23,364.3,34470
2026-03-01 21:38:00,-3.79,-1.75,2.73,204.76,33.17,4.99,3.15,360.7,29340
2026-03-01 21:39:00,-3.74,-2.29,2.62,211.50,30.88,5.11,3.02,358.7,25862
2026-03-01 21:40:00,-3.47,-2.48,2.71,215.56,32.40,5.06,3.40,362.9,28048
2026-03-01 21:41:00,-3.22,-2.89,2.54,221.92,30.43,5.01,3.32,362.0,34661
2026-03-01 21:42:00,-2.58,-3.52,2.16,233.73,26.35,4.87,2.76,362.4,23488
2026-03-01 21:43:00,-1.74,-4.07,1.67,246.78,20.68,4.73,2.54,352.1,22495
2026-03-01 21:44:00,-1.02,-4.32,0.97,256.68,12.32,4.55,3.65,357.2,32013
2026-03-01 21:45:00,-1.21,-4.21,1.58,253.92,19.82,4.65,3.66,360.6,29352
2026-03-01 21:46:00,-3.00,-2.81,2.52,223.19,31.50,4.82,3.54,354.7,28266
2026-03-01 21:47:00,-2.35,-3.31,2.48,234.58,31.37,4.76,3.11,356.7,34140
2026-03-01 21:48:00,-1.39,-4.44,1.53,252.62,18.19,4.90,3.39,363.8,37061
2026-03-01 21:49:00,-1.47,-4.37,1.84,251.42,21.77,4.97,3.18,361.0,29873
2026-03-01 21:50:00,-1.60,-4.45,1.59,250.22,18.53,4.99,1.83,351.5,19955
2026-03-01 21:51:00,-1.69,-4.46,1.76,249.26,20.25,5.08,2.05,354.3,20120
2026-03-01 21:52:00,-1.83,-3.94,2.17,245.11,26.53,4.85,3.33,362.1,31169
2026-03-01 21:53:00,-2.54,-2.97,2.99,229.51,37.38,4.92,3.52,362.4,35347
2026-03-01 21:54:00,-2.14,-4.15,2.09,242.74,24.10,5.12,3.19,361.6,27367
2026-03-01 21:55:00,-2.22,-4.21,1.88,242.19,21.55,5.12,3.15,362.6,25373
2026-03-01 21:56:00,-1.99,-4.43,1.44,245.83,16.56,5.07,3.34,363.1,24963
2026-03-01 21:57:00,-2.04,-4.40,1.52,245.12,17.42,5.09,3.01,360.7,23558
2026-03-01 21:58:00,-1.16,-4.49,0.68,255.54,8.38,4.69,2.34,355.2,18047
2026-03-01 22:00:00,-1.62,-4.35,1.61,249.55,19.11,4.91,3.57,360.0,24803
2026-03-01 22:41:00,0.79,-4.27,-0.93,280.55,-12.09,4.44,5.67,354.3,30777
2026-03-02 02:00:00,-3.48,-0.05,4.48,180.90,52.15,5.68,4.90,349.2,26466
2026-03-02 02:12:00,-3.41,4.01,2.81,130.41,28.09,5.97,6.04,347.5,26286
2026-03-02 02:13:00,-3.13,4.38,2.23,125.55,22.52,5.83,6.04,347.7,26462
2026-03-02 02:14:00,-3.48,4.20,2.02,129.64,20.35,5.82,5.94,349.0,27709
2026-03-02 02:15:00,-3.60,4.27,1.62,130.11,16.12,5.82,5.19,348.1,26143
2026-03-02 02:16:00,-3.46,4.34,1.72,128.57,17.16,5.82,5.76,347.0,30175
2026-03-02 02:17:00,-4.39,3.96,0.36,137.95,3.51,5.93,3.97,344.3,38876
2026-03-02 02:18:00,-3.00,4.77,0.12,122.21,1.20,5.64,2.95,338.4,35785
2026-03-02 02:19:00,-3.41,4.61,-0.32,126.43,-3.22,5.74,3.19,343.3,40576
2026-03-02 02:20:00,-3.68,4.31,-0.88,130.45,-8.81,5.73,2.69,345.5,37020
2026-03-02 02:21:00,-3.82,3.50,-2.02,137.50,-21.27,5.56,2.58,345.4,45320
2026-03-02 02:22:00,-3.74,2.48,-3.18,146.45,-35.35,5.51,1.90,348.0,48195
2026-03-02 02:23:00,-4.54,2.76,-2.11,148.69,-21.61,5.71,1.72,345.7,56017
2026-03-02 02:24:00,-4.52,2.93,-2.07,147.04,-20.99,5.77,2.14,341.2,63743
2026-03-02 02:25:00,-4.88,2.30,-2.18,154.73,-21.99,5.82,2.18,340.5,67967
2026-03-02 02:26:00,-4.97,0.96,-2.71,169.12,-28.20,5.74,2.03,339.4,73306
2026-03-02 02:27:00,-4.86,0.09,-3.04,178.93,-32.06,5.73,1.86,338.7,64637
2026-03-02 02:28:00,-4.74,-0.40,-3.37,184.79,-35.33,5.83,1.64,340.1,64177
2026-03-02 02:29:00,-5.09,-0.52,-2.97,185.86,-30.09,5.92,1.53,335.9,57382
2026-03-02 02:30:00,-5.21,-0.55,-2.79,186.02,-28.08,5.94,1.49,332.0,52771
2026-03-02 02:31:00,-5.18,-1.40,-2.37,195.14,-23.85,5.87,1.56,333.2,44641
2026-03-02 02:32:00,-5.14,-2.02,-2.07,201.45,-20.55,5.90,1.56,,
2026-03-02 02:33:00,-5.31,-1.84,-1.84,199.14,-18.08,5.92,1.80,335.6,48538
2026-03-02 02:34:00,-5.46,-2.06,-1.47,200.69,-14.10,6.02,2.10,335.7,40036
2026-03-02 02:35:00,-5.41,-2.25,-1.11,202.54,-10.74,5.96,3.00,330.5,38810
2026-03-02 02:36:00,-5.47,-2.49,-0.81,204.49,-7.68,6.07,3.29,329.8,39694
2026-03-02 02:37:00,-5.34,-2.85,-0.59,208.09,-5.57,6.09,3.23,333.7,34463
2026-03-02 02:38:00,-5.31,-2.94,-0.47,208.94,-4.40,6.09,3.26,336.1,30572
2026-03-02 02:39:00,-5.19,-3.08,-0.34,210.71,-3.27,6.04,3.45,335.9,29891
2026-03-02 02:40:00,-4.90,-3.21,0.65,213.24,6.33,5.90,3.91,337.4,30507
2026-03-02 02:41:00,-4.85,-3.42,0.95,215.18,9.09,6.00,4.32,338.7,29689
2026-03-02 02:42:00,-4.57,-3.78,0.86,219.60,8.25,6.00,4.52,338.5,29029
2026-03-02 02:43:00,-4.32,-3.76,0.96,221.02,9.51,5.81,4.86,341.6,32313
2026-03-02 02:44:00,-4.26,-3.73,1.50,221.21,14.79,5.86,4.51,341.5,29777
2026-03-02 02:45:00,-4.13,-3.91,1.37,223.39,13.56,5.85,4.24,342.6,30242
2026-03-02 02:46:00,-4.08,-4.11,0.55,225.17,5.44,5.82,5.88,343.5,28447
2026-03-02 02:47:00,-4.20,-3.78,1.41,221.98,14.02,5.82,5.76,346.7,22790
2026-03-02 02:48:00,-4.03,-3.62,1.51,221.93,15.52,5.63,5.56,345.6,30338
2026-03-02 02:49:00,-3.51,-4.21,1.21,230.24,12.45,5.61,5.52,349.2,28287
2026-03-02 02:50:00,-3.16,-4.00,1.94,231.73,20.88,5.46,5.83,354.5,32183
2026-03-02 02:51:00,-3.65,-3.95,1.95,227.22,19.89,5.72,5.68,349.7,35036
2026-03-02 02:52:00,-3.61,-4.17,1.77,229.18,17.83,5.79,5.89,350.9,30024
2026-03-02 02:53:00,-3.46,-3.97,2.31,228.88,23.71,5.75,6.46,353.4,25167
2026-03-02 02:54:00,-3.97,-4.15,0.03,226.25,0.34,5.74,5.59,350.9,25811
2026-03-02 02:55:00,-4.23,-4.32,-0.27,225.66,-2.56,6.05,4.24,347.6,32014
2026-03-02 02:56:00,-4.27,-4.25,-0.19,224.91,-1.83,6.03,3.32,346.6,34392
2026-03-02 02:57:00,-3.84,-4.14,0.49,227.10,4.98,5.67,3.39,345.7,32984
2026-03-02 02:58:00,-3.13,-4.38,1.52,234.47,15.73,5.60,4.61,346.4,30658
2026-03-02 02:59:00,-4.14,-3.95,-1.04,223.65,-10.32,5.82,4.68,349.5,26960
2026-03-02 03:00:00,-4.17,-3.49,-1.68,219.98,-17.19,5.69,2.96,345.4,41695
2026-03-02 03:01:00,-4.46,-3.40,-1.20,217.37,-12.09,5.74,2.37,346.7,40220
2026-03-02 03:02:00,-4.52,-3.18,-1.25,215.11,-12.74,5.67,3.35,340.1,49137
2026-03-02 03:03:00,-4.51,-3.50,-0.29,217.78,-2.95,5.71,2.25,340.8,64413
2026-03-02 03:04:00,-3.99,-3.76,-0.91,223.30,-9.46,5.55,2.94,347.9,28449
2026-03-02 03:05:00,-4.09,-4.04,-0.95,224.66,-9.33,5.83,2.96,348.1,27840
2026-03-02 03:06:00,-4.09,-4.29,-0.94,226.39,-9.00,6.00,3.10,347.4,39703
2026-03-02 03:07:00,-4.09,-3.70,-0.97,222.13,-9.99,5.60,3.39,346.1,36581
2026-03-02 03:08:00,-3.59,-4.12,-0.57,228.95,-5.99,5.49,3.65,347.0,32647
2026-03-02 03:09:00,-3.98,-4.07,0.30,225.61,2.99,5.70,4.38,344.2,34153
2026-03-02 03:10:00,-4.15,-3.83,1.27,222.72,12.64,5.79,5.05,341.0,33866
2026-03-02 03:11:00,-2.33,-2.88,3.63,231.01,44.41,5.18,4.80,343.8,30243
2026-03-02 03:12:00,-2.08,-3.32,3.70,237.98,43.32,5.39,4.78,348.9,25424
2026-03-02 03:13:00,-2.28,-3.51,3.54,236.95,40.16,5.48,5.26,350.4,22356
2026-03-02 03:14:00,-2.52,-3.34,3.40,232.99,39.06,5.39,5.13,349.7,22472
2026-03-02 03:15:00,-3.85,-3.93,0.34,225.59,3.50,5.51,4.86,347.9,25566
2026-03-02 03:16:00,-4.18,-3.51,-1.72,220.03,-17.48,5.72,4.32,343.1,36957
2026-03-02 03:17:00,-4.17,-3.99,-1.15,223.74,-11.28,5.89,2.99,342.9,43253
2026-03-02 03:18:00,-4.04,-4.13,-0.67,225.63,-6.62,5.81,3.37,345.9,33652
2026-03-02 03:19:00,-3.96,-4.17,-0.01,226.50,-0.12,5.76,3.26,346.5,30414
2026-03-02 03:20:00,-4.27,-4.05,-0.15,223.46,-1.42,5.89,4.39,346.9,29258
2026-03-02 03:21:00,-4.59,-3.79,-0.72,219.60,-6.94,6.00,3.36,343.7,35219
2026-03-02 03:22:00,-4.41,-3.71,-0.85,220.06,-8.37,5.82,2.91,339.4,33795
2026-03-02 03:23:00,-4.25,-2.96,-2.33,214.78,-24.25,5.68,1.42,352.8,56328
2026-03-02 03:24:00,-4.26,-2.44,-2.91,209.81,-30.64,5.71,1.77,344.8,64264
2026-03-02 03:25:00,-4.20,-2.37,-3.05,209.48,-32.36,5.71,1.43,349.0,66184
2026-03-02 03:26:00,-4.40,-3.44,-1.48,218.04,-14.89,5.78,1.62,352.1,52935
2026-03-02 03:27:00,-4.18,-4.02,-0.33,223.87,-3.25,5.80,2.45,348.9,36926
2026-03-02 03:28:00,-4.60,-3.56,-0.78,217.74,-7.63,5.86,3.00,340.9,39043
2026-03-02 03:29:00,-4.65,-3.68,-0.33,218.35,-3.18,5.94,2.98,334.4,46708
2026-03-02 03:30:00,-4.87,-3.33,-0.40,214.32,-3.88,5.92,2.13,339.5,46203
2026-03-02 03:31:00,-4.73,-3.56,-0.40,216.95,-3.89,5.93,1.30,344.5,51227
2026-03-02 03:32:00,-4.70,-3.57,-0.24,217.22,-2.29,5.91,2.39,337.3,48001
2026-03-02 03:33:00,-4.93,-2.94,-0.96,210.84,-9.53,5.82,2.39,340.9,40730
2026-03-02 03:34:00,-4.83,-3.03,-0.87,212.13,-8.71,5.77,1.24,347.7,65185
2026-03-02 03:35:00,-4.88,-3.04,-0.37,211.91,-3.69,5.76,1.61,352.9,43089
2026-03-02 03:36:00,-5.04,-2.70,-0.97,208.13,-9.64,5.80,2.78,335.5,62896
2026-03-02 03:37:00,-4.95,-2.44,-1.79,206.28,-17.98,5.80,1.89,345.2,70738
2026-03-02 03:38:00,-5.00,-2.63,-1.35,207.71,-13.45,5.81,1.81,346.1,71421
2026-03-02 03:39:00,-5.03,-2.73,-1.21,208.50,-11.92,5.85,1.80,345.6,68780
2026-03-02 03:40:00,-5.08,-2.72,-0.58,208.16,-5.75,5.79,1.70,349.9,53894
2026-03-02 03:41:00,-5.31,-2.58,-0.39,205.88,-3.82,5.92,1.71,351.3,40496
2026-03-02 03:42:00,-5.27,-2.61,0.14,206.34,1.34,5.88,2.33,345.2,42225
2026-03-02 03:43:00,-5.53,-2.25,-0.03,202.18,-0.26,5.97,2.75,338.4,56386
2026-03-02 03:44:00,-5.48,-2.13,0.12,201.27,1.15,5.88,2.73,335.6,65977
2026-03-02 03:45:00,-5.80,-1.26,1.23,192.29,11.70,6.06,2.67,336.6,61087
2026-03-02 03:46:00,-5.86,-1.08,1.20,190.43,11.40,6.08,2.52,339.0,52286
2026-03-02 03:47:00,-5.80,-1.98,0.52,198.87,4.82,6.15,2.29,340.1,50562
2026-03-02 03:48:00,-5.80,-2.01,0.27,199.11,2.49,6.14,2.04,343.5,51323
2026-03-02 03:49:00,-5.76,-2.19,0.08,200.79,0.78,6.16,1.58,344.9,60970
2026-03-02 03:50:00,-5.63,-2.40,-0.11,203.07,-1.03,6.12,1.14,355.1,51995
2026-03-02 03:51:00,-5.46,-2.65,-0.54,205.88,-5.10,6.09,2.59,336.6,64717
2026-03-02 03:52:00,-5.30,-2.74,-0.48,207.32,-4.57,5.99,1.87,344.3,57560
2026-03-02 03:53:00,-5.38,-2.68,-0.48,206.44,-4.52,6.03,1.66,348.2,46728
2026-03-02 03:54:00,-5.41,-2.56,0.22,205.28,2.09,5.99,1.21,355.6,48402
2026-03-02 03:55:00,-5.42,-2.83,-0.20,207.55,-1.89,6.11,1.33,350.9,51901
2026-03-02 03:56:00,-5.32,-3.03,0.19,209.62,1.75,6.13,1.81,350.0,40242
2026-03-02 03:57:00,-5.43,-2.60,0.09,205.57,0.89,6.02,1.89,345.9,47936
2026-03-02 03:58:00,-5.55,-2.38,-0.13,203.23,-1.27,6.04,2.58,338.6,60541
2026-03-02 04:00:00,-5.70,-2.02,-0.22,199.51,-2.06,6.05,1.88,348.6,61214
2026-03-02 04:01:00,-5.81,-1.50,-0.51,194.43,-4.90,6.03,1.58,354.4,54933
2026-03-02 04:02:00,-5.95,-0.73,-0.87,186.97,-8.25,6.05,1.14,364.8,66235
2026-03-02 04:03:00,-5.97,-0.32,-0.88,183.09,-8.35,6.04,1.32,364.2,100952
2026-03-02 04:04:00,-5.56,-1.47,-0.67,194.79,-6.67,5.79,1.48,355.6,62098
2026-03-02 04:05:00,-5.22,-2.74,0.16,207.71,1.52,5.90,1.91,352.6,43867
2026-03-02 04:06:00,-5.35,-2.61,0.08,206.03,0.74,5.95,3.49,338.3,54784
2026-03-02 04:07:00,-5.31,-2.66,0.24,206.58,2.27,5.94,2.43,344.2,44864
2026-03-02 04:08:00,-5.26,-2.64,0.10,206.65,0.96,5.89,2.08,345.8,51111
2026-03-02 04:09:00,-5.48,-1.98,-0.56,199.92,-5.52,5.85,1.54,355.9,44455
2026-03-02 04:10:00,-5.52,-1.35,-1.06,193.77,-10.58,5.78,2.59,339.7,70980
2026-03-02 04:11:00,-5.37,-0.84,-1.78,188.89,-18.13,5.72,2.79,336.7,75769
2026-03-02 04:12:00,-5.20,-0.82,-1.69,188.98,-17.83,5.53,1.99,345.2,94851
2026-03-02 04:13:00,-5.34,-1.95,-0.94,200.09,-9.35,5.76,2.10,345.0,78778
2026-03-02 04:14:00,-5.23,-2.11,-1.14,201.93,-11.44,5.76,1.89,348.7,64356
2026-03-02 04:15:00,-5.43,-1.53,-1.17,195.75,-11.75,5.76,1.59,353.1,61117
2026-03-02 04:16:00,-5.50,-1.24,-1.35,192.70,-13.48,5.80,1.52,352.9,64997
2026-03-02 04:17:00,-5.52,-0.84,-1.53,188.70,-15.32,5.79,2.00,345.5,73202
2026-03-02 04:18:00,-5.47,-0.99,-1.44,190.28,-14.54,5.75,2.56,338.7,81414
2026-03-02 04:19:00,-5.34,-0.77,-1.61,188.20,-16.57,5.63,2.11,344.0,80705
2026-03-02 04:20:00,-5.24,-0.54,-1.90,185.93,-19.78,5.60,1.92,348.5,72789
2026-03-02 04:21:00,-5.19,-1.80,-1.42,199.19,-14.55,5.67,1.82,349.5,72929
2026-03-02 04:22:00,-5.14,-1.91,-1.54,200.37,-15.65,5.70,1.54,352.6,47088
2026-03-02 04:23:00,-5.02,-1.79,-1.69,199.68,-17.55,5.59,1.47,353.5,55040
2026-03-02 04:24:00,-5.00,-1.35,-1.98,195.13,-20.96,5.55,1.57,352.5,56604
2026-03-02 04:25:00,-4.92,-0.97,-2.17,191.20,-23.41,5.46,2.37,343.0,80071
2026-03-02 04:26:00,-5.01,-1.36,-2.10,195.19,-22.00,5.60,1.91,347.7,74102
2026-03-02 04:27:00,-4.89,-1.29,-2.15,194.74,-23.00,5.49,1.58,352.4,63791
2026-03-02 04:28:00,-4.75,-1.06,-2.16,192.55,-23.91,5.32,1.54,350.9,53445
2026-03-02 04:29:00,-4.81,-1.05,-2.18,192.37,-23.85,5.38,1.51,350.1,53900
2026-03-02 04:30:00,-4.82,-1.25,-1.94,194.52,-21.34,5.34,1.41,352.0,53127
2026-03-02 04:31:00,-4.78,-1.06,-2.00,192.47,-22.23,5.29,1.37,351.9,57400
2026-03-02 04:32:00,-4.52,-0.61,-2.51,187.66,-28.83,5.20,1.70,347.3,67464
2026-03-02 04:33:00,-4.44,-0.62,-2.60,187.91,-30.15,5.18,2.09,342.9,75508
2026-03-02 04:34:00,-4.47,-0.74,-2.58,189.45,-29.62,5.21,2.18,342.4,74496
2026-03-02 04:35:00,-4.84,-1.15,-1.90,193.42,-20.91,5.32,2.29,342.4,61730
2026-03-02 04:36:00,-4.40,-1.02,-2.35,193.10,-27.46,5.09,2.30,342.0,60392
2026-03-02 04:37:00,-4.53,-1.29,-1.98,195.87,-22.78,5.11,2.94,336.6,64670
2026-03-02 04:38:00,-4.63,-1.50,-1.70,197.95,-19.24,5.16,2.54,338.9,66138
2026-03-02 04:39:00,-4.53,-1.64,-1.52,199.94,-17.52,5.05,2.17,341.3,55606
2026-03-02 04:40:00,-4.80,-1.30,-1.44,195.15,-16.14,5.17,2.04,341.6,62833
2026-03-02 04:41:00,-4.75,-1.49,-1.50,197.44,-16.75,5.20,2.65,336.0,59670
2026-03-02 04:42:00,-4.79,-1.35,-1.49,195.75,-16.66,5.20,2.50,337.3,66997
2026-03-02 04:43:00,-4.78,-1.23,-1.44,194.42,-16.23,5.14,2.02,340.8,60952
2026-03-02 04:44:00,-4.86,-1.27,-1.12,194.66,-12.57,5.14,1.90,341.7,58908
2026-03-02 04:45:00,-5.01,-0.88,-1.23,189.95,-13.63,5.23,2.20,340.0,68647
2026-03-02 04:46:00,-4.87,-1.17,-1.10,193.49,-12.38,5.13,2.31,340.9,57171
2026-03-02 04:47:00,-5.39,-0.88,-1.08,189.28,-11.22,5.57,2.35,342.2,54883
2026-03-02 04:48:00,-5.39,-1.02,-0.94,190.74,-9.77,5.57,2.03,346.5,53930
2026-03-02 04:49:00,-5.17,-1.24,-0.73,193.51,-7.84,5.37,1.85,348.5,44712
2026-03-02 04:50:00,-5.05,-1.31,-0.72,194.54,-7.92,5.26,2.18,343.1,44650
2026-03-02 04:51:00,-5.07,-1.31,-0.88,194.47,-9.52,5.31,2.44,339.1,53607
2026-03-02 04:52:00,-5.24,-1.38,-1.40,194.73,-14.47,5.59,2.86,336.5,65910
2026-03-02 04:53:00,-5.23,-1.45,-1.17,195.52,-12.18,5.55,2.74,338.8,58364
2026-03-02 04:54:00,-5.12,-1.55,-1.04,196.81,-11.01,5.45,1.99,346.8,51068
2026-03-02 04:55:00,-5.26,-1.55,-1.11,196.36,-11.41,5.60,2.06,344.5,54443
2026-03-02 04:56:00,-5.27,-1.14,-0.39,192.19,-4.15,5.40,2.02,346.8,50990
2026-03-02 04:57:00,-5.22,-1.39,-0.66,194.90,-6.99,5.44,2.83,341.1,49059
2026-03-02 04:58:00,-5.22,-1.62,-1.05,197.27,-10.92,5.57,2.07,345.6,50840
2026-03-02 04:59:00,-5.31,-1.67,-0.95,197.42,-9.70,5.65,3.01,337.2,56828
2026-03-02 05:00:00,-5.27,-1.85,-0.97,199.30,-9.87,5.67,2.73,337.9,59182
2026-03-02 05:01:00,-5.25,-1.91,-1.00,200.01,-10.11,5.67,2.02,346.3,46999
2026-03-02 05:02:00,-5.20,-2.08,-0.92,201.78,-9.33,5.68,1.99,348.2,42455
2026-03-02 05:03:00,-5.20,-2.06,-0.88,201.66,-8.95,5.66,2.33,344.3,45260
2026-03-02 05:04:00,-5.14,-2.05,-1.20,201.70,-12.24,5.66,2.25,343.8,45753
2026-03-02 05:05:00,-5.07,-2.28,-0.59,204.22,-6.06,5.59,2.09,343.8,44855
2026-03-02 05:06:00,-5.08,-2.28,-0.51,204.21,-5.23,5.59,2.63,338.5,48142
2026-03-02 05:07:00,-5.01,-2.33,-0.98,204.95,-10.06,5.61,3.27,335.1,53979
2026-03-02 05:08:00,-4.94,-2.33,-1.10,205.27,-11.37,5.57,3.04,338.4,48308
2026-03-02 05:09:00,-4.90,-2.36,-1.14,205.69,-11.84,5.55,2.19,345.8,43000
2026-03-02 05:10:00,-4.82,-2.38,-1.26,206.23,-13.23,5.52,1.90,348.2,39912
2026-03-02 05:11:00,-4.77,-2.38,-1.29,206.54,-13.57,5.49,3.06,335.3,55858
2026-03-02 05:12:00,-4.57,-2.52,-0.57,208.92,-6.22,5.25,3.57,339.7,44955
2026-03-02 05:13:00,-4.52,-2.50,-0.61,208.95,-6.73,5.20,2.55,344.5,35122
2026-03-02 05:14:00,-4.58,-2.47,-0.34,208.27,-3.78,5.22,3.26,338.4,48580
2026-03-02 05:15:00,-4.59,-2.46,-0.39,208.24,-4.29,5.22,2.91,342.5,37555
2026-03-02 05:16:00,-3.47,-2.76,2.49,218.43,29.31,5.09,4.54,344.3,30806
2026-03-02 05:17:00,-3.46,-2.84,2.55,219.41,29.61,5.15,5.24,344.4,29621
2026-03-02 05:18:00,-3.39,-2.75,2.56,219.13,30.44,5.06,4.25,337.2,42995
2026-03-02 05:19:00,-3.09,-3.03,2.46,224.48,29.57,4.98,4.11,339.8,41877
2026-03-02 05:20:00,-3.07,-3.25,2.35,226.63,27.80,5.05,4.00,342.5,40286
2026-03-02 05:21:00,-2.96,-3.05,2.56,225.91,31.03,4.96,3.92,343.3,37681
2026-03-02 05:22:00,-3.08,-2.88,2.63,223.05,31.98,4.97,3.74,344.0,35187
2026-03-02 05:23:00,-3.10,-2.79,2.66,221.98,32.56,4.95,3.75,343.3,37399
2026-03-02 05:24:00,-2.88,-2.60,2.56,222.12,33.43,4.65,3.75,341.4,41201
2026-03-02 05:25:00,-3.00,-2.34,2.93,217.99,37.54,4.80,3.25,339.0,45639
2026-03-02 05:26:00,-3.04,-1.82,3.56,210.96,45.19,5.02,3.50,339.3,38641
2026-03-02 05:27:00,-0.95,0.07,4.34,176.04,77.57,4.44,3.64,336.7,47393
2026-03-02 05:28:00,-0.78,0.31,4.66,158.09,79.75,4.74,3.33,346.1,32917
2026-03-02 05:29:00,-1.23,-0.15,4.71,186.80,75.28,4.87,3.44,343.9,29838
2026-03-02 05:30:00,-1.76,-0.83,4.34,205.32,65.81,4.76,3.34,343.5,30258
2026-03-02 05:31:00,-2.03,-1.35,4.09,213.64,59.20,4.76,3.13,341.5,29631
2026-03-02 05:32:00,-1.68,-1.62,4.20,223.82,60.96,4.81,2.82,339.9,30951
2026-03-02 05:33:00,-2.03,-1.59,4.33,218.05,59.25,5.04,3.32,339.8,32241
2026-03-02 05:34:00,-2.00,-1.38,4.34,214.56,60.77,4.97,3.55,340.3,33165
2026-03-02 05:35:00,-2.11,-1.67,4.15,218.32,57.04,4.95,3.31,340.9,32228
2026-03-02 05:36:00,-2.00,-2.50,3.73,231.42,49.37,4.91,3.38,341.7,32575
2026-03-02 05:37:00,-1.73,-2.99,3.54,239.91,45.67,4.95,3.86,342.4,33753
2026-03-02 05:38:00,-1.80,-3.82,2.58,244.78,31.43,4.95,4.43,343.4,31411
2026-03-02 05:39:00,-1.89,-3.46,2.59,241.38,33.23,4.72,4.94,344.7,29076
2026-03-02 05:40:00,-1.51,-0.49,4.07,197.87,68.71,4.36,4.83,345.1,29227
2026-03-02 05:41:00,-1.28,-0.05,4.05,182.03,72.43,4.25,5.57,344.3,28885
2026-03-02 05:42:00,-1.20,0.08,4.06,176.05,73.46,4.23,6.42,342.4,25865
2026-03-02 05:43:00,-1.91,-0.63,3.95,198.38,63.04,4.43,5.92,344.5,26490
2026-03-02 05:44:00,-1.72,-0.22,4.05,187.41,66.82,4.41,5.78,343.6,23206
2026-03-02 05:45:00,-1.74,-0.05,4.10,181.55,67.00,4.46,4.40,341.5,32488
2026-03-02 05:46:00,-1.22,0.43,4.18,160.74,72.79,4.38,5.49,343.4,28073
2026-03-02 05:47:00,-1.37,0.26,4.10,169.43,71.24,4.33,5.70,344.0,26720
2026-03-02 05:48:00,-1.36,0.20,4.16,171.63,71.75,4.38,6.04,343.6,24859
2026-03-02 05:49:00,-1.39,0.27,4.20,169.06,71.44,4.43,6.22,342.6,27281
2026-03-02 05:50:00,-2.06,-0.43,4.24,191.77,63.59,4.73,6.24,342.2,28957
2026-03-02 05:51:00,-2.07,-0.58,4.19,195.74,62.78,4.71,5.23,343.0,23477
2026-03-02 05:52:00,-2.38,-1.11,4.06,204.96,57.12,4.83,5.39,342.2,27756
2026-03-02 05:53:00,-2.49,-0.95,4.10,200.96,56.99,4.89,4.92,341.8,34064
2026-03-02 05:54:00,-2.52,-0.91,4.12,199.87,56.95,4.91,4.15,342.5,35605
2026-03-02 05:55:00,-2.50,-1.01,4.10,202.01,56.74,4.91,4.84,342.0,32399
2026-03-02 05:56:00,-2.27,-1.05,4.18,204.78,59.13,4.87,4.66,342.0,24630
2026-03-02 05:57:00,-2.14,-1.13,4.20,207.70,60.04,4.85,3.59,341.6,27920
2026-03-02 05:58:00,-1.99,-1.11,4.16,209.28,61.31,4.75,3.57,339.4,32711
2026-03-02 05:59:00,-1.69,-1.00,4.29,210.60,65.45,4.72,3.34,340.7,31662
2026-03-02 06:00:00,-1.55,-0.71,4.40,204.70,68.75,4.72,3.83,339.2,28387
2026-03-02 06:01:00,-2.49,-1.11,4.06,203.97,56.10,4.89,3.72,342.3,34325
2026-03-02 06:02:00,-2.46,-1.13,4.06,204.65,56.31,4.88,4.22,338.8,27582
2026-03-02 06:03:00,-2.06,-1.22,4.24,210.60,60.62,4.87,4.02,340.7,26782
2026-03-02 06:04:00,-2.95,-3.32,2.08,228.38,25.07,4.91,4.90,339.6,29903
2026-03-02 06:05:00,-2.96,-3.51,2.01,229.85,23.62,5.01,4.91,341.3,28008
2026-03-02 06:06:00,-2.94,-2.75,2.94,223.05,36.17,4.99,4.98,341.8,25617
2026-03-02 06:07:00,-2.93,-2.92,2.83,224.92,34.37,5.01,5.09,342.0,30731
2026-03-02 06:08:00,-2.95,-3.38,2.34,228.89,27.53,5.06,5.49,342.3,33151
2026-03-02 06:09:00,-2.83,-2.16,3.27,217.37,42.57,4.84,5.14,342.3,31114
2026-03-02 06:10:00,-2.65,-1.37,3.83,207.33,52.13,4.85,3.86,342.8,32566
2026-03-02 06:11:00,-2.81,-1.53,3.89,208.61,50.61,5.04,4.38,342.1,30258
2026-03-02 06:12:00,-2.73,-1.34,3.95,206.14,52.33,4.99,4.39,342.5,29069
2026-03-02 06:13:00,-1.56,-0.44,4.61,195.75,70.61,4.89,4.15,340.6,29270
2026-03-02 06:14:00,-1.60,-0.99,4.53,211.66,67.42,4.91,3.95,340.6,30687
2026-03-02 06:15:00,-1.97,-1.07,4.41,208.56,63.05,4.95,4.09,339.5,31801
2026-03-02 06:16:00,-2.37,-1.66,4.07,214.93,54.62,5.00,3.95,339.1,32939
2026-03-02 06:17:00,-2.67,-1.91,3.69,215.61,48.32,4.94,4.10,338.2,32107
2026-03-02 06:18:00,-2.95,-1.92,3.52,213.04,44.96,4.98,4.13,339.0,29584
2026-03-02 06:19:00,-2.63,-3.01,2.71,228.82,34.12,4.83,4.08,338.9,33963
2026-03-02 06:20:00,-2.66,-2.16,3.55,219.11,46.01,4.93,4.33,341.2,32006
2026-03-02 06:21:00,-2.81,-2.31,3.54,219.42,44.26,5.08,4.20,340.8,33465
2026-03-02 06:22:00,-2.91,-1.55,3.94,208.12,50.08,5.14,4.47,341.3,34193
2026-03-02 06:23:00,-3.01,-3.30,2.07,227.63,24.87,4.93,4.76,342.1,33652
2026-03-02 06:24:00,-2.71,-4.14,0.13,236.76,1.56,4.95,3.72,336.7,39750
2026-03-02 06:25:00,-2.81,-4.44,-0.11,237.69,-1.16,5.25,3.48,338.2,35843
2026-03-02 06:26:00,-2.83,-4.45,-0.53,237.55,-5.70,5.30,3.42,339.4,30942
2026-03-02 06:27:00,-2.89,-4.22,-1.27,235.63,-13.98,5.27,4.12,337.0,34240
2026-03-02 06:28:00,-2.75,-4.29,-1.37,237.31,-15.09,5.28,3.92,337.2,34324
2026-03-02 06:29:00,-2.54,-4.50,-0.33,240.60,-3.70,5.18,3.51,339.2,30643
2026-03-02 06:30:00,-2.55,-4.17,-0.48,238.49,-5.64,4.91,4.20,342.8,31101
2026-03-02 06:31:00,-3.10,-3.75,1.21,230.44,13.91,5.01,4.80,342.3,31232
2026-03-02 06:32:00,-3.12,-3.52,1.78,228.47,20.75,5.03,4.42,342.1,29374
2026-03-02 06:33:00,-2.88,-3.23,1.94,228.30,24.16,4.74,4.08,344.7,23511
2026-03-02 06:34:00,-2.10,-2.44,2.31,229.33,35.64,3.96,4.57,346.6,30561
2026-03-02 06:35:00,-1.85,-2.20,1.35,229.89,25.06,3.18,6.55,342.0,30393
2026-03-02 06:36:00,-1.95,-2.77,0.97,234.78,16.01,3.53,7.19,344.9,29426
2026-03-02 06:37:00,-2.02,-3.03,1.04,236.27,15.99,3.79,7.02,346.0,29273
2026-03-02 06:38:00,-1.95,-2.78,1.24,235.01,20.10,3.61,7.14,346.2,28490
2026-03-02 06:39:00,-1.77,-2.99,1.31,239.33,20.72,3.71,7.16,346.2,27189
2026-03-02 06:40:00,-1.70,-3.20,1.19,242.10,18.22,3.81,6.71,345.1,26924
2026-03-02 06:41:00,-1.96,-2.85,1.73,235.45,26.54,3.87,6.61,343.8,28687
2026-03-02 06:42:00,-2.11,-2.77,1.54,232.76,23.87,3.81,7.12,343.5,31403
2026-03-02 06:43:00,-2.00,-2.68,1.64,233.25,26.12,3.73,7.21,344.5,31626
2026-03-02 06:44:00,-1.92,-2.46,1.91,232.07,31.42,3.66,7.21,345.8,27842
2026-03-02 06:45:00,-1.74,-2.35,1.94,233.37,33.58,3.51,7.68,346.3,27620
2026-03-02 06:46:00,-1.80,-2.30,2.01,231.87,34.55,3.55,6.53,345.1,28025
2026-03-02 06:47:00,-1.82,-2.14,2.27,229.66,38.93,3.61,6.81,345.3,28082
2026-03-02 06:48:00,-1.89,-2.40,2.25,231.80,36.35,3.80,6.48,343.3,26361
2026-03-02 06:49:00,-1.37,-2.23,2.77,238.38,46.65,3.81,4.55,331.5,17627
2026-03-02 06:50:00,-1.17,-2.02,3.12,239.88,53.20,3.89,6.99,344.0,38881
2026-03-02 06:51:00,-0.97,-1.64,3.12,239.48,58.66,3.65,7.47,345.4,28767
2026-03-02 06:52:00,-2.04,-2.23,2.57,227.46,40.35,3.96,6.24,342.5,24874
2026-03-02 06:53:00,-2.58,-2.37,2.46,222.62,35.08,4.29,4.29,332.5,15946
2026-03-02 06:54:00,-2.43,-2.28,2.76,223.19,39.66,4.33,5.65,337.4,31535
2026-03-02 06:55:00,-2.40,-2.17,2.89,222.18,41.72,4.34,6.88,344.0,35314
2026-03-02 06:56:00,-2.63,-2.24,3.00,220.50,40.95,4.57,6.59,343.5,25224
2026-03-02 06:57:00,-2.72,-2.32,2.93,220.49,39.38,4.62,6.62,340.5,25027
2026-03-02 06:58:00,-2.70,-2.36,2.88,221.09,38.73,4.60,6.59,341.4,25890
2026-03-02 06:59:00,-2.81,-2.09,3.12,216.70,41.67,4.69,6.36,343.0,27050
2026-03-02 07:00:00,-2.79,-1.63,3.35,210.30,46.09,4.66,5.29,339.3,23076
2026-03-02 07:01:00,-2.84,-1.55,3.36,208.67,46.06,4.67,3.13,328.7,17553
2026-03-02 07:02:00,-2.94,-1.55,3.38,207.79,45.42,4.74,6.65,340.6,38777
2026-03-02 07:03:00,-3.13,-2.05,2.97,213.20,38.43,4.78,6.82,341.3,41408
2026-03-02 07:04:00,-3.01,-1.90,3.09,212.20,40.98,4.72,6.56,341.9,30194
2026-03-02 07:05:00,-3.12,-1.99,3.00,212.51,39.04,4.76,6.26,341.6,27071
2026-03-02 07:06:00,-3.04,-1.73,3.19,209.67,42.32,4.73,6.53,340.2,25408
2026-03-02 07:07:00,-2.98,-1.60,3.25,208.17,43.91,4.69,6.02,341.2,26335
2026-03-02 07:08:00,-2.87,-1.67,3.31,210.25,44.95,4.69,3.89,332.0,21371
2026-03-02 07:09:00,-2.91,-1.66,3.33,209.74,44.82,4.73,5.95,338.2,38898
2026-03-02 07:10:00,-2.64,-1.86,3.30,215.19,45.56,4.62,7.04,343.1,38355
2026-03-02 07:11:00,-2.46,-3.05,2.67,231.17,34.24,4.74,6.85,342.9,29486
2026-03-02 07:12:00,-2.64,-2.86,2.76,227.28,35.36,4.78,6.73,342.8,27970
2026-03-02 07:13:00,-2.68,-1.75,3.48,213.10,47.36,4.73,6.56,342.9,26413
2026-03-02 07:14:00,-2.62,-1.58,3.79,211.09,51.04,4.87,6.98,342.7,23839
2026-03-02 07:15:00,-2.20,-2.80,3.10,231.90,40.99,4.72,7.62,341.8,22428
2026-03-02 07:16:00,-2.59,-1.43,3.72,208.96,51.52,4.75,8.12,344.5,28695
2026-03-02 07:17:00,-2.22,-1.94,3.60,221.16,50.68,4.65,8.96,345.5,35972
2026-03-02 07:18:00,-2.46,-1.37,3.62,209.04,52.11,4.58,8.10,341.2,26878
2026-03-02 07:19:00,-2.40,-0.28,2.71,186.58,48.34,3.63,7.14,342.0,25153
2026-03-02 07:20:00,-2.12,-0.66,2.85,197.18,52.08,3.61,7.85,343.7,29397
2026-03-02 07:21:00,-2.16,-0.63,3.02,196.26,53.33,3.76,7.52,345.7,27155
2026-03-02 07:22:00,-1.95,-0.24,2.91,186.97,56.05,3.51,7.35,346.7,25674
2026-03-02 07:23:00,-1.92,-0.25,2.84,187.54,55.66,3.44,8.14,346.3,28150
2026-03-02 07:24:00,-2.12,-0.30,2.79,188.05,52.58,3.52,9.39,349.4,40440
2026-03-02 07:25:00,-2.00,-0.39,2.73,191.07,53.18,3.40,8.18,346.8,33960
2026-03-02 07:26:00,-2.37,-0.40,2.65,189.47,47.80,3.58,8.16,345.1,28518
2026-03-02 07:27:00,-2.83,-0.32,2.46,186.49,40.77,3.77,8.52,345.5,30220
2026-03-02 07:28:00,-2.78,-0.23,2.38,184.82,40.48,3.66,8.72,347.2,34951
2026-03-02 07:29:00,-2.81,-0.05,2.51,181.11,41.83,3.77,9.24,349.4,39200
2026-03-02 07:30:00,-2.46,-0.06,2.72,181.34,47.88,3.67,8.14,346.6,32395
2026-03-02 07:31:00,-2.42,0.30,2.96,172.86,50.48,3.84,8.21,346.3,30750
2026-03-02 07:32:00,-2.10,0.62,3.05,163.56,54.26,3.75,8.26,345.3,25758
2026-03-02 07:33:00,-1.97,0.72,2.87,159.95,53.91,3.55,7.60,344.3,25786
2026-03-02 07:34:00,-1.85,0.59,2.33,162.31,50.15,3.03,7.09,345.6,27328
2026-03-02 07:35:00,-2.11,0.09,3.02,177.44,55.08,3.68,4.36,330.3,15627
2026-03-02 07:36:00,-2.27,0.28,3.33,173.06,55.57,4.04,6.78,343.3,32290
2026-03-02 07:37:00,-2.05,0.72,3.46,160.51,57.88,4.09,7.00,347.3,39017
2026-03-02 07:38:00,-1.88,0.68,3.21,160.16,58.11,3.78,7.25,346.7,29078
2026-03-02 07:39:00,-1.95,0.65,2.96,161.56,55.21,3.61,6.70,346.0,26565
2026-03-02 07:40:00,-1.93,0.74,3.00,158.96,55.47,3.64,7.08,345.5,28879
2026-03-02 07:41:00,-1.78,1.05,3.01,149.41,55.46,3.65,6.74,347.2,39110
2026-03-02 07:42:00,-1.80,1.12,3.12,147.97,55.82,3.77,4.82,336.4,24623
2026-03-02 07:43:00,-1.99,1.07,3.15,151.70,54.33,3.88,5.47,336.5,20961
2026-03-02 07:44:00,-1.89,1.12,3.21,149.34,55.67,3.89,7.51,345.5,34918
2026-03-02 07:45:00,-1.72,1.17,3.24,145.78,57.32,3.84,7.68,345.8,35661
2026-03-02 07:46:00,-1.69,1.22,3.20,144.05,56.91,3.82,7.38,344.6,28268
2026-03-02 07:47:00,-1.52,1.22,3.25,141.34,59.05,3.79,7.48,345.1,28129
2026-03-02 07:48:00,-1.40,1.44,3.23,134.30,58.12,3.80,7.03,343.7,27942
2026-03-02 07:49:00,-2.03,0.93,3.23,155.49,55.35,3.93,6.77,342.2,27570
2026-03-02 07:50:00,-2.15,0.83,3.24,158.91,54.57,3.98,4.22,330.7,15421
2026-03-02 07:51:00,-1.92,0.71,3.43,159.64,59.17,4.00,8.21,344.9,44100
2026-03-02 07:52:00,-1.83,0.59,3.60,162.13,61.85,4.09,6.97,342.4,27265
2026-03-02 07:53:00,-2.02,0.60,3.63,163.44,59.91,4.20,7.45,342.8,28451
2026-03-02 07:54:00,-2.19,0.62,3.68,164.18,58.26,4.32,7.22,342.7,24550
2026-03-02 07:55:00,-2.45,0.52,3.64,167.91,55.50,4.42,8.05,341.2,27604
2026-03-02 07:56:00,-2.81,0.92,3.31,161.78,48.23,4.44,7.35,340.7,26981
2026-03-02 07:57:00,-2.83,0.86,3.37,163.14,48.74,4.48,6.04,334.1,22457
2026-03-02 07:58:00,-2.67,0.84,3.46,162.57,51.05,4.45,6.88,336.2,30314
2026-03-02 07:59:00,-2.37,1.37,2.60,150.06,43.49,3.77,7.63,341.3,33756
2026-03-02 08:00:00,-2.43,1.38,2.44,150.34,41.12,3.71,6.92,341.6,30944
2026-03-02 08:01:00,-3.00,0.46,2.86,171.22,43.31,4.17,5.84,335.9,24532
2026-03-02 08:02:00,-3.55,-1.63,2.47,204.62,32.26,4.62,5.10,328.1,13020
2026-03-02 08:03:00,-3.85,-1.91,2.72,206.42,32.36,5.09,5.03,343.2,37201
2026-03-02 08:04:00,-3.85,-1.91,2.64,206.42,31.59,5.05,5.13,342.8,36835
2026-03-02 08:05:00,-3.75,-1.76,2.69,205.14,33.00,4.94,5.51,341.6,35531
2026-03-02 08:06:00,-3.54,-1.88,2.53,207.97,32.21,4.74,5.11,346.1,37825
2026-03-02 08:07:00,-3.68,-1.90,2.40,207.35,30.11,4.79,5.72,346.5,34960
2026-03-02 08:08:00,-2.89,-2.17,2.68,216.95,36.58,4.50,6.06,345.2,30005
2026-03-02 08:09:00,-2.86,-2.21,2.43,217.68,33.90,4.35,3.96,329.8,16713
2026-03-02 08:10:00,-2.87,-2.02,2.15,215.14,31.41,4.12,5.97,341.3,48781
2026-03-02 08:11:00,-2.82,-1.93,2.00,214.33,30.39,3.96,6.05,345.9,46037
2026-03-02 08:12:00,-2.50,-2.52,1.88,225.24,27.93,4.01,5.88,343.0,36376
2026-03-02 08:13:00,-2.73,-2.50,2.05,222.53,29.01,4.23,6.22,342.4,33596
2026-03-02 08:14:00,-2.72,-2.50,2.03,222.55,28.86,4.21,4.75,334.9,22886
2026-03-02 08:15:00,-2.73,-2.47,2.09,222.18,29.53,4.24,5.10,337.5,36002
2026-03-02 08:16:00,-2.59,-2.52,2.14,224.15,30.64,4.20,6.94,340.9,35869
2026-03-02 08:17:00,-2.46,-2.70,2.09,227.68,29.80,4.21,7.02,338.6,28508
2026-03-02 08:18:00,-2.44,-2.67,2.07,227.59,29.73,4.17,6.49,345.2,51802
2026-03-02 08:19:00,-2.40,-2.66,2.02,227.84,29.42,4.11,6.72,348.1,40772
2026-03-02 08:20:00,-2.52,-2.62,1.98,226.14,28.58,4.14,6.42,345.5,29991
2026-03-02 08:21:00,-2.41,-2.62,2.09,227.30,30.41,4.13,6.09,344.5,31544
2026-03-02 08:22:00,-2.40,-2.80,2.00,229.48,28.43,4.19,6.60,346.3,31033
2026-03-02 08:23:00,-2.41,-2.73,1.72,228.56,25.27,4.03,5.74,344.4,30107
2026-03-02 08:24:00,-2.34,-2.68,1.64,228.91,24.80,3.92,7.28,341.8,37081
2026-03-02 08:25:00,-2.16,-2.90,1.43,233.31,21.61,3.89,6.21,346.9,50382
2026-03-02 08:26:00,-2.49,-2.40,1.48,223.96,23.22,3.77,6.86,348.9,47857
2026-03-02 08:27:00,-2.68,-2.50,1.24,223.05,18.64,3.87,5.72,345.1,33965
2026-03-02 08:28:00,-2.55,-2.90,1.46,228.67,20.67,4.13,5.67,343.6,32316
2026-03-02 08:29:00,-2.75,-3.05,1.33,227.96,17.97,4.32,4.78,337.2,24781
2026-03-02 08:30:00,-3.08,-2.63,1.62,220.50,21.72,4.37,5.74,341.3,38298
2026-03-02 08:31:00,-3.36,-2.07,1.79,211.58,24.39,4.33,5.81,338.0,35045
2026-03-02 08:32:00,-3.27,-2.09,1.63,212.57,22.79,4.21,5.79,337.1,33814
2026-03-02 08:33:00,-2.84,-2.53,1.36,221.71,19.77,4.04,6.54,345.8,45192
2026-03-02 08:34:00,-2.73,-2.47,1.48,222.16,21.86,3.97,6.18,346.0,34858
2026-03-02 08:35:00,-2.97,-2.41,1.45,219.12,20.76,4.09,6.69,346.3,31783
2026-03-02 08:36:00,-3.62,-2.92,1.24,218.90,14.92,4.81,5.25,336.8,33109
2026-03-02 08:37:00,-3.57,-3.14,1.39,221.29,16.30,4.95,5.35,337.3,32913
2026-03-02 08:38:00,-3.64,-3.15,1.18,220.84,13.82,4.96,6.12,341.4,31165
2026-03-02 08:39:00,-3.68,-2.97,1.07,218.96,12.77,4.85,5.31,336.4,26078
2026-03-02 08:40:00,-3.93,-2.68,0.72,214.31,8.57,4.82,5.87,339.3,33317
2026-03-02 08:41:00,-3.95,-2.88,0.88,216.14,10.19,4.97,5.29,336.9,28811
2026-03-02 08:42:00,-3.88,-2.85,1.01,216.29,11.80,4.91,5.97,341.4,37447
2026-03-02 08:43:00,-3.89,-2.84,1.03,216.15,12.07,4.93,4.18,329.7,20640
2026-03-02 08:44:00,-3.60,-2.71,0.95,216.93,11.85,4.61,5.91,335.5,29109
2026-03-02 08:45:00,-3.54,-2.90,1.07,219.29,13.16,4.70,6.86,341.9,42566
2026-03-02 08:46:00,-3.44,-2.95,1.47,220.66,17.95,4.77,6.96,342.1,38175
2026-03-02 08:47:00,-3.41,-3.30,1.18,224.03,14.02,4.89,6.68,341.8,29634
2026-03-02 08:48:00,-2.75,-3.13,0.04,228.75,0.56,4.17,6.22,342.8,28326
2026-03-02 08:49:00,-2.13,-3.17,-0.76,236.09,-11.27,3.89,5.83,343.2,29933
2026-03-02 08:50:00,-2.89,-3.35,0.13,229.17,1.63,4.43,4.97,337.7,25324
2026-03-02 08:51:00,-2.89,-3.08,0.24,226.83,3.26,4.23,4.45,330.6,18772
2026-03-02 08:52:00,-3.16,-3.02,0.76,223.70,9.87,4.44,6.33,343.7,37172
2026-03-02 08:53:00,-3.29,-3.04,1.03,222.70,12.91,4.59,6.13,346.4,45019
2026-03-02 08:54:00,-3.26,-2.93,1.24,221.92,15.76,4.56,6.06,341.6,33024
2026-03-02 08:55:00,-3.56,-2.52,1.37,215.30,17.49,4.57,5.97,343.4,34277
2026-03-02 08:56:00,-3.77,-1.86,1.57,206.28,20.52,4.49,5.70,342.5,34947
2026-03-02 08:57:00,-3.72,-1.94,1.84,207.49,23.72,4.58,5.53,343.2,35818
2026-03-02 08:58:00,-3.81,-1.74,2.11,204.55,26.80,4.69,3.62,330.9,23206
2026-03-02 08:59:00,-3.92,-1.41,2.24,199.81,28.25,4.73,6.44,339.2,46478
2026-03-02 09:00:00,-3.99,-1.24,2.21,197.21,27.89,4.73,6.37,341.6,37371
2026-03-02 09:01:00,-3.93,-1.99,1.70,206.87,21.05,4.72,5.90,341.7,32183
2026-03-02 09:02:00,-3.93,-2.26,1.55,209.92,18.92,4.79,5.41,335.3,28879
2026-03-02 09:03:00,-3.92,-2.55,1.52,212.97,17.98,4.92,5.94,336.5,39729
2026-03-02 09:04:00,-3.65,-2.76,1.15,217.07,14.04,4.72,6.18,342.9,46867
2026-03-02 09:05:00,-3.48,-3.09,0.79,221.61,9.66,4.72,5.36,340.9,35661
2026-03-02 09:06:00,-3.31,-3.52,0.66,226.77,7.83,4.88,5.49,339.9,36792
2026-03-02 09:07:00,-3.50,-3.56,0.69,225.53,7.91,5.04,6.25,347.7,48312
2026-03-02 09:08:00,-3.52,-3.51,0.91,224.88,10.41,5.05,5.80,346.1,30802
2026-03-02 09:09:00,-3.33,-3.47,0.98,226.12,11.53,4.91,3.98,330.4,17607
2026-03-02 09:10:00,-3.35,-3.35,1.03,225.00,12.31,4.85,4.13,331.3,19303
2026-03-02 09:11:00,-3.11,-3.34,1.08,227.06,13.30,4.68,6.94,347.2,51539
2026-03-02 09:12:00,-3.35,-3.18,0.79,223.53,9.66,4.69,6.25,345.3,32816
2026-03-02 09:13:00,-3.51,-3.10,0.15,221.42,1.84,4.68,5.71,341.4,35835
2026-03-02 09:14:00,-3.63,-3.02,0.41,219.79,5.00,4.74,5.30,345.7,39882
2026-03-02 09:15:00,-3.78,-2.71,0.95,215.64,11.59,4.75,5.51,343.7,33363
2026-03-02 09:16:00,-3.61,-2.94,0.78,219.16,9.58,4.72,5.23,343.4,31856
2026-03-02 09:17:00,-3.16,-3.27,0.50,226.03,6.33,4.57,4.05,334.4,23932
2026-03-02 09:18:00,-3.48,-2.93,0.87,220.13,10.86,4.63,5.20,338.7,42206
2026-03-02 09:19:00,-3.31,-3.11,0.62,223.23,7.82,4.59,5.99,345.1,49394
2026-03-02 09:20:00,-3.45,-3.10,0.84,222.01,10.29,4.71,5.53,344.0,39310
2026-03-02 09:21:00,-3.70,-2.78,1.02,216.93,12.43,4.74,5.38,341.9,37751
2026-03-02 09:22:00,-3.66,-2.59,1.42,215.28,17.61,4.70,5.22,341.6,37359
2026-03-02 09:23:00,-3.58,-2.88,0.92,218.82,11.30,4.69,5.04,343.7,35539
2026-03-02 09:24:00,-3.48,-3.02,0.69,220.97,8.46,4.66,4.38,339.0,34311
2026-03-02 09:25:00,-3.65,-2.96,0.81,219.04,9.76,4.76,3.73,330.6,23290
2026-03-02 09:26:00,-3.43,-3.13,0.59,222.35,7.23,4.68,5.80,343.0,55653
2026-03-02 09:27:00,-2.96,-3.42,0.07,229.05,0.92,4.52,5.46,344.2,44831
2026-03-02 09:28:00,-3.00,-3.29,-0.06,227.71,-0.72,4.45,5.04,342.3,36092
2026-03-02 09:29:00,-3.26,-3.21,0.23,224.52,2.87,4.58,5.12,343.0,33813
2026-03-02 09:30:00,-3.14,-3.04,0.40,224.04,5.28,4.39,5.14,342.1,33513
2026-03-02 09:31:00,-2.86,-3.21,0.49,228.28,6.48,4.32,5.27,341.6,34876
2026-03-02 09:32:00,-2.70,-3.30,0.65,230.71,8.68,4.31,5.69,339.2,38646
2026-03-02 09:33:00,-2.64,-3.35,0.83,231.78,11.05,4.35,6.18,341.8,48159
2026-03-02 09:34:00,-2.96,-3.14,0.28,226.74,3.66,4.33,5.64,342.8,41605
2026-03-02 09:35:00,-3.29,-3.01,-0.02,222.45,-0.21,4.45,5.12,342.2,34121
2026-03-02 09:36:00,-3.37,-3.13,-0.02,222.93,-0.26,4.60,5.24,340.6,37065
2026-03-02 09:37:00,-3.09,-3.34,0.38,227.23,4.75,4.57,5.61,340.6,44562
2026-03-02 09:38:00,-3.16,-3.44,0.22,227.42,2.66,4.68,5.70,343.5,45706
2026-03-02 09:39:00,-3.03,-3.39,-0.11,228.16,-1.35,4.55,5.22,341.7,34639
2026-03-02 09:40:00,-2.94,-3.51,-0.26,230.03,-3.27,4.59,5.65,340.7,39865
2026-03-02 09:41:00,-2.91,-3.60,-0.08,231.03,-1.05,4.63,5.42,343.9,45045
2026-03-02 09:42:00,-3.11,-3.73,0.12,230.18,1.36,4.85,5.38,,
2026-03-02 09:43:00,-3.33,-3.68,0.03,227.82,0.37,4.96,5.38,339.1,39043
2026-03-02 09:44:00,-4.08,-3.27,0.61,218.66,6.63,5.26,6.21,331.0,39613
2026-03-02 09:45:00,-4.11,-3.48,0.64,220.24,6.72,5.43,5.74,330.2,42836
2026-03-02 09:46:00,-4.45,-3.35,0.31,216.96,3.17,5.58,5.86,331.1,41791
2026-03-02 09:47:00,-4.47,-3.20,-0.03,215.61,-0.27,5.50,5.75,331.5,43932
2026-03-02 09:48:00,-4.57,-3.09,0.10,214.03,1.05,5.52,4.53,335.2,31528
2026-03-02 09:49:00,-4.52,-2.93,-0.02,212.94,-0.20,5.39,4.12,335.0,28108
2026-03-02 09:50:00,-3.91,-3.55,0.50,222.19,5.45,5.31,4.60,334.5,29925
2026-03-02 09:51:00,-3.62,-3.84,0.67,226.68,7.25,5.32,4.35,328.0,22672
2026-03-02 09:52:00,-3.35,-3.90,0.55,229.29,6.06,5.17,5.14,327.1,24747
2026-03-02 09:53:00,-3.07,-4.00,0.18,232.54,2.06,5.04,6.97,334.7,38030
2026-03-02 09:54:00,-3.29,-3.95,0.27,230.20,2.95,5.15,6.68,335.2,38412
2026-03-02 09:55:00,-3.16,-4.11,0.22,232.44,2.42,5.19,5.17,333.9,31348
2026-03-02 09:56:00,-3.22,-4.02,0.34,231.26,3.73,5.16,5.00,335.5,26042
2026-03-02 09:57:00,-2.96,-4.18,-0.20,234.70,-2.25,5.12,5.88,333.0,27567
2026-03-02 09:58:00,-3.12,-4.33,0.12,234.24,1.33,5.34,5.50,329.6,29006
2026-03-02 09:59:00,-3.24,-4.23,-0.06,232.53,-0.64,5.32,5.15,319.7,14599
2026-03-02 10:02:00,-2.53,-4.58,0.18,241.07,1.92,5.23,5.53,333.5,35274
2026-03-02 10:03:00,-2.11,-4.78,-0.21,246.22,-2.25,5.23,5.70,337.6,29104
2026-03-02 10:04:00,-2.09,-4.88,-0.31,246.85,-3.29,5.32,5.51,336.8,27037
2026-03-02 10:05:00,-2.14,-4.85,-0.52,246.22,-5.56,5.33,5.51,337.3,27394
2026-03-02 10:06:00,-2.42,-4.66,-0.59,242.59,-6.39,5.29,5.15,330.2,21714
2026-03-02 10:07:00,-2.58,-4.65,-0.67,241.03,-7.21,5.36,5.50,330.0,26108
2026-03-02 10:08:00,-2.55,-4.60,-0.88,240.96,-9.55,5.33,5.66,336.6,32781
2026-03-02 10:09:00,-2.43,-4.55,-1.03,241.89,-11.29,5.26,5.13,338.3,29703
2026-03-02 10:10:00,-2.35,-4.53,-1.06,242.53,-11.71,5.21,4.81,333.9,24566
2026-03-02 10:11:00,-2.48,-4.61,-1.15,241.75,-12.39,5.36,4.59,327.3,21558
2026-03-02 10:12:00,-2.59,-4.51,-0.93,240.12,-10.11,5.28,5.77,334.4,31490
2026-03-02 10:13:00,-2.80,-4.00,-1.54,234.94,-17.56,5.12,4.79,335.7,30020
2026-03-02 10:14:00,-2.87,-4.00,-1.45,234.37,-16.43,5.14,4.91,332.3,26432
2026-03-02 10:16:00,-2.52,-4.49,-0.51,240.74,-5.70,5.17,5.20,338.3,39550
2026-03-02 10:17:00,-2.51,-4.34,-0.96,239.95,-10.85,5.10,5.29,338.8,29087
2026-03-02 10:18:00,-3.35,-3.43,-1.31,225.72,-15.25,4.97,4.43,327.1,18875
2026-03-02 10:19:00,-4.40,-2.15,-1.68,206.04,-18.94,5.17,5.23,334.5,34301
2026-03-02 10:20:00,-3.73,-2.75,-1.09,216.45,-13.25,4.76,4.65,337.0,39690
2026-03-02 10:21:00,-2.34,-3.71,0.33,237.73,4.25,4.40,5.20,333.9,32430
2026-03-02 10:22:00,-2.61,-3.57,-0.09,233.84,-1.14,4.42,5.54,337.2,36399
2026-03-02 10:23:00,-2.65,-3.53,-0.18,233.12,-2.39,4.41,5.20,340.6,35970
2026-03-02 10:24:00,-2.34,-3.67,-0.75,237.44,-9.74,4.42,5.06,339.4,31143
2026-03-02 10:25:00,-2.61,-3.87,-1.08,235.97,-13.07,4.79,4.97,333.0,26127
2026-03-02 10:26:00,-1.92,-3.66,-1.47,242.34,-19.56,4.38,5.10,328.6,27522
2026-03-02 10:27:00,-1.49,-3.67,-1.66,247.92,-22.75,4.30,5.76,336.3,46723
2026-03-02 10:28:00,-1.78,-3.40,-1.87,242.34,-25.96,4.27,4.93,334.5,30766
2026-03-02 10:29:00,-1.70,-3.31,-2.06,242.82,-28.90,4.25,5.15,336.1,28843
2026-03-02 10:30:00,-1.84,-3.24,-2.05,240.39,-28.83,4.25,5.26,337.9,28355
2026-03-02 10:31:00,-1.69,-3.22,-2.25,242.31,-31.80,4.27,5.15,336.5,29347
2026-03-02 10:32:00,-1.81,-3.15,-2.29,240.15,-32.28,4.29,4.48,338.5,28183
2026-03-02 10:33:00,-1.91,-2.84,-2.71,236.01,-38.36,4.37,3.64,327.0,17532
2026-03-02 10:34:00,-1.97,-2.55,-2.96,232.24,-42.56,4.37,4.86,336.4,39461
2026-03-02 10:35:00,-2.72,-3.12,-2.57,228.89,-31.82,4.87,4.39,337.1,32923
2026-03-02 10:36:00,-2.44,-3.08,-2.66,231.63,-34.06,4.74,5.03,338.1,30114
2026-03-02 10:37:00,-1.87,-2.92,-3.46,237.36,-44.98,4.90,4.47,338.9,31011
2026-03-02 10:38:00,-1.95,-2.75,-3.67,234.72,-47.42,4.98,3.71,332.4,22847
2026-03-02 10:39:00,-1.80,-2.41,-3.50,233.15,-49.31,4.61,3.68,331.7,25346
2026-03-02 10:40:00,-1.73,-2.18,-3.59,231.51,-52.24,4.54,4.31,331.8,24252
2026-03-02 10:41:00,-1.79,-2.58,-3.13,235.28,-44.96,4.43,4.49,330.0,23787
2026-03-02 10:42:00,-1.59,-1.95,-3.83,230.82,-56.71,4.58,4.32,336.1,44025
2026-03-02 10:43:00,-1.63,-1.49,-4.04,222.43,-61.36,4.60,5.06,339.5,45620
2026-03-02 10:44:00,-2.25,-0.88,-4.31,201.45,-60.74,4.94,3.93,336.6,27746
2026-03-02 10:45:00,-1.86,-0.87,-3.79,205.08,-61.56,4.31,3.42,324.1,14253
2026-03-02 10:46:00,-1.75,-0.53,-3.23,196.91,-60.45,3.71,3.46,332.4,39944
2026-03-02 10:47:00,-0.88,-2.58,0.22,251.20,4.57,2.74,4.31,335.2,39156
2026-03-02 10:48:00,-0.52,-2.60,0.64,258.78,13.59,2.73,4.31,,
2026-03-02 10:49:00,-0.55,-2.73,-0.28,258.67,-5.68,2.80,5.34,341.1,46603
2026-03-02 10:50:00,-0.52,-2.63,-0.70,258.89,-14.55,2.77,5.43,337.0,31460
2026-03-02 10:51:00,-0.33,-2.95,-0.61,263.63,-11.63,3.03,5.53,340.4,32261
2026-03-02 10:52:00,-0.42,-3.30,-0.55,262.77,-9.37,3.37,4.50,331.2,18042
2026-03-02 10:53:00,-0.29,-3.02,-0.43,264.59,-8.13,3.06,5.01,334.3,36435
2026-03-02 10:54:00,-0.37,-3.24,-1.14,263.53,-19.35,3.45,5.95,343.4,47210
2026-03-02 10:55:00,0.28,-2.97,0.25,275.43,4.75,2.99,6.12,345.1,40399
2026-03-02 10:56:00,0.83,-2.76,0.53,286.80,10.34,2.94,6.26,344.8,38045
2026-03-02 10:57:00,0.03,-3.27,-1.80,270.58,-28.86,3.74,5.35,343.7,40040
2026-03-02 10:58:00,-0.03,-3.67,-1.97,269.51,-28.25,4.16,3.74,339.1,36380
2026-03-02 10:59:00,0.22,-3.62,-2.02,273.50,-29.11,4.15,4.58,340.1,33065
2026-03-02 11:00:00,0.43,-3.39,-2.27,277.23,-33.60,4.10,4.71,340.0,37350
2026-03-02 11:01:00,0.42,-2.30,-2.58,280.28,-47.77,3.48,5.30,342.0,41514
2026-03-02 11:02:00,0.84,-0.70,-2.35,320.35,-65.07,2.59,5.66,346.4,45171
2026-03-02 11:03:00,0.33,-1.60,-2.40,281.63,-55.84,2.91,5.49,342.6,41610
2026-03-02 11:04:00,0.15,-2.14,-2.43,273.93,-48.62,3.24,4.52,342.9,35721
2026-03-02 11:05:00,-0.03,-1.85,-2.21,268.96,-50.04,2.88,4.83,339.1,33587
2026-03-02 11:06:00,-0.04,-1.21,-1.99,267.98,-58.70,2.33,4.67,340.4,39323
2026-03-02 11:07:00,-0.21,-1.47,-1.84,261.74,-50.97,2.36,5.93,339.9,41180
2026-03-02 11:08:00,-0.15,-1.41,-2.00,264.03,-54.75,2.45,5.06,339.1,56827
2026-03-02 11:09:00,-0.32,-1.69,-1.97,259.09,-48.95,2.61,5.44,342.5,58915
2026-03-02 11:10:00,-0.60,-2.25,-2.08,255.11,-41.75,3.12,5.17,343.1,47924
2026-03-02 11:11:00,-0.86,-2.17,-2.42,248.50,-45.98,3.36,4.78,341.5,38355
2026-03-02 11:12:00,-0.86,-1.98,-2.35,246.42,-47.40,3.19,5.07,340.6,38695
2026-03-02 11:13:00,-0.88,-1.98,-2.55,245.90,-49.67,3.35,5.15,341.2,43932
2026-03-02 11:14:00,-0.73,-2.14,-2.88,251.16,-51.86,3.66,4.44,338.8,37520
2026-03-02 11:15:00,-0.71,-1.77,-2.57,248.12,-53.35,3.20,3.82,332.1,25005
2026-03-02 11:16:00,-0.41,-1.76,-2.19,256.98,-50.41,2.84,5.35,340.5,42518
2026-03-02 11:17:00,-0.49,-1.39,-2.57,250.72,-60.20,2.97,4.97,341.7,50858
2026-03-02 11:18:00,-0.86,0.19,-1.70,167.54,-62.65,1.91,4.44,337.6,40058
2026-03-02 11:19:00,-1.44,-0.14,-1.50,185.59,-46.02,2.08,3.75,327.4,18381
2026-03-02 11:20:00,-0.63,-0.35,-1.40,209.31,-62.67,1.57,3.87,331.5,49024
2026-03-02 11:21:00,-0.19,-0.25,-0.71,232.60,-66.31,0.78,3.87,331.6,49543
2026-03-02 11:22:00,-0.15,-0.35,-0.74,246.63,-62.63,0.83,4.74,335.9,38896
2026-03-02 11:23:00,0.66,-0.20,0.05,343.15,4.13,0.69,5.41,339.3,42202
2026-03-02 11:24:00,0.44,-1.15,0.17,290.85,7.85,1.24,5.49,339.9,41255
2026-03-02 11:25:00,0.39,-0.66,1.87,300.89,67.79,2.02,7.48,347.4,42551
2026-03-02 11:26:00,0.83,-1.33,2.02,301.95,52.19,2.55,6.33,340.6,30285
2026-03-02 11:27:00,0.61,-1.63,1.56,290.58,41.92,2.34,5.77,338.1,29952
2026-03-02 11:28:00,0.16,-1.04,-2.30,278.73,-65.37,2.53,5.78,345.1,49008
2026-03-02 11:29:00,-0.06,-0.69,-3.45,264.65,-78.64,3.52,4.42,344.5,53926
2026-03-02 11:30:00,0.14,-0.36,-3.31,291.96,-83.38,3.33,4.39,341.3,41963
2026-03-02 11:31:00,0.17,-0.11,-3.38,327.18,-86.59,3.39,4.82,343.4,45109
2026-03-02 11:32:00,-0.32,-0.50,-3.80,237.29,-81.17,3.84,4.54,338.7,53120
2026-03-02 11:33:00,-0.42,-0.04,-4.50,185.54,-84.62,4.52,4.15,343.5,60189
2026-03-02 11:34:00,-0.16,0.22,-4.16,126.87,-86.25,4.16,4.36,326.8,20786
2026-03-02 11:35:00,-0.35,0.89,-3.88,111.64,-76.16,3.99,4.53,336.7,45631
2026-03-02 11:36:00,-0.10,0.58,-3.76,99.35,-81.14,3.80,5.06,341.6,41223
2026-03-02 11:37:00,-0.23,0.86,-5.09,104.90,-80.11,5.16,4.36,342.5,45213
2026-03-02 11:38:00,-0.15,0.80,-4.66,100.34,-80.12,4.73,4.11,342.3,38069
2026-03-02 11:39:00,0.30,0.74,-3.60,67.79,-77.50,3.69,5.98,344.2,35808
2026-03-02 11:40:00,1.33,1.50,-2.93,48.62,-55.63,3.55,6.24,342.2,33827
2026-03-02 11:41:00,1.09,1.49,-1.72,53.82,-43.13,2.52,6.77,335.4,18784
2026-03-02 11:42:00,1.50,0.92,-0.42,31.57,-13.33,1.81,5.77,340.4,41757
2026-03-02 11:43:00,1.06,0.70,-0.80,33.36,-32.25,1.50,6.75,345.8,47165
2026-03-02 11:44:00,1.09,0.29,0.09,14.79,4.52,1.13,8.86,347.0,36650
2026-03-02 11:45:00,0.45,0.01,1.17,1.42,68.88,1.25,9.10,348.5,37412
2026-03-02 11:46:00,0.65,0.11,1.72,9.50,68.96,1.84,8.58,346.6,29099
2026-03-02 11:47:00,0.29,0.80,-1.60,70.17,-61.95,1.82,7.76,344.5,29224
2026-03-02 11:48:00,0.05,1.23,-2.24,87.64,-61.20,2.56,6.74,341.8,27211
2026-03-02 11:49:00,0.20,1.38,-2.27,81.55,-58.48,2.66,3.69,327.7,24891
2026-03-02 11:50:00,0.07,1.05,-2.46,86.10,-66.80,2.68,5.84,339.6,48455
2026-03-02 11:51:00,0.08,0.89,-2.25,85.13,-68.45,2.42,5.76,345.7,49802
2026-03-02 11:52:00,0.16,1.27,-2.42,82.73,-62.21,2.74,6.59,342.5,35184
2026-03-02 11:53:00,0.13,1.41,-1.97,84.53,-54.36,2.43,4.99,331.1,22135
2026-03-02 11:54:00,0.55,2.53,-1.96,77.72,-37.11,3.25,4.84,330.0,20972
2026-03-02 11:55:00,0.24,2.15,-1.87,83.66,-40.77,2.86,5.84,340.5,37787
2026-03-02 11:56:00,-0.03,2.37,-0.95,90.75,-21.73,2.55,5.79,336.7,34190
2026-03-02 11:57:00,-0.27,1.85,-1.41,98.42,-37.03,2.35,6.53,341.8,42982
2026-03-02 11:58:00,-0.28,2.03,-1.32,97.97,-32.77,2.44,6.55,345.4,43227
2026-03-02 11:59:00,-0.70,1.94,-0.71,109.89,-19.01,2.19,6.21,344.6,36666
2026-03-02 12:00:00,-0.44,1.87,-0.91,103.32,-25.46,2.12,5.02,336.8,27033
2026-03-02 12:01:00,-0.16,2.68,-0.82,93.34,-17.00,2.81,4.18,335.1,34825
2026-03-02 12:02:00,0.37,2.41,-1.46,81.21,-30.89,2.84,5.23,347.2,60112
2026-03-02 12:03:00,0.37,2.59,-1.49,81.80,-29.73,3.01,5.63,348.1,53273
2026-03-02 12:04:00,0.15,2.80,-0.85,86.89,-16.87,2.93,5.53,343.7,39271
2026-03-02 12:05:00,0.26,1.88,-0.67,82.09,-19.39,2.02,5.67,346.8,38567
2026-03-02 12:06:00,0.90,1.67,-0.51,61.69,-15.01,1.96,5.26,350.7,36842
2026-03-02 12:07:00,0.39,1.35,-0.03,73.83,-1.16,1.40,5.82,351.7,39566
2026-03-02 12:08:00,-0.88,2.05,-0.46,113.24,-11.58,2.28,5.05,346.7,39557
2026-03-02 12:09:00,-1.39,1.79,-0.27,127.84,-6.73,2.29,6.53,347.9,57227
2026-03-02 12:10:00,-1.68,1.63,-0.45,135.89,-10.82,2.38,5.92,343.8,46687
2026-03-02 12:11:00,-1.09,1.74,-0.14,122.09,-3.77,2.06,5.63,345.0,37272
2026-03-02 12:12:00,-2.61,1.08,-0.15,157.60,-3.12,2.83,5.09,343.3,36986
2026-03-02 12:13:00,-2.44,1.19,0.02,153.89,0.43,2.71,5.51,336.9,33222
2026-03-02 12:14:00,-2.51,0.44,0.10,169.99,2.34,2.56,5.72,340.9,46520
2026-03-02 12:15:00,-1.89,1.67,-0.47,138.48,-10.45,2.57,5.44,345.7,50268
2026-03-02 12:16:00,0.42,1.35,-0.19,72.75,-7.70,1.43,5.49,348.2,44775
2026-03-02 12:17:00,1.37,2.05,-0.38,56.34,-8.87,2.50,6.62,354.8,49892
2026-03-02 12:18:00,1.40,1.95,-0.42,54.33,-9.82,2.44,7.51,357.9,47473
2026-03-02 12:19:00,1.55,1.27,-0.33,39.35,-9.41,2.04,6.55,353.9,30711
2026-03-02 12:20:00,1.26,1.54,-0.34,50.60,-9.69,2.02,6.76,354.2,30289
2026-03-02 12:21:00,0.03,1.72,0.21,89.16,7.13,1.73,6.24,350.7,31133
2026-03-02 12:22:00,-1.22,1.30,0.86,133.18,25.72,1.98,7.22,350.5,42413
2026-03-02 12:23:00,-1.36,1.37,1.00,134.88,27.37,2.17,5.20,337.8,26570
2026-03-02 12:24:00,-1.18,1.91,0.56,121.65,14.03,2.31,7.68,347.3,37466
2026-03-02 12:25:00,-2.02,2.22,-0.45,132.38,-8.58,3.04,6.79,348.4,47249
2026-03-02 12:26:00,-2.12,1.93,-0.57,137.67,-11.32,2.92,5.26,345.2,38056
2026-03-02 12:27:00,-2.60,1.26,-0.68,154.18,-13.19,2.96,5.01,344.7,36279
2026-03-02 12:28:00,-3.30,0.81,-0.48,166.18,-8.01,3.43,4.30,334.3,38084
2026-03-02 12:29:00,-3.58,1.16,-0.34,162.10,-5.09,3.78,4.63,340.3,45915
2026-03-02 12:30:00,-3.84,0.44,0.13,173.40,1.96,3.87,4.99,335.4,42150
2026-03-02 12:31:00,-3.43,1.17,0.33,161.20,5.26,3.64,5.64,334.8,47734
2026-03-02 12:32:00,-3.11,1.23,0.43,158.46,7.37,3.37,5.50,340.4,51037
2026-03-02 12:33:00,-3.15,1.46,0.58,155.08,9.53,3.52,4.97,341.0,40951
2026-03-02 12:34:00,-3.49,1.55,0.51,156.06,7.63,3.85,5.64,337.6,33678
2026-03-02 12:35:00,-3.35,1.82,0.07,151.46,1.12,3.82,6.29,330.7,22215
2026-03-02 12:36:00,-3.22,1.84,0.08,150.22,1.18,3.71,5.98,343.0,77739
2026-03-02 12:37:00,-3.27,1.76,0.03,151.71,0.42,3.72,6.01,342.5,75686
2026-03-02 12:38:00,-3.28,1.70,-0.51,152.61,-7.83,3.73,6.22,339.4,60086
2026-03-02 12:39:00,-3.35,1.75,-0.91,152.45,-13.51,3.89,5.85,344.5,59017
2026-03-02 12:40:00,-3.53,1.98,-0.83,150.79,-11.65,4.13,5.83,344.1,43883
2026-03-02 12:41:00,-3.83,2.04,-0.86,151.93,-11.26,4.43,3.98,340.4,41461
2026-03-02 12:42:00,-3.93,1.81,-1.13,155.26,-14.58,4.47,4.15,327.9,23885
2026-03-02 12:43:00,-3.91,2.18,-1.16,150.87,-14.56,4.62,4.40,330.9,36333
2026-03-02 12:44:00,-3.88,2.05,-1.50,152.09,-18.88,4.64,4.18,333.5,37842
2026-03-02 12:45:00,-3.78,2.03,-1.64,151.72,-20.98,4.59,3.84,336.1,38411
2026-03-02 12:46:00,-3.73,2.06,-1.76,151.17,-22.48,4.61,3.78,337.6,36034
2026-03-02 12:47:00,-3.89,2.00,-2.08,152.81,-25.43,4.85,3.58,338.1,36210
2026-03-02 12:48:00,-4.30,2.28,-1.46,152.05,-16.69,5.08,3.32,337.6,36857
2026-03-02 12:49:00,-4.32,2.47,-1.12,150.27,-12.71,5.10,3.59,335.4,37969
2026-03-02 12:50:00,-4.32,2.42,-1.61,150.75,-18.00,5.21,4.19,333.3,42977
2026-03-02 12:51:00,-4.37,2.38,-1.52,151.39,-17.03,5.20,4.15,334.1,41671
2026-03-02 12:52:00,-4.19,2.29,-1.85,151.33,-21.25,5.12,3.69,335.7,38342
2026-03-02 12:53:00,-3.99,2.38,-1.94,149.23,-22.65,5.03,4.41,334.0,36814
2026-03-02 12:54:00,-4.32,1.88,0.26,156.43,3.20,4.72,3.57,337.1,35475
2026-03-02 12:55:00,-4.37,1.42,1.61,162.00,19.33,4.87,4.21,337.3,32364
2026-03-02 12:56:00,-4.83,1.79,-0.10,159.66,-1.13,5.15,4.43,336.9,35187
2026-03-02 12:57:00,-4.82,1.79,-0.51,159.61,-5.69,5.17,5.41,330.7,47901
2026-03-02 12:58:00,-4.85,1.95,-0.09,158.12,-0.97,5.23,4.86,330.5,50883
2026-03-02 13:01:00,-4.84,2.26,0.37,154.98,3.96,5.36,4.90,329.2,47153
2026-03-02 13:02:00,-4.63,2.43,-0.10,152.32,-1.09,5.23,4.58,329.6,46442
2026-03-02 13:03:00,-4.69,2.27,-0.03,154.15,-0.32,5.21,4.19,333.0,40128
2026-03-02 13:04:00,-4.81,2.19,0.02,155.55,0.22,5.28,4.41,333.3,39184
2026-03-02 13:05:00,-4.86,2.09,-0.03,156.77,-0.28,5.29,4.80,331.2,41283
2026-03-02 13:06:00,-4.82,2.06,-0.06,156.85,-0.64,5.24,4.44,333.3,35780
2026-03-02 13:07:00,-4.94,1.93,0.23,158.68,2.46,5.31,4.01,333.8,35446
2026-03-02 13:08:00,-5.06,1.92,0.53,159.24,5.55,5.44,4.59,332.9,36815
2026-03-02 13:09:00,-5.14,1.85,0.35,160.21,3.71,5.48,5.26,328.8,45674
2026-03-02 13:10:00,-5.23,1.88,0.40,160.27,4.15,5.57,4.79,328.4,45160
2026-03-02 13:11:00,-5.25,1.98,0.39,159.36,4.02,5.63,4.69,330.2,46293
2026-03-02 13:12:00,-5.16,2.02,0.65,158.62,6.72,5.58,4.32,333.3,37777
2026-03-02 13:13:00,-5.11,2.07,0.78,157.92,8.04,5.57,4.60,331.0,45432
2026-03-02 13:14:00,-5.20,1.92,0.91,159.77,9.34,5.62,4.78,331.5,42571
2026-03-02 13:15:00,-5.18,1.83,1.11,160.49,11.40,5.61,3.97,334.6,37589
2026-03-02 13:16:00,-5.19,1.77,1.25,161.13,12.90,5.62,4.84,331.6,42244
2026-03-02 13:17:00,-5.10,1.68,1.35,161.75,14.09,5.54,4.95,330.8,44101
2026-03-02 13:18:00,-5.05,1.85,1.49,159.88,15.44,5.58,4.53,333.7,35890
2026-03-02 13:19:00,-5.20,1.64,1.38,162.45,14.20,5.63,4.24,334.9,32979
2026-03-02 13:20:00,-5.36,1.56,1.18,163.74,11.98,5.71,4.48,333.6,35220
2026-03-02 13:21:00,-5.33,1.42,1.04,165.05,10.66,5.61,4.49,333.3,35063
2026-03-02 13:22:00,-5.34,1.18,1.18,167.55,12.23,5.59,3.96,333.7,34593
2026-03-02 13:23:00,-5.23,1.10,1.24,168.15,13.09,5.48,4.47,331.3,35493
2026-03-02 13:24:00,-5.27,1.13,1.23,167.92,12.90,5.53,5.32,327.9,43852
2026-03-02 13:25:00,-5.33,1.23,1.11,167.03,11.51,5.59,5.54,328.2,42025
2026-03-02 13:26:00,-5.37,1.23,1.19,167.13,12.15,5.64,4.23,332.2,39001
2026-03-02 13:27:00,-5.40,1.35,1.24,165.96,12.52,5.70,4.54,332.6,35515
2026-03-02 13:28:00,-5.43,1.51,0.93,164.49,9.36,5.71,4.43,330.3,47593
2026-03-02 13:29:00,-5.46,1.40,1.00,165.65,10.01,5.73,5.11,327.6,48547
2026-03-02 13:30:00,-5.50,1.42,1.00,165.52,10.03,5.76,4.72,327.8,48658
2026-03-02 13:31:00,-5.64,1.51,0.93,165.04,9.07,5.91,5.06,328.6,42499
2026-03-02 13:36:00,-5.57,1.54,1.07,164.50,10.52,5.88,4.30,330.8,39684
2026-03-02 13:37:00,-5.55,1.47,1.00,165.11,9.89,5.83,4.36,331.2,37162
2026-03-02 13:38:00,-5.57,1.49,1.11,165.03,10.87,5.87,4.26,331.9,36132
2026-03-02 13:39:00,-5.65,1.50,1.09,165.18,10.58,5.95,3.85,333.0,40040
2026-03-02 13:40:00,-5.65,1.51,1.18,165.07,11.43,5.96,3.92,335.2,33182
2026-03-02 13:41:00,-5.62,1.52,1.23,164.89,11.94,5.95,3.71,334.3,37109
2026-03-02 13:42:00,-5.70,1.36,1.22,166.55,11.79,5.99,3.49,334.9,33305
2026-03-02 13:43:00,-5.71,1.37,1.18,166.52,11.40,5.99,4.63,327.3,43957
2026-03-02 13:44:00,-5.68,1.34,1.15,166.70,11.17,5.95,4.44,330.0,39426
2026-03-02 13:45:00,-5.59,1.36,1.26,166.36,12.34,5.88,3.80,334.2,37169
2026-03-02 13:46:00,-5.68,1.36,1.11,166.53,10.72,5.94,3.31,335.3,32558
2026-03-02 13:47:00,-5.56,1.28,0.95,167.06,9.44,5.78,3.54,334.5,36035
2026-03-02 13:48:00,-5.54,1.22,1.01,167.60,10.07,5.76,4.06,332.7,37419
2026-03-02 13:49:00,-5.48,0.97,0.99,169.93,10.11,5.66,3.69,333.5,35934
2026-03-02 13:50:00,-5.43,0.93,0.95,170.31,9.78,5.59,4.45,331.0,39298
2026-03-02 13:51:00,-5.56,1.08,1.12,169.00,11.21,5.77,4.95,329.2,42050
2026-03-02 13:52:00,-5.43,1.02,1.01,169.38,10.40,5.62,4.69,330.6,39310
2026-03-02 13:53:00,-5.42,0.92,0.97,170.35,9.99,5.58,4.40,332.6,34815
2026-03-02 13:54:00,-5.46,0.90,1.03,170.66,10.57,5.63,4.02,334.2,31918
2026-03-02 13:55:00,-5.48,0.91,1.06,170.61,10.77,5.66,3.96,335.1,31552
2026-03-02 13:56:00,-5.47,0.90,1.09,170.64,11.12,5.65,3.68,334.5,33533
2026-03-02 13:57:00,-5.43,0.95,1.12,170.05,11.46,5.62,3.55,335.3,31375
2026-03-02 13:58:00,-5.49,0.83,1.13,171.41,11.46,5.67,4.84,329.5,40119
2026-03-02 13:59:00,-5.66,0.79,1.14,172.01,11.31,5.82,4.72,327.4,39779
2026-03-02 14:00:00,-5.52,0.73,1.12,172.48,11.40,5.68,3.60,333.3,33878
2026-03-02 14:01:00,-5.50,0.68,1.16,172.94,11.83,5.66,4.29,331.7,33357
2026-03-02 14:02:00,-5.58,0.98,1.14,169.99,11.40,5.78,5.06,326.6,41462
2026-03-02 14:03:00,-5.69,1.11,1.10,168.92,10.76,5.90,4.93,326.4,41862
2026-03-02 14:04:00,-5.67,1.04,1.09,169.60,10.69,5.87,4.32,327.7,41724
2026-03-02 14:05:00,-5.70,1.04,1.10,169.71,10.74,5.90,4.44,327.2,44108
2026-03-02 14:06:00,-5.77,0.97,1.07,170.46,10.34,5.95,4.36,328.1,40563
2026-03-02 14:07:00,-5.49,1.59,1.08,163.88,10.70,5.82,4.17,329.1,37137
2026-03-02 14:09:00,-5.56,1.22,1.00,167.61,10.00,5.78,4.97,326.5,43790
2026-03-02 14:10:00,-5.77,1.04,1.07,169.82,10.35,5.96,5.03,326.1,42831
2026-03-02 14:11:00,-5.83,1.09,1.07,169.46,10.27,6.03,4.91,325.4,41075
2026-03-02 14:12:00,-5.81,1.12,1.07,169.12,10.29,6.01,4.18,326.5,40757
2026-03-02 14:13:00,-5.70,1.29,1.05,167.29,10.18,5.94,4.17,328.6,34947
2026-03-02 14:14:00,-5.73,1.25,1.07,167.70,10.34,5.96,3.40,331.7,33391
2026-03-02 14:15:00,-5.79,0.82,1.16,171.97,11.26,5.96,3.67,331.1,33644
2026-03-02 14:16:00,-5.72,0.78,1.24,172.28,12.15,5.91,3.36,331.9,35550
2026-03-02 14:17:00,-5.65,1.01,1.14,169.82,11.23,5.85,4.90,325.5,41622
2026-03-02 14:18:00,-5.68,1.29,1.09,167.22,10.55,5.93,4.86,324.1,44083
2026-03-02 14:19:00,-5.44,1.37,1.15,165.90,11.54,5.73,4.75,325.0,39536
2026-03-02 14:20:00,-5.37,1.52,1.17,164.24,11.88,5.70,4.71,325.3,39861
2026-03-02 14:21:00,-5.23,1.52,1.17,163.75,12.11,5.57,4.40,328.7,35762
2026-03-02 14:22:00,-5.36,1.43,1.19,165.01,12.09,5.67,3.90,331.4,34069
2026-03-02 14:23:00,-5.29,1.60,1.35,163.12,13.71,5.69,3.37,333.1,32591
2026-03-02 14:24:00,-5.29,1.66,1.43,162.62,14.50,5.73,4.10,329.2,36306
2026-03-02 14:25:00,-5.25,1.75,1.41,161.52,14.32,5.71,4.98,324.7,40728
2026-03-02 14:26:00,-5.36,1.70,1.37,162.39,13.68,5.79,4.26,328.7,36069
2026-03-02 14:27:00,-5.28,1.68,1.38,162.33,14.02,5.72,3.73,332.3,33893
2026-03-02 14:28:00,-5.18,1.66,1.40,162.20,14.47,5.62,3.58,334.0,31448
2026-03-02 14:29:00,-5.12,1.61,1.34,162.57,14.06,5.53,3.95,331.6,31884
2026-03-02 14:30:00,-5.10,1.62,1.36,162.35,14.30,5.52,4.23,330.8,29949
2026-03-02 14:31:00,-5.13,1.57,1.36,162.97,14.19,5.53,3.98,331.1,31546
2026-03-02 14:32:00,-5.25,1.60,1.39,163.09,14.21,5.66,5.17,327.3,41248
2026-03-02 14:33:00,-5.23,1.58,1.46,163.17,14.96,5.66,4.59,327.5,43327
2026-03-02 14:34:00,-5.27,1.57,1.24,163.46,12.68,5.64,4.66,327.1,36098
2026-03-02 14:35:00,-5.36,1.66,1.30,162.79,13.05,5.76,4.49,327.4,38167
2026-03-02 14:36:00,-5.33,1.74,1.40,161.96,14.01,5.77,4.32,328.7,33154
2026-03-02 14:37:00,-5.46,1.73,1.41,162.44,13.84,5.90,4.48,327.1,32743
2026-03-02 14:38:00,-5.39,1.80,1.38,161.52,13.61,5.85,3.96,327.9,32571
2026-03-02 14:39:00,-5.31,1.94,1.49,159.88,14.80,5.85,4.39,325.5,36972
2026-03-02 14:40:00,-5.47,1.92,1.42,160.68,13.79,5.96,5.21,322.0,41901
2026-03-02 14:42:00,-5.46,1.82,1.32,161.56,12.92,5.91,3.83,327.2,37951
2026-03-02 14:43:00,-5.58,1.10,1.15,168.81,11.43,5.80,4.20,326.5,39773
2026-03-02 14:44:00,-5.74,1.17,1.00,168.46,9.67,5.95,5.31,324.1,44461
2026-03-02 14:45:00,-5.76,1.32,1.05,167.05,10.09,6.00,5.09,323.0,42317
2026-03-02 14:46:00,-5.66,1.27,1.08,167.34,10.52,5.90,3.75,324.8,51888
2026-03-02 14:47:00,-5.68,1.06,1.10,169.46,10.83,5.88,5.07,323.8,42670
2026-03-02 14:48:00,-5.63,1.07,1.23,169.22,12.11,5.86,4.63,326.6,35200
2026-03-02 14:49:00,-5.41,1.07,1.13,168.82,11.61,5.63,3.35,330.0,32775
2026-03-02 14:50:00,-5.41,0.97,1.28,169.82,13.08,5.64,3.31,328.6,31396
2026-03-02 14:51:00,-5.50,0.97,1.30,170.00,13.09,5.74,5.00,323.0,42221
2026-03-02 14:52:00,-5.39,0.87,1.33,170.81,13.71,5.62,5.35,322.4,44520
2026-03-02 14:53:00,-5.38,0.94,1.34,170.12,13.77,5.62,5.10,322.2,46804
2026-03-02 14:54:00,-5.43,1.07,1.25,168.82,12.69,5.68,5.37,322.3,45819
2026-03-02 14:55:00,-5.39,1.57,0.98,163.82,9.86,5.70,5.38,323.1,44685
2026-03-02 14:56:00,-5.47,1.77,0.82,162.07,8.16,5.81,5.30,322.9,45859
2026-03-02 14:57:00,-5.57,1.43,0.98,165.60,9.71,5.84,5.24,322.3,48199
2026-03-02 14:58:00,-5.52,1.40,1.06,165.81,10.55,5.80,5.05,323.2,48254
2026-03-02 14:59:00,-5.53,1.51,1.03,164.72,10.23,5.82,5.44,323.8,43961
2026-03-02 15:00:00,-5.41,1.60,1.07,163.57,10.74,5.74,5.24,324.0,46077
2026-03-02 15:01:00,-5.55,1.84,1.04,161.66,10.11,5.94,5.62,320.9,43447
2026-03-02 15:02:00,-5.47,1.71,0.92,162.66,9.10,5.80,5.34,320.0,49395
2026-03-02 15:03:00,-5.40,1.74,0.79,162.11,7.92,5.73,4.89,322.0,44807
2026-03-02 15:04:00,-5.58,1.91,0.96,161.06,9.26,5.98,4.83,322.7,50155
2026-03-02 15:05:00,-5.59,2.04,0.94,159.90,8.96,6.02,4.17,326.4,38793
2026-03-02 15:06:00,-5.52,2.24,0.80,157.92,7.67,6.01,5.10,322.8,43366
2026-03-02 15:07:00,-5.62,1.75,0.74,162.73,7.17,5.93,5.53,321.9,46460
2026-03-02 15:08:00,-5.59,1.82,0.65,161.98,6.35,5.91,5.33,321.7,47919
2026-03-02 15:09:00,-5.47,2.02,0.75,159.74,7.32,5.88,5.26,322.2,46308
2026-03-02 15:10:00,-5.54,2.14,0.69,158.91,6.64,5.97,5.29,323.4,47880
2026-03-02 15:11:00,-5.50,2.07,0.61,159.42,5.89,5.91,5.11,324.3,43152
2026-03-02 15:12:00,-5.45,2.05,0.61,159.37,5.97,5.86,4.41,325.4,38097
2026-03-02 15:13:00,-5.53,1.85,0.68,161.56,6.65,5.87,3.78,326.3,39470
2026-03-02 15:15:00,-5.52,1.86,0.68,161.35,6.61,5.86,4.27,325.9,40346
2026-03-02 15:16:00,-5.43,1.81,0.61,161.53,6.08,5.75,4.28,327.2,40510
2026-03-02 15:17:00,-5.47,1.10,0.48,168.58,4.95,5.60,4.43,331.9,42135
2026-03-02 15:18:00,-5.60,0.82,0.20,171.65,2.05,5.66,5.43,324.7,49168
2026-03-02 15:19:00,-5.54,0.99,0.17,169.84,1.74,5.63,5.31,324.5,54117
2026-03-02 15:20:00,-5.57,0.64,0.28,173.41,2.84,5.62,4.96,324.7,56182
2026-03-02 15:21:00,-5.60,0.57,0.20,174.18,2.05,5.64,5.26,323.1,55813
2026-03-02 15:22:00,-5.55,0.37,0.40,176.15,4.15,5.58,5.30,323.4,52799
2026-03-02 15:23:00,-5.53,0.33,0.33,176.59,3.42,5.55,5.39,323.4,50542
2026-03-02 15:24:00,-5.44,0.82,-0.16,171.44,-1.63,5.50,5.01,323.5,58474
2026-03-02 15:25:00,-5.43,0.59,-0.19,173.85,-2.03,5.47,4.90,323.2,56546
2026-03-02 15:26:00,-5.43,0.27,0.33,177.11,3.52,5.44,4.84,323.2,52762
2026-03-02 15:27:00,-5.42,0.15,0.68,178.38,7.19,5.46,4.80,322.6,53720
2026-03-02 15:28:00,-5.40,0.29,0.38,176.90,4.06,5.43,4.71,322.1,56536
2026-03-02 15:29:00,-5.36,0.38,0.21,175.90,2.27,5.38,4.83,322.7,55472
2026-03-02 15:30:00,-5.29,0.36,0.03,176.14,0.29,5.30,5.10,322.6,52473
2026-03-02 15:31:00,-5.28,-0.01,0.20,180.09,2.19,5.28,4.64,321.6,55482
2026-03-02 15:32:00,-5.11,-0.28,0.91,183.10,10.06,5.20,4.38,321.2,55868
2026-03-02 15:33:00,-5.02,-0.30,0.85,183.45,9.61,5.10,4.88,321.0,52615
2026-03-02 15:34:00,-4.94,-0.24,1.11,182.75,12.64,5.06,4.99,320.7,50201
2026-03-02 15:35:00,-4.57,1.45,0.01,162.43,0.07,4.80,4.90,323.0,47827
2026-03-02 15:36:00,-4.58,1.35,0.09,163.53,1.13,4.78,4.78,324.4,49048
2026-03-02 15:37:00,-4.35,1.71,0.00,158.50,-0.02,4.67,4.60,323.2,47008
2026-03-02 15:38:00,-4.36,1.60,-0.21,159.83,-2.65,4.65,4.19,323.7,51447
2026-03-02 15:39:00,-4.33,1.55,-0.27,160.36,-3.37,4.61,4.13,323.9,52264
2026-03-02 15:40:00,-4.53,1.08,0.38,166.54,4.68,4.67,5.01,320.5,50585
2026-03-02 15:41:00,-4.88,0.31,0.95,176.33,11.03,4.98,4.37,323.5,49433
2026-03-02 15:42:00,-4.93,0.62,1.07,172.89,12.20,5.09,4.17,322.3,43565
2026-03-02 15:43:00,-4.84,0.72,1.09,171.57,12.53,5.01,4.38,320.0,42142
2026-03-02 15:44:00,-4.74,0.84,-0.13,169.97,-1.52,4.82,4.73,320.7,49342
2026-03-02 15:45:00,-4.59,1.10,-0.07,166.53,-0.85,4.72,4.92,321.7,52726
2026-03-02 15:46:00,-4.83,0.85,0.30,169.96,3.56,4.91,4.72,321.1,48290
2026-03-02 15:48:00,-4.99,0.73,0.53,171.73,6.05,5.07,3.61,326.9,43124
2026-03-02 15:49:00,-5.05,0.75,0.49,171.51,5.48,5.13,3.51,327.8,42445
2026-03-02 15:50:00,-4.93,1.20,0.24,166.36,2.69,5.08,2.80,334.3,37502
2026-03-02 15:51:00,-5.03,1.22,0.26,166.31,2.91,5.18,2.78,332.9,41211
2026-03-02 15:52:00,-5.03,1.19,0.11,166.69,1.17,5.17,5.16,322.3,47309
2026-03-02 15:53:00,-5.16,1.03,0.27,168.70,2.96,5.27,4.71,323.1,51281
2026-03-02 15:54:00,-5.00,1.06,0.29,168.06,3.27,5.12,4.34,326.5,44382
2026-03-02 15:55:00,-4.95,1.16,0.31,166.85,3.50,5.10,3.51,330.6,39614
2026-03-02 15:56:00,-4.84,1.29,0.21,165.07,2.40,5.01,3.92,330.5,35670
2026-03-02 15:57:00,-4.83,0.70,0.40,171.71,4.73,4.90,3.55,332.0,38888
2026-03-02 15:58:00,-4.81,-0.78,0.60,189.19,6.97,4.91,3.32,332.3,40009
2026-03-02 16:02:00,-4.14,-0.84,0.74,191.42,9.88,4.28,4.51,327.8,36236
2026-03-02 16:03:00,-4.26,-0.81,0.78,190.73,10.22,4.41,4.14,329.4,35467
2026-03-02 16:09:00,-4.78,-0.38,1.35,184.55,15.79,4.98,3.69,332.3,40106
2026-03-02 16:10:00,-4.94,-0.29,1.76,183.34,19.62,5.25,2.93,333.0,38541
2026-03-02 16:11:00,-5.02,-0.28,1.82,183.14,19.90,5.35,3.49,328.2,49474
2026-03-02 16:12:00,-5.14,-0.31,1.86,183.47,19.83,5.48,4.34,328.4,52686
2026-03-02 16:13:00,-5.06,-0.44,1.85,185.02,20.04,5.41,4.14,331.8,46917
2026-03-02 16:14:00,-5.14,-0.55,1.72,186.10,18.45,5.45,3.78,331.0,62891
2026-03-02 16:15:00,-5.21,-0.43,1.76,184.68,18.58,5.52,4.34,327.6,59237
2026-03-02 16:16:00,-5.15,-0.43,1.84,184.76,19.63,5.49,5.19,326.3,42257
2026-03-02 16:17:00,-5.02,-0.50,1.76,185.69,19.23,5.35,5.60,326.5,40850
2026-03-02 16:18:00,-4.97,-0.37,1.80,184.24,19.83,5.30,5.96,326.2,39878
2026-03-02 16:19:00,-4.92,-0.42,1.83,184.85,20.36,5.27,6.13,324.9,41474
2026-03-02 16:20:00,-4.15,-0.44,1.64,186.09,21.45,4.48,5.62,323.0,48025
2026-03-02 16:21:00,-3.62,-0.41,1.57,186.41,23.29,3.96,5.54,334.2,53333
2026-03-02 16:22:00,-3.92,-0.27,1.61,183.98,22.32,4.25,5.50,334.1,52275
2026-03-02 16:23:00,-3.65,-0.22,1.83,183.44,26.57,4.09,4.62,332.8,32182
2026-03-02 16:24:00,-4.09,-0.45,1.95,186.30,25.36,4.55,4.41,327.9,36437
2026-03-02 16:25:00,-3.89,-0.24,1.64,183.53,22.87,4.23,3.05,335.2,31508
2026-03-02 16:26:00,-3.52,-0.13,1.32,182.18,20.58,3.76,2.94,323.7,27746
2026-03-02 16:27:00,-4.05,-0.28,2.04,183.96,26.68,4.55,4.42,325.1,32932
2026-03-02 16:28:00,-4.12,-0.26,1.84,183.57,24.03,4.52,3.77,330.6,34632
2026-03-02 16:29:00,-4.19,-0.27,1.65,183.66,21.39,4.51,3.63,331.0,31184
2026-03-02 16:30:00,-3.84,-0.28,1.63,184.13,22.98,4.19,3.38,331.3,32657
2026-03-02 16:31:00,-3.01,-0.27,1.96,185.10,32.99,3.60,3.53,325.1,35267
2026-03-02 16:32:00,-3.25,-0.34,1.82,186.04,29.12,3.74,4.08,321.3,39138
2026-03-02 16:33:00,-3.36,-0.31,1.73,185.32,27.18,3.79,6.22,324.4,50334
2026-03-02 16:34:00,-2.86,-0.51,2.00,190.14,34.46,3.53,7.91,321.1,49447
2026-03-02 16:35:00,-2.91,-0.32,2.08,186.23,35.46,3.59,8.69,319.9,29879
2026-03-02 16:36:00,-3.09,0.45,1.86,171.73,30.72,3.63,17.89,333.0,46349
2026-03-02 16:37:00,-3.90,-0.34,1.82,184.97,24.96,4.31,5.67,320.1,44458
2026-03-02 16:38:00,-4.60,-1.17,1.95,194.33,22.33,5.13,4.87,321.1,45232
2026-03-02 16:39:00,-4.32,-1.23,1.89,195.83,22.78,4.87,5.27,319.9,47048
2026-03-02 16:40:00,-4.08,-1.00,1.86,193.80,23.88,4.59,3.70,322.0,51810
2026-03-02 16:41:00,-3.84,-1.21,1.90,197.43,25.21,4.45,3.38,311.6,18675
2026-03-02 16:42:00,-3.69,-0.68,1.71,190.47,24.49,4.12,9.30,331.2,81407
2026-03-02 16:43:00,-4.35,0.58,1.74,172.34,21.69,4.72,5.65,324.7,65149
2026-03-02 16:44:00,-4.53,0.53,1.70,173.28,20.49,4.87,6.53,324.4,38464
2026-03-02 16:45:00,-4.52,0.79,1.50,170.14,18.15,4.82,5.74,323.1,44040
2026-03-02 16:46:00,-4.32,0.58,1.36,172.34,17.31,4.56,5.60,322.9,47377
2026-03-02 16:47:00,-4.52,0.47,1.44,174.08,17.55,4.76,5.74,323.0,46246
2026-03-02 16:48:00,-4.70,0.44,1.39,174.66,16.38,4.92,5.43,322.0,46485
2026-03-02 16:49:00,-5.01,0.48,1.16,174.58,13.00,5.17,5.23,321.2,48660
2026-03-02 16:50:00,-5.28,0.21,1.28,177.69,13.66,5.44,4.73,322.2,53181
2026-03-02 16:51:00,-5.25,0.14,1.31,178.47,14.05,5.41,4.53,326.6,49482
2026-03-02 16:52:00,-5.34,0.05,1.30,179.51,13.70,5.50,6.54,327.7,43523
2026-03-02 16:53:00,-5.34,-0.08,1.25,180.84,13.13,5.48,15.13,327.4,29137
2026-03-02 16:54:00,-5.38,-0.09,1.28,180.92,13.38,5.53,3.75,,
2026-03-02 16:55:00,-5.19,0.13,1.34,178.55,14.49,5.36,3.75,326.4,32353
2026-03-02 16:56:00,-5.18,0.01,1.36,179.91,14.67,5.35,4.41,331.0,39773
2026-03-02 16:57:00,-5.13,0.12,1.48,178.62,16.08,5.34,3.75,332.5,39654
2026-03-02 16:58:00,-4.93,0.14,1.18,178.33,13.50,5.07,3.37,335.0,38713
2026-03-02 16:59:00,-4.44,0.00,1.24,180.04,15.60,4.61,2.83,332.2,40270
2026-03-02 17:00:00,-4.31,0.01,1.28,179.88,16.49,4.49,3.67,320.1,40116
2026-03-02 17:01:00,-4.36,0.15,1.30,178.02,16.55,4.56,3.97,321.9,51246
2026-03-02 17:02:00,-4.56,0.14,1.15,178.25,14.21,4.70,3.38,331.5,52182
2026-03-02 17:03:00,-4.42,0.02,0.99,179.76,12.64,4.53,3.08,334.6,45972
2026-03-02 17:04:00,-3.62,0.12,1.07,178.13,16.51,3.78,3.03,334.1,41531
2026-03-02 17:05:00,-3.53,-0.02,1.04,180.29,16.49,3.68,2.97,333.3,37083
2026-03-02 17:06:00,-3.64,-0.09,1.06,181.41,16.30,3.79,2.95,331.8,34134
2026-03-02 17:07:00,-3.78,0.03,1.28,179.50,18.78,3.99,2.91,331.6,41975
2026-03-02 17:08:00,-4.23,0.26,1.04,176.50,13.75,4.37,4.24,321.1,63850
2026-03-02 17:09:00,-4.27,0.22,0.84,177.05,11.12,4.36,4.83,320.3,58598
2026-03-02 17:10:00,-4.40,0.22,0.91,177.20,11.63,4.50,4.13,325.4,57415
2026-03-02 17:11:00,-4.68,0.19,0.88,177.69,10.62,4.76,2.99,338.9,55624
2026-03-02 17:12:00,-4.39,0.18,0.85,177.71,10.95,4.47,2.89,333.0,42061
2026-03-02 17:13:00,-4.42,0.10,0.81,178.67,10.41,4.49,2.66,336.2,41448
2026-03-02 17:14:00,-4.21,0.11,0.88,178.54,11.86,4.30,1.99,339.7,37584
2026-03-02 17:15:00,-3.84,0.20,0.87,176.96,12.80,3.94,3.34,325.2,57375
2026-03-02 17:16:00,-3.98,0.25,1.00,176.35,14.14,4.11,4.35,321.6,56267
2026-03-02 17:17:00,-3.82,0.21,1.14,176.92,16.60,3.99,3.21,332.3,55484
2026-03-02 17:18:00,-3.76,0.17,1.11,177.47,16.41,3.93,2.60,333.3,42818
2026-03-02 17:19:00,-3.93,0.49,0.82,172.91,11.67,4.05,3.07,320.8,31983
2026-03-02 17:20:00,-4.02,0.62,0.60,171.29,8.35,4.11,4.34,314.4,41304
2026-03-02 17:21:00,-4.05,0.54,0.62,172.43,8.58,4.14,5.49,317.0,53046
2026-03-02 17:22:00,-4.20,0.38,0.62,174.84,8.41,4.26,6.97,318.9,45547
2026-03-02 17:23:00,-4.28,0.17,0.64,177.67,8.55,4.33,8.97,321.3,37007
2026-03-02 17:24:00,-4.02,0.17,0.69,177.63,9.71,4.08,5.42,314.3,51573
2026-03-02 17:25:00,-4.17,0.19,0.70,177.38,9.45,4.23,5.12,315.1,54161
2026-03-02 17:26:00,-4.16,0.17,0.60,177.67,8.26,4.21,5.76,315.7,53135
2026-03-02 17:28:00,-4.25,0.15,0.54,178.03,7.29,4.29,3.53,323.4,35455
2026-03-02 17:29:00,-4.25,0.11,0.63,178.51,8.41,4.30,2.28,336.4,49292
2026-03-02 17:30:00,-4.13,0.11,0.67,178.52,9.14,4.18,2.18,333.5,44479
2026-03-02 17:31:00,-4.16,0.10,0.61,178.56,8.37,4.20,2.22,334.3,35183
2026-03-02 17:32:00,-4.18,0.03,0.55,179.52,7.49,4.22,2.09,332.3,39449
2026-03-02 17:33:00,-4.15,0.01,0.51,179.92,6.95,4.18,1.81,335.0,40343
2026-03-02 17:34:00,-4.23,-0.06,0.52,180.81,6.95,4.26,3.43,320.8,32026
2026-03-02 17:35:00,-4.34,0.00,0.68,179.96,8.96,4.40,4.85,311.8,40853
2026-03-02 17:36:00,-4.58,-0.03,0.82,180.37,10.15,4.65,5.37,317.3,52744
2026-03-02 17:37:00,-4.35,-0.10,0.61,181.35,8.01,4.39,5.33,318.5,51897
2026-03-02 17:38:00,-4.42,-0.13,0.66,181.68,8.51,4.48,4.61,314.2,53557
2026-03-02 17:39:00,-4.43,-0.23,0.77,182.95,9.79,4.50,4.73,314.8,54825
2026-03-02 17:40:00,-4.70,-0.44,0.62,185.32,7.46,4.76,4.51,316.0,55342
2026-03-02 17:41:00,-5.20,-0.46,0.81,185.09,8.82,5.29,4.31,319.8,53879
2026-03-02 17:42:00,-5.15,-0.40,0.97,184.40,10.59,5.26,4.91,321.5,58141
2026-03-02 17:43:00,-5.17,-0.47,0.87,185.22,9.56,5.27,4.19,318.7,60615
2026-03-02 17:44:00,-4.96,-0.65,0.31,187.51,3.53,5.02,5.41,320.6,55629
2026-03-02 17:45:00,-5.06,-0.52,0.30,185.81,3.32,5.10,4.68,320.8,55455
2026-03-02 17:46:00,-4.26,-0.50,0.28,186.64,3.75,4.30,5.05,321.8,58119
2026-03-02 17:47:00,-4.48,-0.61,0.32,187.70,4.00,4.53,5.90,321.2,60428
2026-03-02 17:48:00,-4.86,-0.47,1.28,185.54,14.68,5.05,5.33,322.6,52848
2026-03-02 17:49:00,-4.81,-0.67,0.98,187.92,11.39,4.95,5.20,321.3,49199
2026-03-02 17:50:00,-4.75,-0.88,0.67,190.55,7.94,4.88,5.27,320.5,51995
2026-03-02 17:51:00,-4.78,-0.57,0.92,186.82,10.81,4.90,5.03,322.1,55802
2026-03-02 17:52:00,-4.80,-0.75,0.97,188.88,11.33,4.96,4.85,323.5,56460
2026-03-02 17:53:00,-5.06,-0.88,0.87,189.84,9.60,5.21,11.21,323.8,41166
2026-03-02 17:54:00,-5.31,-1.07,-0.02,191.38,-0.21,5.42,16.19,322.6,31556
2026-03-02 17:55:00,-5.33,-0.92,0.24,189.75,2.51,5.41,4.90,318.8,58466
2026-03-02 17:56:00,-5.42,-0.99,0.25,190.40,2.56,5.52,4.62,318.9,53023
2026-03-02 17:57:00,-5.50,-0.88,0.37,189.06,3.82,5.58,4.79,317.3,51328
2026-03-02 17:58:00,-5.45,-0.81,0.37,188.43,3.79,5.53,4.89,318.3,47381
2026-03-02 17:59:00,-5.45,-0.78,0.37,188.13,3.87,5.52,4.72,315.6,50232
2026-03-02 18:00:00,-5.47,-0.78,0.29,188.13,2.99,5.53,4.72,,
2026-03-02 18:01:00,-5.42,-0.72,0.56,187.59,5.86,5.50,9.51,322.4,27597
2026-03-02 18:02:00,-5.44,-0.74,0.45,187.75,4.69,5.51,5.34,316.9,47283
2026-03-02 18:03:00,-5.43,-0.80,0.35,188.40,3.69,5.50,4.77,315.6,49831
2026-03-02 18:04:00,-5.36,-0.75,0.33,187.94,3.52,5.42,5.16,317.1,50792
2026-03-02 18:05:00,-5.45,-0.74,0.43,187.76,4.43,5.52,5.10,317.8,47793
2026-03-02 18:06:00,-5.30,-1.00,0.27,190.67,2.82,5.39,5.01,316.9,48065
2026-03-02 18:07:00,-5.28,-0.84,0.30,189.01,3.25,5.35,4.86,317.8,51177
2026-03-02 18:08:00,-5.15,-1.06,0.08,191.67,0.87,5.25,7.10,322.0,42257
2026-03-02 18:09:00,-5.00,-1.21,-0.06,193.64,-0.70,5.14,7.93,322.1,38694
2026-03-02 18:10:00,-5.22,-1.01,-0.02,190.99,-0.20,5.32,4.57,316.6,53733
2026-03-02 18:11:00,-5.25,-0.72,0.09,187.80,1.00,5.30,4.75,315.2,52338
2026-03-02 18:12:00,-5.26,-0.88,-0.01,189.44,-0.13,5.34,5.25,314.7,46341
2026-03-02 18:13:00,-5.28,-0.88,0.06,189.46,0.60,5.35,5.23,315.9,47915
2026-03-02 18:14:00,-5.32,-0.98,0.03,190.40,0.35,5.41,4.99,316.9,48811
2026-03-02 18:15:00,-5.49,-0.96,-0.23,189.94,-2.41,5.57,4.46,316.4,50365
2026-03-02 18:16:00,-5.34,-1.04,-0.27,191.05,-2.84,5.45,4.72,315.5,52784
2026-03-02 18:17:00,-5.22,-1.04,-0.21,191.25,-2.23,5.33,4.61,315.1,50449
2026-03-02 18:18:00,-5.32,-0.92,0.04,189.84,0.40,5.40,4.80,316.4,51933
2026-03-02 18:19:00,-5.43,-0.93,-0.33,189.72,-3.40,5.52,4.85,316.5,51114
2026-03-02 18:20:00,-5.26,-0.88,-0.44,189.48,-4.76,5.35,4.65,316.7,48304
2026-03-02 18:21:00,-5.37,-0.94,-0.77,189.93,-8.01,5.50,4.46,315.2,47929
2026-03-02 18:22:00,-5.41,-1.14,-0.65,191.87,-6.68,5.57,5.22,317.8,45014
2026-03-02 18:23:00,-5.36,-1.24,-0.42,193.01,-4.41,5.52,5.21,318.9,43964
2026-03-02 18:24:00,-5.20,-1.78,-0.52,198.87,-5.36,5.52,4.81,317.3,47780
2026-03-02 18:25:00,-5.44,-1.29,-0.36,193.37,-3.71,5.61,5.03,316.5,48281
2026-03-02 18:26:00,-5.41,-1.29,-0.40,193.43,-4.15,5.58,4.86,316.9,44957
2026-03-02 18:27:00,-5.50,-1.35,-0.30,193.82,-3.03,5.67,4.52,318.8,46914
2026-03-02 18:28:00,-5.43,-1.42,-0.25,194.70,-2.54,5.61,4.97,318.0,45626
2026-03-02 18:29:00,-5.34,-1.60,-0.34,196.65,-3.51,5.58,5.28,315.3,43670
2026-03-02 18:30:00,-5.32,-1.72,-0.36,197.91,-3.73,5.61,5.13,317.5,42631
2026-03-02 18:31:00,-5.21,-1.87,-0.35,199.74,-3.59,5.54,4.50,315.9,44595
2026-03-02 18:32:00,-5.25,-1.79,-0.40,198.82,-4.12,5.56,4.39,317.4,44669
2026-03-02 18:33:00,-5.28,-1.73,-0.39,198.19,-4.06,5.57,4.39,317.4,44670
2026-03-02 18:34:00,-5.26,-1.73,-0.41,198.19,-4.22,5.55,2.57,323.7,33511
2026-03-02 18:35:00,-5.16,-1.81,-0.44,199.30,-4.60,5.48,4.71,319.0,33525
2026-03-02 18:36:00,-5.20,-1.91,-0.41,200.20,-4.26,5.56,5.32,317.5,40076
2026-03-02 18:37:00,-5.33,-1.44,-0.45,195.08,-4.63,5.54,5.03,316.9,47106
2026-03-02 18:38:00,-5.34,-1.68,-0.45,197.46,-4.56,5.61,4.52,315.5,45546
2026-03-02 18:39:00,-5.28,-1.81,-0.18,198.89,-1.88,5.58,4.81,314.0,42383
2026-03-02 18:40:00,-5.37,-0.58,-0.23,186.21,-2.43,5.41,5.15,314.3,41636
2026-03-02 18:41:00,-5.42,-0.31,-0.25,183.30,-2.64,5.43,4.68,315.2,43849
2026-03-02 18:42:00,-5.35,-0.76,-0.20,188.09,-2.14,5.41,5.40,316.8,45576
2026-03-02 18:43:00,-5.32,-1.02,-0.25,190.84,-2.67,5.43,7.25,319.5,40621
2026-03-02 18:44:00,-5.05,-1.59,-0.23,197.50,-2.46,5.30,5.23,314.3,43331
2026-03-02 18:45:00,-5.05,-1.54,-0.47,196.98,-5.13,5.30,5.04,314.5,44144
2026-03-02 18:46:00,-5.05,-1.35,-0.40,194.92,-4.43,5.24,4.91,315.9,42101
2026-03-02 18:47:00,-5.12,-1.33,-0.27,194.51,-2.93,5.30,4.64,314.9,41898
2026-03-02 18:48:00,-5.28,-1.08,0.17,191.56,1.82,5.40,5.25,314.5,48514
2026-03-02 18:49:00,-5.38,-0.92,0.09,189.74,0.90,5.46,5.41,315.1,45973
2026-03-02 18:50:00,-5.42,-0.69,0.10,187.23,1.08,5.46,4.83,314.1,47086
2026-03-02 18:51:00,-5.41,-0.62,-0.09,186.54,-0.91,5.45,4.65,313.3,43369
2026-03-02 18:52:00,-5.49,-0.67,-0.03,186.95,-0.35,5.53,4.83,312.8,40061
2026-03-02 18:53:00,-5.44,-0.90,-0.17,189.37,-1.80,5.52,4.82,313.4,38506
2026-03-02 18:54:00,-5.31,-1.29,-0.33,193.67,-3.47,5.48,4.91,313.5,38167
2026-03-02 18:55:00,-5.40,-1.15,-0.05,192.03,-0.54,5.52,5.00,314.3,38916
2026-03-02 18:56:00,-5.47,-0.73,0.30,187.57,3.13,5.52,4.95,314.5,40132
2026-03-02 18:57:00,-5.45,-0.75,0.40,187.85,4.13,5.52,5.45,314.8,41592
2026-03-02 18:58:00,-5.27,-0.91,0.28,189.80,3.02,5.35,5.89,316.2,42673
2026-03-02 18:59:00,-5.26,-1.20,0.02,192.87,0.25,5.39,4.86,315.0,43064
2026-03-02 19:00:00,-5.10,-1.36,-0.35,194.89,-3.77,5.28,4.65,316.7,44896
2026-03-02 19:01:00,-5.04,-1.27,0.46,194.18,5.01,5.22,6.17,317.7,39391
2026-03-02 19:02:00,-4.16,-0.78,1.31,190.67,17.18,4.43,14.39,322.2,24324
2026-03-02 19:03:00,-3.94,-0.94,1.38,193.46,18.79,4.28,6.38,313.6,48046
2026-03-02 19:04:00,-3.93,-1.09,1.32,195.53,17.91,4.28,6.29,312.8,37553
2026-03-02 19:05:00,-3.90,-1.25,1.29,197.78,17.43,4.29,6.20,312.9,37735
2026-03-02 19:06:00,-3.98,-0.86,1.44,192.24,19.47,4.31,6.20,312.9,37768
2026-03-02 19:07:00,-4.04,-0.64,1.21,189.01,16.51,4.27,4.35,321.8,25870
2026-03-02 19:08:00,-4.05,-0.37,1.17,185.24,16.08,4.24,2.71,329.6,28647
2026-03-02 19:09:00,-4.04,-0.16,1.30,182.29,17.76,4.25,3.30,319.4,27730
2026-03-02 19:10:00,-3.96,-0.30,1.52,184.30,20.93,4.25,4.45,318.9,32916
2026-03-02 19:11:00,-3.92,-0.35,1.58,185.07,21.95,4.24,3.88,326.7,37250
2026-03-02 19:12:00,-3.91,-0.33,1.46,184.88,20.43,4.19,3.07,330.6,34511
2026-03-02 19:13:00,-3.96,-0.20,1.48,182.95,20.50,4.24,3.21,330.5,29177
2026-03-02 19:14:00,-3.95,0.07,1.66,178.96,22.80,4.29,3.22,329.2,25603
2026-03-02 19:15:00,-3.79,0.68,1.81,169.89,25.14,4.25,2.97,330.4,25203
2026-03-02 19:16:00,-3.79,0.12,1.70,178.12,24.17,4.16,3.26,324.9,25653
2026-03-02 19:17:00,-3.84,-0.70,1.41,190.40,19.93,4.15,4.39,311.9,31113
2026-03-02 19:18:00,-3.74,-1.26,1.30,198.61,18.27,4.15,4.59,317.3,40863
2026-03-02 19:19:00,-3.76,-1.32,1.23,199.31,17.11,4.16,5.00,324.0,37440
2026-03-02 19:20:00,-3.70,-0.93,1.52,194.08,21.70,4.10,3.40,328.5,31634
2026-03-02 19:21:00,-3.73,-0.57,1.37,188.72,20.04,4.01,3.50,330.6,23040
2026-03-02 19:22:00,-3.50,-0.93,1.15,194.91,17.66,3.80,3.98,316.4,25147
2026-03-02 19:23:00,-2.57,-1.16,0.73,204.32,14.43,2.91,5.59,319.7,33537
2026-03-02 19:24:00,-2.37,-1.39,0.64,210.34,13.15,2.82,6.85,320.4,35519
2026-03-02 19:25:00,-2.63,-1.40,0.71,207.98,13.36,3.07,7.20,318.8,35953
2026-03-02 19:26:00,-2.42,-1.39,0.60,209.95,12.05,2.85,7.06,318.5,36008
2026-03-02 19:27:00,-2.72,-1.38,0.89,206.80,16.21,3.18,6.11,319.4,40372
2026-03-02 19:28:00,-2.70,-1.21,0.81,204.24,15.33,3.07,8.72,321.2,34099
2026-03-02 19:29:00,-2.77,-1.15,0.86,202.67,15.97,3.12,10.71,320.6,27840
2026-03-02 19:30:00,-2.67,-1.06,0.83,201.62,16.06,2.99,7.31,318.1,37155
2026-03-02 19:31:00,-2.74,-1.02,0.81,200.50,15.52,3.03,7.41,319.9,35071
2026-03-02 19:32:00,-2.99,-0.57,0.98,190.80,17.90,3.20,7.25,318.2,36919
2026-03-02 19:33:00,-3.04,-0.66,0.97,192.31,17.36,3.26,7.91,318.5,36795
2026-03-02 19:34:00,-2.87,-0.86,1.02,196.73,18.87,3.17,6.99,316.4,38714
2026-03-02 19:35:00,-2.65,-0.92,0.87,199.18,17.17,2.94,6.72,318.2,36956
2026-03-02 19:36:00,-2.44,-0.31,1.31,187.22,28.09,2.79,7.17,319.0,39088
2026-03-02 19:37:00,-1.62,0.65,1.77,158.18,45.40,2.49,6.89,317.8,38979
2026-03-02 19:38:00,-2.08,0.52,1.68,165.82,38.11,2.72,6.39,319.9,40536
2026-03-02 19:39:00,-2.66,-0.80,0.86,196.82,17.19,2.91,6.31,320.2,40813
2026-03-02 19:41:00,-0.66,-2.13,-1.52,252.67,-34.33,2.70,4.48,327.4,38015
2026-03-02 19:42:00,-0.04,-2.30,-2.05,269.08,-41.72,3.08,3.70,328.9,26761
2026-03-02 19:43:00,-0.10,-1.85,-1.70,266.98,-42.54,2.52,4.05,321.5,20724
2026-03-02 19:44:00,-0.16,-2.03,-2.05,265.50,-45.18,2.89,5.27,316.4,25579
2026-03-02 19:45:00,0.15,-2.01,-2.21,274.17,-47.60,2.99,5.22,321.7,29894
2026-03-02 19:46:00,-0.04,-2.13,-2.11,268.98,-44.76,3.00,4.24,325.1,27770
2026-03-02 19:47:00,-0.23,-2.27,-1.81,264.15,-38.41,2.92,3.76,325.5,21702
2026-03-02 19:48:00,-0.35,-2.53,-2.02,262.20,-38.30,3.25,3.61,323.9,23267
2026-03-02 19:49:00,-0.28,-2.67,-2.17,264.11,-38.90,3.45,3.68,325.2,19034
2026-03-02 19:50:00,-0.34,-2.19,-1.71,261.23,-37.73,2.80,3.12,324.6,19065
2026-03-02 19:51:00,-0.12,-2.42,-2.26,267.07,-43.01,3.32,6.14,313.4,20480
2026-03-02 19:52:00,-0.04,-2.87,-2.67,269.30,-42.88,3.92,5.93,316.5,37287
2026-03-02 19:53:00,-0.07,-3.52,-2.97,268.87,-40.10,4.61,6.80,316.2,30127
2026-03-02 19:54:00,-0.14,-3.39,-3.11,267.59,-42.56,4.60,6.23,315.6,27418
2026-03-02 19:55:00,-0.22,-3.08,-3.17,265.89,-45.75,4.43,6.02,313.7,25702
2026-03-02 19:56:00,-0.40,-3.45,-3.14,263.44,-42.11,4.68,6.16,313.6,26944
2026-03-02 19:57:00,-0.30,-3.69,-3.17,265.29,-40.56,4.87,5.98,313.5,26829
2026-03-02 19:58:00,-0.42,-3.81,-3.21,263.76,-39.93,5.00,5.52,312.8,26121
2026-03-02 19:59:00,-0.23,-3.34,-3.61,266.13,-47.24,4.92,5.39,313.6,24608
2026-03-02 20:00:00,-0.50,-3.69,-3.25,262.22,-41.05,4.94,5.75,313.1,24305
2026-03-02 20:01:00,-1.11,-3.95,-2.77,254.25,-33.97,4.95,6.00,311.7,26100
2026-03-02 20:02:00,-1.03,-3.99,-2.65,255.54,-32.80,4.90,6.22,313.2,26485
2026-03-02 20:03:00,-1.06,-4.08,-2.62,255.43,-31.85,4.96,6.93,314.3,25230
2026-03-02 20:04:00,-1.25,-4.38,-2.65,254.11,-30.22,5.27,6.66,313.4,26154
2026-03-02 20:05:00,-1.41,-4.46,-2.44,252.50,-27.49,5.27,6.31,313.2,26335
2026-03-02 20:06:00,-1.62,-4.19,-2.78,248.82,-31.69,5.28,6.23,311.1,25089
2026-03-02 20:07:00,-1.59,-4.18,-2.80,249.10,-32.09,5.28,5.73,311.4,25704
2026-03-02 20:08:00,-1.93,-4.23,-2.60,245.49,-29.24,5.32,5.95,310.7,26583
2026-03-02 20:09:00,-2.21,-4.19,-2.51,242.15,-27.93,5.36,5.52,310.8,25946
2026-03-02 20:10:00,-2.13,-4.35,-2.45,243.90,-26.86,5.43,5.19,309.6,29564
2026-03-02 20:11:00,-2.22,-4.66,-2.11,244.49,-22.20,5.58,6.75,310.2,27383
2026-03-02 20:12:00,-2.17,-4.64,-2.19,244.94,-23.14,5.57,7.19,310.4,26600
2026-03-02 20:14:00,-2.15,-4.06,-2.24,242.03,-25.96,5.11,5.32,307.2,14639
2026-03-02 20:15:00,-2.61,-4.10,-1.71,237.52,-19.41,5.15,7.52,315.4,51496
2026-03-02 20:16:00,-3.09,-3.82,-1.61,230.98,-18.09,5.17,7.95,316.7,61207
2026-03-02 20:17:00,-2.78,-3.77,-1.95,233.66,-22.60,5.08,5.61,310.2,33552
2026-03-02 20:18:00,-2.72,-4.27,-1.15,237.50,-12.81,5.19,5.55,310.8,35760
2026-03-02 20:19:00,-2.77,-3.97,-0.69,235.08,-8.14,4.89,6.47,307.9,31181
2026-03-02 20:20:00,-2.56,-3.82,-0.77,236.15,-9.53,4.67,6.11,308.6,30212
2026-03-02 20:21:00,-2.80,-3.59,-0.31,231.99,-3.86,4.56,6.65,308.0,28952
2026-03-02 20:22:00,-2.86,-3.74,-0.43,232.53,-5.19,4.73,6.64,307.7,26127
2026-03-02 20:23:00,-2.69,-3.89,-0.14,235.36,-1.74,4.73,6.90,307.6,29821
2026-03-02 20:24:00,-2.45,-3.90,-0.01,237.87,-0.15,4.61,6.57,309.2,26698
2026-03-02 20:25:00,-2.65,-3.09,-0.99,229.43,-13.64,4.19,6.26,309.9,34428
2026-03-02 20:26:00,-2.52,-3.09,-0.89,230.81,-12.55,4.09,6.24,309.4,29560
2026-03-02 20:27:00,-2.45,-3.08,-0.81,231.47,-11.67,4.02,6.53,310.4,29428
2026-03-02 20:28:00,-2.15,-2.10,-0.68,224.28,-12.80,3.08,5.79,309.4,27687
2026-03-02 20:29:00,-2.04,-1.67,-1.63,219.20,-31.75,3.10,5.65,309.6,25059
2026-03-02 20:30:00,-2.18,-1.64,-1.62,216.90,-30.69,3.17,6.49,312.3,29368
2026-03-02 20:31:00,-2.99,-1.48,-0.80,206.40,-13.56,3.43,6.64,313.2,34118
2026-03-02 20:32:00,-3.29,-1.25,-0.52,200.80,-8.35,3.56,8.22,315.0,34512
2026-03-02 20:33:00,-3.20,-0.66,0.30,191.66,5.31,3.28,9.23,314.9,36933
2026-03-02 20:34:00,-3.07,-0.76,0.62,193.87,11.11,3.22,7.11,311.0,41919
2026-03-02 20:35:00,-3.81,0.03,-0.29,179.48,-4.35,3.83,7.33,313.0,40871
2026-03-02 20:36:00,-4.10,-0.02,0.06,180.21,0.87,4.10,7.71,312.8,38418
2026-03-02 20:37:00,-3.97,-0.11,0.77,181.53,10.97,4.05,7.84,314.0,44602
2026-03-02 20:38:00,-3.79,0.07,1.02,178.98,15.05,3.93,7.80,311.3,45887
2026-03-02 20:39:00,-3.85,0.31,1.31,175.35,18.73,4.07,7.65,309.3,39557
2026-03-02 20:40:00,-3.84,0.52,1.31,172.31,18.61,4.09,6.60,310.3,38203
2026-03-02 20:41:00,-4.23,-0.09,0.77,181.18,10.31,4.30,7.39,310.2,38710
2026-03-02 20:42:00,-4.06,0.12,0.97,178.37,13.45,4.17,7.25,309.5,42130
2026-03-02 20:43:00,-3.99,0.25,1.10,176.41,15.33,4.15,7.20,310.2,45152
2026-03-02 20:44:00,-4.01,0.46,1.45,173.42,19.73,4.29,7.07,309.3,41190
2026-03-02 20:45:00,-3.91,0.42,1.51,173.89,21.02,4.22,7.02,308.8,39358
2026-03-02 20:46:00,-4.03,0.72,1.07,169.85,14.72,4.23,7.14,307.1,41465
2026-03-02 20:47:00,-3.94,0.81,1.28,168.45,17.65,4.22,7.69,309.0,43796
2026-03-02 20:48:00,-3.91,0.83,1.61,167.97,21.99,4.31,7.59,310.6,43568
2026-03-02 20:49:00,-3.89,0.87,1.51,167.40,20.75,4.26,7.08,310.4,40201
2026-03-02 20:50:00,-3.78,0.80,1.40,168.07,19.89,4.11,7.20,310.7,39975
2026-03-02 20:51:00,-3.64,0.62,1.35,170.32,20.13,3.94,6.95,312.5,41966
2026-03-02 20:52:00,-3.76,0.85,1.10,167.21,15.95,4.01,7.98,315.3,45011
2026-03-02 20:53:00,-3.88,0.97,0.85,165.92,11.97,4.09,7.89,311.2,40170
2026-03-02 20:54:00,-3.80,1.05,0.66,164.54,9.51,4.00,7.83,311.2,40246
2026-03-02 20:55:00,-3.69,1.32,0.51,160.26,7.42,3.95,6.73,310.4,41676
2026-03-02 20:56:00,-3.71,1.29,0.19,160.83,2.71,3.93,7.13,310.9,44111
2026-03-02 20:57:00,-3.58,1.14,-0.24,162.28,-3.69,3.76,6.90,311.2,45129
2026-03-02 20:58:00,-3.52,1.04,0.10,163.49,1.52,3.67,7.40,313.2,46235
2026-03-02 20:59:00,-3.22,0.93,0.90,163.85,15.02,3.47,10.73,318.6,37988
2026-03-02 21:00:00,-2.95,0.60,1.34,168.51,23.99,3.30,9.13,314.6,37084
2026-03-02 21:01:00,-3.23,0.63,1.03,168.96,17.44,3.45,8.21,311.8,37378
2026-03-02 21:02:00,-3.21,0.66,0.90,168.33,15.38,3.40,7.96,311.8,38103
2026-03-02 21:03:00,-3.06,0.58,1.13,169.29,19.94,3.31,7.75,313.1,38263
2026-03-02 21:04:00,-3.40,0.43,0.25,172.82,4.14,3.44,7.73,313.8,37939
2026-03-02 21:05:00,-3.43,0.36,0.51,173.96,8.33,3.49,7.76,314.2,38341
2026-03-02 21:06:00,-3.34,0.18,0.65,176.96,10.93,3.41,8.04,315.0,38244
2026-03-02 21:07:00,-3.26,0.42,0.91,172.70,15.47,3.41,8.20,314.8,37204
2026-03-02 21:08:00,-3.26,0.41,0.97,172.92,16.50,3.43,7.51,313.3,37792
2026-03-02 21:09:00,-3.27,0.59,1.19,169.75,19.76,3.53,7.87,313.9,39106
2026-03-02 21:10:00,-2.90,0.55,1.75,169.24,30.60,3.43,7.88,314.6,39116
2026-03-02 21:11:00,-3.07,0.92,1.63,163.33,26.99,3.60,7.40,314.1,38929
2026-03-02 21:12:00,-3.02,1.06,1.67,160.63,27.52,3.61,7.17,311.7,33570
2026-03-02 21:13:00,-2.96,0.68,2.02,167.10,33.63,3.65,7.20,313.4,33258
2026-03-02 21:14:00,-2.79,0.72,1.76,165.57,31.36,3.38,6.79,314.3,36772
2026-03-02 21:15:00,-3.03,0.99,1.94,161.90,31.32,3.73,7.60,313.4,36090
2026-03-02 21:16:00,-3.23,1.39,1.79,156.78,26.99,3.95,7.71,313.5,33887
2026-03-02 21:17:00,-3.03,1.42,1.98,154.90,30.62,3.89,7.53,314.3,34305
2026-03-02 21:18:00,-2.93,1.04,2.10,160.49,34.01,3.76,7.47,314.6,34922
2026-03-02 21:19:00,-2.91,1.18,2.24,157.94,35.52,3.86,6.65,317.8,33100
2026-03-02 21:20:00,-3.34,1.23,2.76,159.71,37.81,4.50,5.49,320.5,30339
2026-03-02 21:21:00,-3.53,1.32,2.52,159.45,33.74,4.53,4.43,322.0,26028
2026-03-02 21:22:00,-3.37,1.89,2.50,150.76,32.97,4.60,5.20,319.0,26103
2026-03-02 21:23:00,-3.63,2.86,2.64,141.81,29.79,5.32,5.68,318.2,32315
2026-03-02 21:24:00,-3.56,2.97,2.67,140.14,30.01,5.35,5.74,317.7,40340
2026-03-02 21:25:00,-3.14,2.86,2.60,137.64,31.47,4.98,5.32,318.5,38218
2026-03-02 21:26:00,-2.20,2.93,2.27,126.92,31.79,4.32,5.82,317.7,34801
2026-03-02 21:27:00,-3.77,2.85,2.50,142.88,27.88,5.34,5.93,316.6,32418
2026-03-02 21:28:00,-3.99,2.98,2.68,143.26,28.29,5.66,6.36,316.5,36810
2026-03-02 21:29:00,-3.99,3.02,2.70,142.85,28.33,5.69,5.84,315.8,40935
2026-03-02 21:30:00,-4.10,3.05,2.69,143.35,27.72,5.77,5.94,315.9,37100
2026-03-02 21:31:00,-4.10,3.17,2.74,142.24,27.85,5.86,5.53,318.4,40284
2026-03-02 21:32:00,-4.10,2.93,2.38,144.45,25.32,5.57,5.02,318.2,40737
2026-03-02 21:33:00,-4.11,2.84,2.47,145.33,26.29,5.58,7.36,320.9,33709
2026-03-02 21:34:00,-4.15,2.76,2.45,146.40,26.14,5.55,6.88,320.2,34909
2026-03-02 21:35:00,-4.28,2.87,2.69,146.15,27.61,5.81,5.49,317.6,38555
2026-03-02 21:36:00,-4.09,2.94,3.03,144.27,30.98,5.88,5.45,316.0,36872
2026-03-02 21:37:00,-4.09,2.96,3.14,144.09,31.87,5.94,5.67,316.2,33985
2026-03-02 21:38:00,-3.95,2.87,3.12,144.04,32.55,5.79,5.84,316.6,33742
2026-03-02 21:39:00,-3.62,3.29,3.09,137.77,32.24,5.79,5.61,314.2,35282
2026-03-02 21:40:00,-3.94,2.90,3.16,143.59,32.83,5.82,5.46,316.1,34676
2026-03-02 21:41:00,-3.85,2.73,3.28,144.65,34.80,5.75,5.48,316.7,33723
2026-03-02 21:42:00,-3.78,2.88,3.37,142.71,35.35,5.83,5.41,315.3,37437
2026-03-02 21:43:00,-3.95,2.76,3.62,145.08,36.94,6.03,5.95,316.6,33995
2026-03-02 21:44:00,-3.68,3.27,3.30,138.38,33.82,5.92,5.48,316.3,38610
2026-03-02 21:45:00,-3.60,3.06,3.77,139.65,38.61,6.04,5.65,318.6,35488
2026-03-02 21:46:00,-3.78,2.74,3.73,144.06,38.59,5.97,5.66,315.1,31239
2026-03-02 21:47:00,-3.63,2.59,3.25,144.56,36.04,5.52,5.64,313.7,34784
2026-03-02 21:48:00,-3.40,2.59,3.35,142.76,38.11,5.43,5.72,315.9,35004
2026-03-02 21:49:00,-3.43,2.46,3.27,144.40,37.79,5.34,5.66,315.3,34809
2026-03-02 21:50:00,-3.95,2.65,3.44,146.15,35.94,5.87,5.67,315.2,34972
2026-03-02 21:51:00,-3.99,2.82,3.59,144.71,36.28,6.06,5.72,315.7,35019
2026-03-02 21:52:00,-3.94,2.70,3.58,145.54,36.84,5.97,5.58,315.1,36783
2026-03-02 21:53:00,-3.89,2.90,3.40,143.28,35.08,5.92,5.40,315.3,36709
2026-03-02 21:54:00,-3.87,2.90,3.32,143.16,34.52,5.87,5.29,315.2,35908
2026-03-02 21:55:00,-3.78,2.98,3.08,141.74,32.59,5.72,5.75,314.2,34777
2026-03-02 21:56:00,-3.70,3.06,3.07,140.42,32.53,5.70,5.87,313.6,35940
2026-03-02 21:57:00,-3.59,3.23,2.94,138.03,31.35,5.66,5.72,313.3,36197
2026-03-02 21:58:00,-4.49,2.09,3.89,155.07,38.15,6.30,5.77,315.2,33384
2026-03-02 22:00:00,-4.67,1.85,3.84,158.40,37.42,6.32,5.45,310.2,36989
2026-03-02 22:01:00,-4.77,2.23,3.56,154.96,34.03,6.35,5.69,311.8,34329
2026-03-02 22:02:00,-4.88,2.00,3.61,157.72,34.38,6.38,5.29,313.2,32499
2026-03-02 22:03:00,-4.86,1.81,3.73,159.62,35.69,6.39,5.49,311.5,32158
2026-03-02 22:04:00,-4.78,1.85,3.79,158.89,36.48,6.37,5.21,310.5,34523
2026-03-02 22:05:00,-4.91,1.95,3.61,158.32,34.37,6.40,4.97,310.3,35051
2026-03-02 22:06:00,-4.90,2.03,3.62,157.52,34.28,6.42,4.98,310.4,34469
2026-03-02 22:07:00,-4.90,2.22,3.68,155.67,34.40,6.52,5.40,312.1,34102
2026-03-02 22:08:00,-4.80,2.16,3.76,155.83,35.53,6.47,5.83,313.1,36018
2026-03-02 22:09:00,-4.81,2.09,3.72,156.53,35.37,6.43,5.70,311.4,36038
2026-03-02 22:10:00,-4.72,2.06,3.86,156.38,36.84,6.43,5.44,310.2,31904
2026-03-02 22:11:00,-4.70,1.93,4.06,157.65,38.66,6.50,5.77,311.5,31686
2026-03-02 22:12:00,-4.84,1.91,3.81,158.46,36.24,6.45,6.01,311.5,33172
2026-03-02 22:13:00,-4.78,1.78,3.78,159.59,36.58,6.35,5.50,314.7,36393
2026-03-02 22:14:00,-4.88,1.86,3.66,159.11,35.02,6.38,5.60,312.0,30976
2026-03-02 22:15:00,-4.92,2.03,3.42,157.58,32.71,6.32,5.43,311.3,29781
2026-03-02 22:16:00,-4.54,1.84,3.78,157.97,37.68,6.19,5.78,311.6,32590
2026-03-02 22:17:00,-4.43,1.88,3.97,157.01,39.56,6.24,5.49,312.6,33981
2026-03-02 22:18:00,-4.49,1.94,3.76,156.62,37.49,6.17,5.58,312.1,33732
2026-03-02 22:19:00,-4.52,1.92,3.54,156.92,35.81,6.05,5.51,311.6,34645
2026-03-02 22:20:00,-4.42,1.84,3.52,157.38,36.33,5.95,5.74,313.0,34365
2026-03-02 22:21:00,-4.49,1.82,3.40,157.88,35.02,5.92,5.49,313.3,36797
2026-03-02 22:22:00,-4.36,2.00,3.37,155.32,35.10,5.86,5.58,312.3,37405
2026-03-02 22:23:00,-4.32,2.16,3.39,153.49,35.08,5.90,5.38,311.9,36301
2026-03-02 22:24:00,-4.41,1.83,3.33,157.50,34.86,5.82,4.99,312.2,35816
2026-03-02 22:25:00,-4.38,1.81,3.30,157.55,34.84,5.78,4.68,313.7,33052
2026-03-02 22:26:00,-4.53,1.96,3.32,156.55,33.97,5.95,4.83,313.6,35725
2026-03-02 22:27:00,-4.63,2.03,3.45,156.29,34.31,6.12,5.38,313.1,39318
2026-03-02 22:28:00,-4.57,1.94,3.46,157.06,34.87,6.05,6.03,312.4,33753
2026-03-02 22:29:00,-4.71,2.02,3.04,156.75,30.70,5.96,5.72,313.1,38039
2026-03-02 22:30:00,-4.64,2.14,2.97,155.19,30.18,5.91,6.17,313.5,38080
2026-03-02 22:31:00,-4.54,2.10,2.88,155.14,29.90,5.77,5.70,311.8,38742
2026-03-02 22:32:00,-4.21,1.88,2.88,155.90,32.00,5.43,5.95,312.1,35464
2026-03-02 22:33:00,-4.31,1.98,2.91,155.32,31.55,5.57,6.31,313.0,36488
2026-03-02 22:34:00,-4.36,1.95,3.15,155.88,33.38,5.72,7.37,316.7,37181
2026-03-02 22:35:00,-3.99,2.28,3.51,150.28,37.41,5.78,6.68,313.5,36618
2026-03-02 22:36:00,-3.77,2.41,3.84,147.40,40.66,5.90,6.08,313.1,34988
2026-03-02 22:37:00,-3.42,2.62,4.03,142.53,43.08,5.90,5.80,314.2,30695
2026-03-02 22:38:00,-3.33,2.43,4.46,143.82,47.25,6.07,5.78,316.4,31699
2026-03-02 22:39:00,-3.09,1.93,4.93,147.96,53.53,6.13,6.07,317.9,32864
2026-03-02 22:40:00,-3.21,1.68,5.08,152.34,54.52,6.24,6.09,318.5,31709
2026-03-02 22:41:00,-3.25,1.73,4.85,152.04,52.83,6.09,5.88,318.5,30251
2026-03-02 22:42:00,-3.65,1.68,4.64,155.26,49.08,6.14,5.99,317.6,29182
2026-03-02 22:43:00,-3.78,1.52,4.37,158.03,47.01,5.97,6.40,317.5,31892
2026-03-02 22:44:00,-3.67,2.13,3.29,149.87,37.83,5.37,7.49,316.4,34051
2026-03-02 22:45:00,-3.86,2.56,2.85,146.41,31.62,5.44,7.15,316.3,31052
2026-03-02 22:46:00,-3.90,2.65,3.32,145.86,35.13,5.77,7.65,316.0,31697
2026-03-02 22:47:00,-3.92,2.45,3.16,147.99,34.35,5.59,7.38,315.1,32276
2026-03-02 22:48:00,-3.34,1.08,4.03,162.00,48.94,5.34,6.98,316.5,32433
2026-03-02 22:49:00,-3.14,0.21,4.78,176.18,56.64,5.73,6.67,316.9,38444
2026-03-02 22:50:00,-3.20,1.03,4.97,162.20,55.97,6.00,7.29,318.6,38629
2026-03-02 22:51:00,-3.90,1.44,5.08,159.71,50.65,6.57,6.37,316.0,31404
2026-03-02 22:52:00,-4.52,2.79,4.04,148.29,37.27,6.67,6.34,317.6,40168
2026-03-02 22:53:00,-4.52,2.86,3.59,147.69,33.86,6.44,6.56,318.1,43055
2026-03-02 22:54:00,-4.01,2.60,3.63,147.07,37.26,6.00,6.69,318.7,43925
2026-03-02 22:55:00,-3.37,1.83,4.94,151.47,52.20,6.25,6.57,319.5,41757
2026-03-02 22:56:00,-3.26,2.19,5.01,146.07,51.90,6.36,6.93,320.0,40002
2026-03-02 22:57:00,-3.60,2.58,4.39,144.35,44.73,6.23,7.56,320.4,41645
2026-03-02 22:58:00,-3.74,3.06,3.83,140.69,38.39,6.16,7.10,319.2,36520
2026-03-02 22:59:00,-3.89,2.64,4.08,145.79,40.98,6.23,6.68,320.1,35979
2026-03-02 23:00:00,-4.15,2.27,3.84,151.36,39.04,6.09,5.94,322.3,35988
2026-03-02 23:01:00,-4.19,2.15,4.01,152.78,40.39,6.18,8.21,319.6,43174
2026-03-02 23:02:00,-3.80,2.24,4.10,149.51,42.91,6.02,7.95,322.7,42931
2026-03-02 23:03:00,-3.67,2.25,4.33,148.48,45.11,6.11,5.74,324.5,50256
2026-03-02 23:04:00,-3.65,2.37,4.43,146.97,45.51,6.21,6.86,323.9,33579
2026-03-02 23:05:00,-3.57,2.50,4.35,144.93,44.93,6.16,7.43,324.1,37868
2026-03-02 23:06:00,-3.18,2.47,4.37,142.13,47.31,5.95,7.86,322.0,39709
2026-03-02 23:07:00,-3.63,2.03,3.16,150.78,37.25,5.22,6.82,321.1,45824
2026-03-02 23:08:00,-3.23,2.00,2.91,148.23,37.39,4.79,8.72,322.5,47665
2026-03-02 23:09:00,-2.28,0.45,-1.57,168.90,-34.01,2.80,8.64,326.3,60163
2026-03-02 23:10:00,-2.20,-1.80,-4.86,219.26,-59.69,5.63,6.91,327.6,65553
2026-03-02 23:11:00,-1.38,-2.57,-4.69,241.77,-58.07,5.52,6.02,326.7,61912
2026-03-02 23:12:00,-1.45,0.09,-5.52,176.27,-75.28,5.71,5.40,327.2,57842
2026-03-02 23:13:00,-2.14,-0.27,-5.37,187.31,-68.12,5.78,4.82,328.5,55295
2026-03-02 23:14:00,-3.50,0.59,-4.49,170.51,-51.69,5.72,5.14,328.9,52274
2026-03-02 23:15:00,-3.88,2.27,-3.61,149.71,-38.74,5.77,5.90,327.2,52086
2026-03-02 23:16:00,-4.00,3.82,-0.99,136.35,-10.16,5.62,7.71,322.5,62975
2026-03-02 23:17:00,-4.25,3.42,-0.41,141.16,-4.33,5.47,7.23,322.9,59010
2026-03-02 23:18:00,-1.74,1.38,6.00,141.51,69.72,6.40,7.20,321.4,63540
2026-03-02 23:19:00,-2.82,2.78,7.43,135.40,61.99,8.42,5.91,338.4,52308
2026-03-02 23:20:00,-2.74,2.55,7.47,137.06,63.42,8.35,4.70,341.3,53269
2026-03-02 23:21:00,-2.46,2.04,6.47,140.24,63.72,7.22,4.80,337.5,49239
2026-03-02 23:22:00,-2.50,2.09,5.74,140.07,60.42,6.59,6.69,339.9,37954
2026-03-02 23:23:00,-2.31,1.55,6.28,146.14,66.09,6.87,6.82,341.3,42811
2026-03-02 23:24:00,-2.48,1.87,6.45,142.87,64.29,7.16,5.98,341.6,47586
2026-03-02 23:25:00,-3.17,3.05,5.45,136.03,51.11,7.01,5.90,344.3,44585
2026-03-02 23:26:00,-2.79,2.77,5.72,135.23,55.50,6.95,5.56,345.8,39002
2026-03-02 23:27:00,-4.31,4.41,3.82,134.35,31.78,7.25,4.71,341.0,47699
2026-03-02 23:28:00,-4.21,5.06,2.90,129.77,23.80,7.19,3.90,336.5,57702
2026-03-02 23:29:00,-4.33,5.43,-1.21,128.58,-9.85,7.05,3.78,339.5,61013
2026-03-02 23:30:00,-4.61,5.43,-0.92,130.31,-7.33,7.18,4.23,344.4,67069
2026-03-02 23:31:00,-4.72,5.31,-1.05,131.63,-8.43,7.18,5.25,345.4,71000
2026-03-02 23:32:00,-4.76,5.42,-0.47,131.28,-3.72,7.23,5.20,346.3,67902
2026-03-02 23:33:00,-5.09,5.02,1.44,135.37,11.40,7.30,4.98,349.7,55149
2026-03-02 23:34:00,-4.78,3.60,3.42,143.01,29.74,6.90,5.28,347.5,63228
2026-03-02 23:35:00,-4.77,2.58,4.51,151.56,39.78,7.05,5.54,344.6,65720
2026-03-02 23:36:00,-4.85,2.88,4.50,149.26,38.56,7.22,5.35,343.2,57956
2026-03-02 23:37:00,-4.92,2.55,4.91,152.55,41.53,7.40,6.63,347.2,40401
2026-03-02 23:38:00,-4.88,2.82,4.54,149.98,38.87,7.24,7.15,345.3,51854
2026-03-02 23:39:00,-4.87,4.52,2.78,137.15,22.69,7.20,5.51,347.7,55863
2026-03-02 23:40:00,-5.06,4.69,2.38,137.16,19.04,7.29,5.36,348.5,62206
2026-03-02 23:41:00,-4.95,4.67,2.73,136.67,21.84,7.33,5.17,348.5,54042
2026-03-02 23:42:00,-4.59,4.91,2.60,133.07,21.15,7.20,4.98,349.3,66308
2026-03-02 23:43:00,-4.61,3.77,3.71,140.71,31.91,7.02,6.29,347.7,70069
2026-03-02 23:44:00,-3.62,0.18,5.36,177.23,55.89,6.47,7.96,345.5,57066
2026-03-02 23:45:00,-3.91,0.63,5.61,170.82,54.75,6.87,7.29,346.9,48579
2026-03-02 23:46:00,-4.71,2.58,4.10,151.29,37.36,6.76,5.73,348.5,57180
2026-03-02 23:47:00,-4.52,2.68,4.41,149.33,40.02,6.86,6.53,346.5,76753
2026-03-02 23:48:00,-4.79,4.00,3.03,140.16,25.92,6.94,6.42,347.9,50532
2026-03-02 23:49:00,-3.93,1.88,4.98,154.48,48.88,6.62,5.46,346.8,55118
2026-03-02 23:50:00,-3.69,0.22,6.04,176.58,58.52,7.09,5.95,349.3,50094
2026-03-02 23:51:00,-4.12,0.89,5.68,167.77,53.44,7.08,4.96,345.9,57663
2026-03-02 23:52:00,-4.72,1.28,5.63,164.86,49.03,7.46,5.79,343.0,56138
2026-03-02 23:53:00,-4.69,1.53,5.79,161.97,49.57,7.60,5.09,344.4,49387
2026-03-02 23:54:00,-4.43,1.74,5.52,158.51,49.22,7.29,5.89,343.8,59026
2026-03-02 23:55:00,-4.60,2.76,5.04,149.05,43.22,7.35,5.60,343.5,57407
2026-03-02 23:56:00,-4.56,2.66,5.31,149.73,45.18,7.49,5.12,346.5,45935
2026-03-02 23:57:00,-4.59,1.97,5.75,156.74,49.02,7.61,5.42,346.1,55425
2026-03-02 23:58:00,-4.73,1.50,5.67,162.35,48.81,7.54,6.20,344.1,58843
2026-03-02 23:59:00,-4.44,1.22,5.91,164.61,52.08,7.49,6.32,346.4,50570
2026-03-03 00:00:00,-4.14,1.79,6.00,156.56,53.06,7.50,6.13,349.5,43326
2026-03-03 00:01:00,-4.14,1.95,6.01,154.76,52.69,7.55,6.20,349.8,46165
2026-03-03 00:02:00,-3.57,2.53,6.05,144.64,54.14,7.46,6.51,349.5,52138
2026-03-03 00:03:00,-3.21,3.09,5.97,136.10,53.26,7.45,7.12,348.9,46132
2026-03-03 00:04:00,-3.56,2.97,5.92,140.18,51.92,7.52,6.91,348.9,46876
2026-03-03 00:05:00,-3.71,2.95,5.82,141.47,50.83,7.51,6.95,348.9,46829
2026-03-03 00:06:00,-3.87,3.10,5.77,141.37,49.33,7.61,7.20,348.9,46268
2026-03-03 00:07:00,-4.16,2.81,5.85,145.96,49.37,7.71,6.55,349.5,42333
2026-03-03 00:08:00,-4.41,0.73,6.57,170.57,55.78,7.95,5.65,351.3,41219
2026-03-03 00:09:00,-4.00,2.21,6.21,151.07,53.61,7.71,6.04,350.6,53415
2026-03-03 00:10:00,-3.70,1.91,6.41,152.69,56.99,7.64,6.80,349.1,49292
2026-03-03 00:11:00,-4.12,0.90,5.68,167.71,53.44,7.08,7.14,351.1,47170
2026-03-03 00:12:00,-4.01,4.87,3.91,129.46,31.77,7.42,6.15,352.0,57388
2026-03-03 00:13:00,-3.88,5.30,4.12,126.21,32.07,7.76,4.96,350.6,68765
2026-03-03 00:14:00,-3.89,4.46,4.89,131.06,39.60,7.68,5.01,351.0,64410
2026-03-03 00:15:00,-3.84,4.51,5.34,130.39,42.04,7.98,5.19,352.5,49634
2026-03-03 00:16:00,-3.07,2.52,6.51,140.66,58.61,7.63,5.81,353.4,47917
2026-03-03 00:17:00,-3.46,1.85,7.13,151.94,61.17,8.14,6.19,352.9,56169
2026-03-03 00:18:00,-3.56,3.52,6.38,135.31,51.91,8.11,5.56,351.4,57517
2026-03-03 00:19:00,-3.93,3.92,5.98,135.05,47.09,8.16,6.18,350.5,56983
2026-03-03 00:20:00,-4.55,3.75,5.90,140.50,45.07,8.34,6.27,349.9,50037
2026-03-03 00:21:00,-3.79,3.50,7.08,137.22,53.91,8.76,5.69,349.3,56279
2026-03-03 00:22:00,-4.47,3.46,6.73,142.25,49.95,8.79,4.86,352.1,52896
2026-03-03 00:23:00,-4.34,2.66,7.37,148.44,55.38,8.96,4.21,350.9,48082
2026-03-03 00:24:00,-5.07,2.34,7.24,155.17,52.34,9.14,4.76,351.6,55650
2026-03-03 00:25:00,-5.01,2.11,7.09,157.13,52.53,8.94,5.40,348.2,60360
2026-03-03 00:26:00,-5.38,1.34,7.08,166.02,51.92,8.99,5.73,348.9,53028
2026-03-03 00:27:00,-4.35,3.85,6.91,138.48,49.94,9.03,5.21,351.9,48709
2026-03-03 00:28:00,-3.82,3.70,7.17,135.95,53.43,8.92,5.03,353.4,53066
2026-03-03 00:29:00,-3.92,3.81,7.17,135.84,52.70,9.02,5.67,352.5,57136
2026-03-03 00:30:00,-4.28,4.03,7.09,136.69,50.31,9.21,4.99,352.1,53586
2026-03-03 00:31:00,-4.05,4.11,7.18,134.59,51.20,9.21,4.93,351.8,52878
2026-03-03 00:32:00,-3.83,4.26,7.29,132.01,51.82,9.27,5.31,352.7,53175
2026-03-03 00:33:00,-3.56,4.32,7.48,129.49,53.18,9.34,5.05,353.5,52563
2026-03-03 00:34:00,-3.41,4.17,7.52,129.24,54.37,9.25,5.21,353.1,57240
2026-03-03 00:35:00,-3.16,4.33,7.51,126.11,54.50,9.23,5.67,354.9,59733
2026-03-03 00:36:00,-3.33,4.66,7.46,125.59,52.48,9.40,6.39,353.5,57803
2026-03-03 00:37:00,-3.47,4.61,7.45,126.97,52.28,9.42,5.88,352.8,55254
2026-03-03 00:38:00,-3.35,4.77,7.40,125.13,51.76,9.42,5.87,352.8,54998
2026-03-03 00:39:00,-3.31,4.85,7.38,124.33,51.50,9.43,5.69,352.8,50139
2026-03-03 00:40:00,-3.61,4.81,7.34,126.91,50.69,9.49,5.37,353.1,55178
2026-03-03 00:41:00,-3.31,4.60,7.59,125.73,53.24,9.47,5.68,353.7,50995
2026-03-03 00:42:00,-3.28,4.85,7.42,124.09,51.75,9.45,4.86,356.9,45083
2026-03-03 00:43:00,-2.64,5.71,6.19,114.81,44.54,8.83,5.13,357.6,49749
2026-03-03 00:44:00,-3.24,4.70,7.52,124.54,52.79,9.44,5.49,354.9,55263
2026-03-03 00:45:00,-3.05,3.55,7.97,130.69,59.60,9.24,5.74,354.8,49033
2026-03-03 00:46:00,-2.64,3.54,8.17,126.74,61.59,9.29,6.23,356.4,47010
2026-03-03 00:47:00,-3.47,3.91,7.77,131.54,56.04,9.36,6.43,356.4,48775
2026-03-03 00:48:00,-3.83,4.71,7.01,129.09,49.11,9.27,6.75,354.3,50028
2026-03-03 00:49:00,-3.71,5.99,6.21,121.82,41.38,9.39,6.41,353.9,51522
2026-03-03 00:50:00,-4.06,6.43,5.17,122.31,34.20,9.19,4.98,355.4,55609
2026-03-03 00:51:00,-3.45,6.60,4.75,117.58,32.53,8.83,4.88,354.0,63403
2026-03-03 00:52:00,-2.38,7.33,4.05,107.97,27.72,8.71,5.03,353.5,60561
2026-03-03 00:53:00,-2.75,6.99,4.04,111.43,28.26,8.53,4.43,356.1,52088
2026-03-03 00:54:00,-2.69,6.88,4.25,111.37,29.91,8.52,4.17,355.6,53236
2026-03-03 00:55:00,-3.41,6.91,2.20,116.29,15.92,8.01,5.16,355.2,64006
2026-03-03 00:56:00,-4.37,7.69,0.19,119.63,1.22,8.84,2.81,355.0,84832
2026-03-03 00:57:00,-5.17,5.62,6.07,132.62,38.49,9.75,2.75,355.5,73442
2026-03-03 00:58:00,-4.91,5.50,6.34,131.72,40.71,9.73,4.48,354.9,55459
2026-03-03 00:59:00,-4.63,5.89,6.21,128.19,39.65,9.73,5.43,352.9,53558
2026-03-03 01:00:00,-4.70,5.80,6.23,129.01,39.82,9.72,4.83,354.1,49425
2026-03-03 01:01:00,-4.60,5.46,6.49,130.11,42.25,9.65,4.54,355.7,47290
2026-03-03 01:02:00,-4.62,5.99,6.13,127.66,39.01,9.74,4.29,354.4,55390
2026-03-03 01:03:00,-4.18,5.02,7.01,129.76,46.99,9.58,4.92,354.4,56697
2026-03-03 01:04:00,-4.42,5.90,6.04,126.87,39.32,9.53,5.56,355.7,48768
2026-03-03 01:05:00,-4.71,6.89,4.91,124.37,30.45,9.69,4.68,355.2,51610
2026-03-03 01:06:00,-4.57,6.84,5.12,123.74,31.92,9.69,3.72,353.3,62599
2026-03-03 01:07:00,-4.09,6.72,5.42,121.31,34.55,9.55,4.17,351.8,61544
2026-03-03 01:08:00,-3.98,7.22,4.92,118.86,30.80,9.60,4.15,354.7,60479
2026-03-03 01:09:00,-3.62,6.28,5.96,119.96,39.43,9.38,3.57,354.1,50740
2026-03-03 01:10:00,-3.78,6.15,6.33,121.62,41.27,9.60,4.24,,
2026-03-03 01:11:00,-3.60,6.39,6.13,119.35,39.90,9.56,4.24,352.6,66643
2026-03-03 01:12:00,-2.67,6.05,6.49,113.80,44.49,9.27,4.95,356.3,48161
2026-03-03 01:13:00,-0.81,5.91,6.96,97.80,49.40,9.16,5.76,358.6,56040
2026-03-03 01:14:00,-1.77,6.21,6.59,105.93,45.58,9.23,5.70,360.3,49975
2026-03-03 01:16:00,-2.87,6.65,5.80,113.33,38.66,9.28,4.95,356.7,48055
2026-03-03 01:17:00,-3.89,7.44,5.17,117.59,31.60,9.86,4.99,358.0,52609
2026-03-03 01:18:00,-3.70,7.76,4.61,115.46,28.21,9.76,4.91,356.8,56631
2026-03-03 01:19:00,-3.36,8.09,4.41,112.54,26.73,9.80,5.10,357.0,52702
2026-03-03 01:20:00,-3.26,8.20,3.81,111.69,23.34,9.61,5.05,357.7,51825
2026-03-03 01:21:00,-3.08,8.37,3.83,110.19,23.25,9.71,4.67,357.4,57087
2026-03-03 01:22:00,-3.16,8.74,3.42,109.85,20.23,9.90,4.29,359.1,53116
2026-03-03 01:23:00,-3.33,8.78,2.96,110.79,17.48,9.85,3.80,359.7,44319
2026-03-03 01:24:00,-3.39,8.93,2.52,110.76,14.79,9.88,3.53,360.0,46139
2026-03-03 01:25:00,-3.63,9.02,1.98,111.91,11.50,9.92,3.32,356.2,60342
2026-03-03 01:26:00,-4.12,8.77,1.34,115.17,7.85,9.78,3.03,357.8,63282
2026-03-03 01:27:00,-4.23,8.77,0.75,115.74,4.39,9.76,3.12,356.8,65066
2026-03-03 01:28:00,-3.61,8.33,0.03,113.42,0.21,9.08,2.69,352.5,68134
2026-03-03 01:29:00,-4.26,7.95,-0.50,118.22,-3.15,9.03,3.21,351.4,76619
2026-03-03 01:30:00,-4.33,7.92,-1.91,118.66,-11.93,9.23,2.64,350.6,85542
2026-03-03 01:31:00,-4.26,7.87,-0.76,118.42,-4.84,8.98,2.55,350.3,73813
2026-03-03 01:32:00,-3.75,8.10,-1.30,114.85,-8.28,9.02,2.62,351.7,72004
2026-03-03 01:33:00,-4.28,7.69,-1.78,119.11,-11.46,8.98,2.99,350.2,71642
2026-03-03 01:34:00,-4.84,7.45,-0.38,123.03,-2.44,8.89,3.07,351.9,75215
2026-03-03 01:35:00,-4.35,8.31,-0.46,117.65,-2.80,9.39,3.36,354.4,72868
2026-03-03 01:36:00,-3.97,8.61,-0.14,114.75,-0.84,9.48,3.53,354.4,67146
2026-03-03 01:37:00,-4.38,8.92,-0.03,116.17,-0.17,9.94,3.39,354.7,66768
2026-03-03 01:38:00,-4.37,9.03,-0.14,115.83,-0.77,10.04,3.37,355.9,65867
2026-03-03 01:39:00,-4.26,9.06,0.36,115.20,2.03,10.02,3.19,355.7,61624
2026-03-03 01:40:00,-4.06,8.39,2.04,115.84,12.34,9.54,3.08,357.6,60345
2026-03-03 01:41:00,-3.89,6.40,7.02,121.31,43.12,10.27,2.90,369.9,59728
2026-03-03 01:42:00,-4.22,6.57,7.07,122.74,42.16,10.53,5.51,361.1,53890
2026-03-03 01:44:00,-4.78,7.05,6.29,124.13,36.45,10.59,5.28,360.0,54385
2026-03-03 01:45:00,-4.85,7.25,6.02,123.77,34.62,10.59,5.22,357.1,57795
2026-03-03 01:46:00,-4.14,7.96,4.82,117.47,28.21,10.19,5.05,361.4,53081
2026-03-03 01:47:00,-4.02,7.93,4.80,116.91,28.37,10.10,5.60,360.1,63342
2026-03-03 01:48:00,-3.86,8.31,4.18,114.93,24.51,10.07,6.04,357.7,60067
2026-03-03 01:49:00,-4.10,8.44,4.00,115.89,23.07,10.20,5.36,358.3,57238
2026-03-03 01:50:00,-3.82,8.95,3.37,113.12,19.13,10.30,4.51,360.9,60019
2026-03-03 01:51:00,-4.46,8.44,4.06,117.84,23.03,10.37,4.32,359.5,63299
2026-03-03 01:52:00,-3.83,8.70,4.06,113.76,23.15,10.34,4.85,357.3,62955
2026-03-03 01:53:00,-4.38,8.31,4.13,117.77,23.74,10.26,4.95,359.0,57260
2026-03-03 01:54:00,-4.40,8.30,4.22,117.95,24.19,10.30,4.50,360.3,51667
2026-03-03 01:55:00,-4.44,7.01,5.79,122.37,34.88,10.12,5.28,358.8,54103
2026-03-03 01:56:00,-4.13,7.70,4.78,118.18,28.69,9.96,5.79,359.9,58444
2026-03-03 01:57:00,-4.30,8.12,4.02,117.91,23.61,10.03,4.36,365.6,65647
2026-03-03 01:58:00,-4.23,8.15,4.02,117.41,23.63,10.03,4.55,359.1,59437
2026-03-03 01:59:00,-4.47,9.02,2.49,116.34,13.92,10.37,5.20,355.3,69832
2026-03-03 02:00:00,-4.93,9.04,1.11,118.61,6.16,10.36,3.31,353.9,59211
2026-03-03 02:01:00,-4.70,8.84,1.44,117.99,8.20,10.12,2.61,353.0,57980
2026-03-03 02:02:00,-4.84,8.69,2.19,119.11,12.42,10.18,3.45,356.7,49150
2026-03-03 02:03:00,-4.02,8.96,1.34,114.17,7.77,9.91,4.72,354.5,68358
2026-03-03 02:04:00,-4.41,8.79,-0.64,116.64,-3.71,9.86,4.33,355.1,61576
2026-03-03 02:05:00,-3.69,8.62,-2.86,113.17,-16.98,9.80,2.72,363.6,83508
2026-03-03 02:06:00,-3.84,8.68,-2.46,113.89,-14.54,9.81,2.24,365.4,104579
2026-03-03 02:07:00,-4.09,8.93,-1.14,114.61,-6.62,9.89,2.38,360.8,89124
2026-03-03 02:08:00,-5.06,8.60,-0.04,120.45,-0.20,9.98,2.93,357.1,77468
2026-03-03 02:09:00,-4.15,8.97,0.60,114.85,3.50,9.90,3.33,356.1,73847
2026-03-03 02:10:00,-4.33,9.19,-0.51,115.23,-2.90,10.17,2.79,356.5,58974
2026-03-03 02:11:00,-4.04,9.36,-0.15,113.38,-0.82,10.19,2.78,355.6,69631
2026-03-03 02:12:00,-4.53,9.14,0.47,116.35,2.62,10.21,2.76,355.6,70014
2026-03-03 02:13:00,-5.17,8.98,-0.58,119.96,-3.20,10.38,1.79,357.2,76392
2026-03-03 02:14:00,-4.93,9.17,-0.41,118.25,-2.24,10.42,1.65,350.5,71269
2026-03-03 02:15:00,-5.07,9.08,-1.21,119.18,-6.65,10.48,1.62,357.9,73859
2026-03-03 02:16:00,-4.65,9.25,0.27,116.71,1.50,10.36,1.62,,
2026-03-03 02:17:00,-4.54,8.89,-2.24,117.05,-12.62,10.23,1.55,354.2,81613
2026-03-03 02:18:00,-4.81,8.95,-1.26,118.28,-7.05,10.24,1.40,351.3,113610
2026-03-03 02:19:00,-4.95,9.02,-1.00,118.78,-5.52,10.34,2.10,354.3,86973
2026-03-03 02:20:00,-5.26,8.90,-0.53,120.59,-2.92,10.36,2.18,354.1,75931
2026-03-03 02:21:00,-4.32,8.86,-0.63,116.01,-3.64,9.88,2.63,353.0,66047
2026-03-03 02:22:00,-2.44,6.50,-6.02,110.59,-40.95,9.19,2.05,363.8,76925
2026-03-03 02:23:00,-1.14,4.50,-8.19,104.22,-60.47,9.41,1.26,372.7,75816
2026-03-03 02:24:00,-1.48,4.86,-8.02,106.91,-57.62,9.49,1.14,374.8,62884
2026-03-03 02:25:00,-1.35,4.22,-8.42,107.70,-62.28,9.51,1.13,375.0,61179
2026-03-03 02:26:00,-1.82,4.09,-8.45,114.00,-62.11,9.56,1.05,374.7,61514
2026-03-03 02:27:00,-1.42,3.61,-8.51,111.43,-65.53,9.35,1.30,378.2,67306
2026-03-03 02:28:00,-1.97,3.69,-8.36,118.03,-63.41,9.34,1.61,380.0,78145
2026-03-03 02:29:00,-3.13,3.26,-8.42,133.84,-61.77,9.56,1.71,378.2,59629
2026-03-03 02:30:00,-3.28,4.01,-8.16,129.31,-57.59,9.67,1.61,377.2,56262
2026-03-03 02:31:00,-3.25,5.04,-7.63,122.80,-51.84,9.71,1.43,376.8,57562
2026-03-03 02:32:00,-1.59,3.29,-8.78,115.79,-67.42,9.51,1.83,373.7,67832
2026-03-03 02:33:00,-1.65,3.62,-8.47,114.48,-64.87,9.35,1.42,378.8,51876
2026-03-03 02:34:00,-3.10,5.00,-7.49,121.84,-51.85,9.53,1.50,374.0,59481
2026-03-03 02:35:00,-1.35,4.99,-6.20,105.13,-50.20,8.07,1.70,371.5,68311
2026-03-03 02:36:00,-3.75,6.03,-5.60,121.92,-38.27,9.05,1.76,368.9,82894
2026-03-03 02:37:00,-3.89,7.86,-3.27,116.31,-20.48,9.36,2.09,358.9,81381
2026-03-03 02:38:00,-3.80,8.13,-3.43,115.07,-20.91,9.61,2.21,356.4,98887
2026-03-03 02:39:00,-3.78,8.39,-3.18,114.28,-19.08,9.74,1.78,364.3,110856
2026-03-03 02:40:00,-4.02,8.78,-2.12,114.60,-12.35,9.89,1.45,370.4,106590
2026-03-03 02:41:00,-4.56,9.11,-0.81,116.61,-4.55,10.22,1.41,371.9,108080
2026-03-03 02:42:00,-5.05,8.88,0.85,119.60,4.74,10.25,1.50,366.8,103689
2026-03-03 02:43:00,-5.01,8.89,0.69,119.43,3.86,10.23,1.92,352.9,86659
2026-03-03 02:44:00,-4.07,8.87,-2.66,114.62,-15.23,10.11,1.74,358.1,92986
2026-03-03 02:45:00,-4.17,9.36,-1.16,114.00,-6.47,10.32,1.24,366.5,72667
2026-03-03 02:46:00,-4.69,9.37,-0.45,116.61,-2.44,10.49,1.32,358.1,77927
2026-03-03 02:47:00,-4.91,9.49,0.97,117.36,5.19,10.72,1.66,355.1,70937
2026-03-03 02:48:00,-4.54,9.65,1.25,115.19,6.68,10.74,2.26,359.3,68452
2026-03-03 02:49:00,-4.31,9.62,2.50,114.11,13.31,10.84,2.27,359.3,68410
2026-03-03 02:50:00,-4.15,9.65,2.68,113.29,14.31,10.84,2.41,361.2,62272
2026-03-03 02:51:00,-4.64,9.55,2.27,115.94,12.07,10.86,2.37,362.1,72224
2026-03-03 02:52:00,-4.26,9.70,2.02,113.68,10.79,10.79,2.40,363.4,83068
2026-03-03 02:53:00,-5.10,9.40,2.61,118.50,13.71,11.00,2.34,361.0,75579
2026-03-03 02:54:00,-5.06,9.34,2.73,118.46,14.43,10.97,2.34,360.4,69246
2026-03-03 02:55:00,-5.22,9.16,2.85,119.69,15.13,10.92,2.35,360.9,64269
2026-03-03 02:56:00,-5.27,9.06,2.77,120.19,14.82,10.84,2.29,360.5,61377
2026-03-03 02:57:00,-5.26,8.85,3.05,120.73,16.51,10.74,2.21,359.4,62698
2026-03-03 02:58:00,-5.22,8.80,3.41,120.67,18.45,10.79,2.05,359.9,62860
2026-03-03 02:59:00,-4.95,9.27,2.48,118.12,13.28,10.80,1.97,363.5,72661
2026-03-03 03:00:00,-5.17,9.01,3.12,119.85,16.69,10.85,2.41,361.6,94329
2026-03-03 03:01:00,-5.13,8.81,3.65,120.23,19.72,10.83,2.49,357.0,80284
2026-03-03 03:02:00,-4.93,8.68,4.04,119.60,22.00,10.77,2.60,362.7,72706
2026-03-03 03:03:00,-5.01,8.70,3.80,119.96,20.73,10.73,2.58,365.2,75743
2026-03-03 03:04:00,-5.17,8.23,3.89,122.16,21.79,10.47,2.32,365.5,83691
2026-03-03 03:05:00,-4.75,8.36,4.24,119.59,23.79,10.51,2.97,349.9,82728
2026-03-03 03:06:00,-3.29,6.82,6.98,115.77,42.69,10.30,3.98,371.4,103184
2026-03-03 03:07:00,-5.11,7.71,4.97,123.56,28.25,10.50,3.59,362.1,102613
2026-03-03 03:08:00,-4.97,6.80,6.18,126.14,36.28,10.45,3.03,360.8,76554
2026-03-03 03:09:00,-3.51,6.41,7.50,118.71,45.74,10.48,4.61,369.5,75323
2026-03-03 03:10:00,-3.40,7.29,6.82,114.96,40.28,10.54,5.29,374.2,81901
2026-03-03 03:11:00,-4.20,6.95,6.77,121.15,39.78,10.57,4.79,372.3,78834
2026-03-03 03:12:00,-5.14,7.30,5.74,125.14,32.77,10.61,4.39,369.6,81466
2026-03-03 03:13:00,-4.90,7.33,6.06,123.75,34.53,10.70,4.23,368.1,77535
2026-03-03 03:14:00,-4.61,7.28,6.30,122.32,36.17,10.67,4.29,366.2,67503
2026-03-03 03:15:00,-4.72,7.71,5.50,121.47,31.33,10.58,4.47,363.9,83898
2026-03-03 03:16:00,-4.65,8.57,4.52,118.52,24.89,10.75,4.06,362.0,69590
2026-03-03 03:17:00,-4.37,8.27,4.61,117.86,26.23,10.42,3.56,367.7,65516
2026-03-03 03:18:00,-4.59,8.38,3.90,118.72,22.21,10.33,3.57,366.3,68961
2026-03-03 03:19:00,-4.61,8.24,4.02,119.22,23.04,10.26,3.69,363.5,92430
2026-03-03 03:20:00,-4.62,8.32,3.91,119.05,22.35,10.29,4.12,363.6,92398
2026-03-03 03:21:00,-3.15,7.07,-0.66,113.98,-4.90,7.77,3.29,364.1,70254
2026-03-03 03:22:00,-0.60,3.93,-7.60,98.69,-62.40,8.57,3.22,364.1,68241
2026-03-03 03:23:00,-0.48,3.14,-8.53,98.66,-69.61,9.10,1.44,379.4,82340
2026-03-03 03:24:00,-0.28,4.80,-8.59,93.28,-60.76,9.84,1.58,383.7,119734
2026-03-03 03:25:00,-0.69,5.36,-8.22,97.31,-56.70,9.84,1.64,386.5,121553
2026-03-03 03:26:00,0.56,5.07,-8.22,83.73,-58.19,9.68,1.59,387.2,127364
2026-03-03 03:27:00,-0.62,5.43,-8.13,96.51,-56.11,9.80,1.60,384.6,136731
2026-03-03 03:28:00,-1.29,5.79,-7.81,102.56,-52.76,9.81,1.55,383.5,125897
2026-03-03 03:29:00,-1.03,5.95,-7.68,99.81,-51.80,9.77,1.46,384.8,117064
2026-03-03 03:30:00,-1.44,7.37,-5.60,101.06,-36.69,9.37,1.73,380.2,130910
2026-03-03 03:31:00,-1.04,7.67,-5.85,97.76,-37.11,9.70,2.02,375.1,138836
2026-03-03 03:32:00,-1.15,7.28,-6.32,98.98,-40.61,9.70,1.44,386.8,121971
2026-03-03 03:33:00,-1.14,6.94,-6.73,99.33,-43.75,9.74,1.38,388.6,126867
2026-03-03 03:34:00,-0.43,5.53,-7.61,94.49,-53.92,9.41,1.69,380.4,151653
2026-03-03 03:35:00,-0.79,5.67,-7.41,97.91,-52.32,9.36,1.57,384.3,133039
2026-03-03 03:36:00,-2.12,5.89,-6.94,109.78,-47.93,9.34,1.68,385.6,132096
2026-03-03 03:37:00,-1.35,6.69,-6.42,101.39,-43.26,9.36,1.25,394.9,111509
2026-03-03 03:38:00,-1.36,6.96,-6.05,101.07,-40.44,9.32,1.81,383.7,151114
2026-03-03 03:39:00,-1.44,6.97,-6.05,101.66,-40.37,9.33,1.68,384.8,125527
2026-03-03 03:40:00,-2.10,8.04,-4.78,104.64,-29.88,9.59,1.48,387.4,137724
2026-03-03 03:41:00,-2.61,8.37,-3.97,107.35,-24.37,9.63,1.68,377.4,148812
2026-03-03 03:42:00,-2.44,8.01,-4.92,106.97,-30.42,9.71,1.68,379.2,141400
2026-03-03 03:43:00,-3.23,8.14,-4.44,111.67,-26.89,9.82,1.55,383.4,140873
2026-03-03 03:44:00,-5.07,7.80,-2.89,123.03,-17.23,9.74,1.67,380.0,148915
2026-03-03 03:45:00,-4.19,7.94,-3.58,117.84,-21.72,9.66,1.78,377.6,155826
2026-03-03 03:46:00,-3.02,8.03,-4.36,110.60,-26.94,9.63,1.52,378.1,168167
2026-03-03 03:47:00,-3.08,8.25,-3.87,110.50,-23.73,9.62,1.17,374.8,161644
2026-03-03 03:48:00,-3.36,8.33,-3.64,111.96,-22.08,9.69,1.27,370.4,111144
2026-03-03 03:49:00,-3.62,8.02,-3.73,114.31,-22.97,9.56,1.65,380.9,159504
2026-03-03 03:50:00,-3.38,8.03,-3.56,112.82,-22.24,9.41,1.68,378.6,175067
2026-03-03 03:51:00,-3.37,8.13,-3.39,112.51,-21.07,9.43,1.51,383.9,137874
2026-03-03 03:52:00,-3.05,8.48,-2.85,109.78,-17.54,9.46,1.46,382.9,151673
2026-03-03 03:53:00,-3.73,8.05,-3.36,114.85,-20.71,9.49,1.23,377.2,173808
2026-03-03 03:54:00,-3.83,8.00,-3.31,115.57,-20.48,9.47,1.22,375.4,170212
2026-03-03 03:55:00,-4.74,7.40,-3.69,122.63,-22.79,9.53,1.22,375.2,169226
2026-03-03 03:56:00,-4.26,7.61,-3.55,119.22,-22.13,9.42,1.47,389.7,170431
2026-03-03 03:57:00,-4.00,7.93,-3.21,116.75,-19.88,9.45,1.48,386.3,160231
2026-03-03 03:58:00,-3.05,8.47,-2.86,109.79,-17.60,9.44,1.44,374.7,125935
2026-03-03 04:00:00,-2.73,8.24,-3.81,108.37,-23.72,9.48,1.34,376.7,164378
2026-03-03 04:01:00,-3.10,8.33,-3.09,110.44,-19.17,9.41,1.41,374.7,138380
2026-03-03 04:02:00,-4.30,8.66,-0.39,116.41,-2.31,9.68,1.69,371.7,92737
2026-03-03 04:03:00,-5.13,8.14,0.05,122.23,0.30,9.62,2.13,369.4,82663
2026-03-03 04:04:00,-4.86,8.44,-1.67,119.95,-9.71,9.88,2.32,361.7,80080
2026-03-03 04:05:00,-4.65,8.65,-1.55,118.25,-8.99,9.94,2.26,363.1,96326
2026-03-03 04:06:00,-4.60,8.12,-2.88,119.54,-17.14,9.77,2.14,375.1,124061
2026-03-03 04:07:00,-4.68,6.58,-4.69,125.40,-30.14,9.33,1.52,387.5,174178
2026-03-03 04:08:00,-4.79,8.45,-0.62,119.58,-3.66,9.73,1.60,384.8,194218
2026-03-03 04:09:00,-4.37,8.80,0.70,116.38,4.09,9.85,2.70,363.6,95655
2026-03-03 04:10:00,-3.27,8.81,2.46,110.39,14.65,9.72,3.63,367.0,115432
2026-03-03 04:11:00,-3.16,8.73,2.76,109.88,16.54,9.69,3.55,371.5,90213
2026-03-03 04:12:00,-3.23,8.75,2.58,110.27,15.47,9.68,3.78,371.4,113733
2026-03-03 04:13:00,-3.52,8.66,2.24,112.14,13.50,9.61,3.61,372.2,96770
2026-03-03 04:14:00,-3.55,8.67,1.91,112.28,11.54,9.56,3.23,373.5,83157
2026-03-03 04:15:00,-3.47,8.72,1.80,111.72,10.85,9.55,3.26,374.4,100925
2026-03-03 04:16:00,-3.74,8.79,1.29,113.04,7.67,9.64,3.30,372.1,94477
2026-03-03 04:17:00,-3.64,8.50,2.44,113.16,14.78,9.56,3.34,371.2,77139
2026-03-03 04:18:00,-4.43,8.33,-0.06,118.00,-0.35,9.43,3.21,374.2,90603
2026-03-03 04:19:00,-4.52,7.48,-1.58,121.13,-10.24,8.88,2.20,372.6,119071
2026-03-03 04:20:00,-4.95,7.95,-1.58,121.92,-9.58,9.49,2.02,372.7,204228
2026-03-03 04:21:00,-4.17,8.46,0.71,116.23,4.29,9.46,1.99,369.4,164953
2026-03-03 04:22:00,-4.38,8.26,-0.04,117.94,-0.25,9.35,2.71,361.0,90098
2026-03-03 04:23:00,-3.52,8.52,1.76,112.44,10.78,9.39,2.06,368.2,147327
2026-03-03 04:24:00,-3.79,8.55,1.17,113.93,7.16,9.43,2.98,367.6,87021
2026-03-03 04:25:00,-6.41,7.10,-0.34,132.10,-2.03,9.57,2.70,375.6,113949
2026-03-03 04:26:00,-6.20,7.34,0.03,130.18,0.19,9.61,1.98,381.7,144050
2026-03-03 04:27:00,-5.63,7.60,1.11,126.53,6.68,9.52,2.38,369.5,149301
2026-03-03 04:28:00,-4.79,7.69,2.97,121.90,18.16,9.54,2.52,365.8,149408
2026-03-03 04:29:00,-5.59,7.59,1.57,126.38,9.46,9.55,2.41,362.4,86405
2026-03-03 04:30:00,-5.74,7.69,0.52,126.73,3.11,9.61,2.14,364.3,84733
2026-03-03 04:31:00,-5.17,8.17,-0.49,122.35,-2.93,9.68,2.05,367.7,123413
2026-03-03 04:32:00,-5.04,7.90,-1.99,122.52,-11.99,9.58,1.92,375.9,158381
2026-03-03 04:33:00,-4.69,8.09,-1.33,120.08,-8.10,9.44,1.68,383.3,157208
2026-03-03 04:34:00,-3.75,7.96,-1.67,115.21,-10.76,8.96,1.99,380.3,154660
2026-03-03 04:35:00,-2.71,8.87,0.62,106.97,3.83,9.29,2.55,373.6,129853
2026-03-03 04:36:00,-3.05,8.58,2.52,109.56,15.48,9.45,2.70,371.4,89519
2026-03-03 04:37:00,-3.11,8.78,2.49,109.51,14.96,9.65,2.74,373.5,90485
2026-03-03 04:38:00,-3.71,8.52,2.63,113.55,15.78,9.66,2.82,367.1,95252
2026-03-03 04:39:00,-3.83,8.34,3.21,114.68,19.30,9.72,2.73,373.8,122058
2026-03-03 04:40:00,-3.73,8.13,3.72,114.65,22.57,9.68,2.99,371.5,92747
2026-03-03 04:41:00,-3.35,8.32,3.67,111.91,22.24,9.69,2.96,370.5,79251
2026-03-03 04:42:00,-2.50,9.08,3.48,105.37,20.26,10.04,3.22,371.4,109285
2026-03-03 04:43:00,-2.36,8.73,4.56,105.14,26.78,10.13,3.51,370.9,110608
2026-03-03 04:44:00,-2.99,7.78,5.39,111.05,32.92,9.93,3.80,369.7,86328
2026-03-03 04:45:00,-2.96,7.34,6.09,111.95,37.58,9.99,3.34,370.9,79522
2026-03-03 04:46:00,-3.56,7.31,6.10,115.95,36.90,10.16,3.36,370.8,101136
2026-03-03 04:47:00,-3.67,7.90,4.78,114.89,28.77,9.94,3.32,369.4,98863
2026-03-03 04:48:00,-2.93,9.37,1.11,107.36,6.46,9.87,2.73,371.0,80060
2026-03-03 04:49:00,-2.68,9.06,1.83,106.50,10.95,9.63,2.41,373.9,93755
2026-03-03 04:50:00,-2.84,9.02,2.28,107.48,13.57,9.72,2.67,371.4,111241
2026-03-03 04:51:00,-3.01,8.97,2.08,108.55,12.41,9.69,2.82,366.9,88338
2026-03-03 04:52:00,-2.65,8.79,2.95,106.76,17.79,9.64,2.59,370.2,87430
2026-03-03 04:53:00,-2.22,7.92,5.24,105.67,32.50,9.75,2.97,371.9,85501
2026-03-03 04:54:00,-3.01,6.97,6.29,113.33,39.65,9.86,3.63,370.6,94734
2026-03-03 04:55:00,-2.87,6.88,6.40,112.62,40.65,9.82,3.49,370.0,71646
2026-03-03 04:56:00,0.11,8.83,4.06,89.28,24.72,9.72,3.53,374.3,88976
2026-03-03 04:57:00,-0.28,8.13,5.12,91.97,32.20,9.61,4.02,377.5,102945
2026-03-03 04:58:00,-0.18,8.39,5.05,91.23,31.04,9.80,3.81,374.6,117783
2026-03-03 04:59:00,-0.79,7.48,6.02,96.00,38.71,9.63,3.65,378.8,103061
2026-03-03 05:00:00,-1.78,6.46,6.90,105.43,45.84,9.62,3.97,378.3,95901
2026-03-03 05:01:00,-1.51,6.25,7.12,103.53,47.91,9.60,4.10,377.6,94942
2026-03-03 05:02:00,-1.74,5.61,7.83,107.18,53.11,9.79,4.57,376.1,104723
2026-03-03 05:03:00,-1.31,5.19,8.10,104.17,56.53,9.71,4.96,375.5,102602
2026-03-03 05:04:00,-0.78,3.61,9.03,102.25,67.77,9.76,5.06,377.7,105599
2026-03-03 05:05:00,-1.51,5.15,7.18,106.33,53.24,8.96,3.95,374.8,97185
2026-03-03 05:06:00,-3.00,8.96,-0.02,108.54,-0.13,9.45,2.60,367.5,78266
2026-03-03 05:07:00,-3.67,8.84,-1.66,112.57,-9.82,9.71,2.26,373.2,87046
2026-03-03 05:08:00,-3.83,8.81,-0.68,113.47,-4.07,9.63,1.70,374.4,96835
2026-03-03 05:09:00,-3.81,8.63,0.76,113.81,4.61,9.46,2.08,375.3,147677
2026-03-03 05:10:00,-3.98,8.53,1.46,115.03,8.84,9.52,3.28,366.1,127234
2026-03-03 05:11:00,-5.42,7.81,0.39,124.78,2.36,9.51,2.39,372.9,116957
2026-03-03 05:12:00,-5.42,7.72,2.14,125.05,12.81,9.67,2.72,373.4,124374
2026-03-03 05:13:00,-4.95,8.16,1.01,121.23,6.03,9.59,2.88,367.8,156224
2026-03-03 05:14:00,-4.25,8.35,0.99,116.97,6.02,9.43,2.11,366.7,100351
2026-03-03 05:15:00,-3.95,7.41,4.26,118.06,26.90,9.41,2.87,369.8,113133
2026-03-03 05:16:00,-4.13,5.72,5.16,125.83,36.19,8.74,3.58,368.2,132872
2026-03-03 05:17:00,-4.97,6.50,4.16,127.40,26.96,9.18,3.42,372.6,121730
2026-03-03 05:18:00,-5.06,5.97,4.88,130.29,31.94,9.23,3.09,373.6,100410
2026-03-03 05:19:00,-4.51,5.68,5.69,128.46,38.10,9.22,3.45,369.2,85784
2026-03-03 05:20:00,-4.65,6.99,3.67,123.61,23.62,9.16,3.76,367.6,103321
2026-03-03 05:21:00,-5.10,7.20,2.78,125.29,17.49,9.25,3.48,372.1,135173
2026-03-03 05:22:00,-3.80,7.74,0.52,116.12,3.45,8.64,2.87,377.3,137555
2026-03-03 05:23:00,-2.82,8.25,0.40,108.86,2.66,8.72,2.20,379.2,127469
2026-03-03 05:24:00,-2.25,8.43,1.26,104.93,8.25,8.81,2.79,381.3,122100
2026-03-03 05:25:00,-2.36,8.52,2.28,105.46,14.46,9.13,3.39,380.6,120281
2026-03-03 05:26:00,-1.12,7.69,3.23,98.29,22.54,8.41,3.63,379.5,111243
2026-03-03 05:27:00,-3.17,6.26,3.94,116.81,29.32,8.05,3.30,374.1,86507
2026-03-03 05:28:00,-2.71,4.84,6.70,119.22,50.40,8.70,4.40,379.0,122827
2026-03-03 05:29:00,-2.30,4.23,7.18,118.55,56.19,8.65,4.15,378.5,132804
2026-03-03 05:30:00,-1.35,2.03,8.78,123.62,74.45,9.11,4.34,386.7,130568
2026-03-03 05:31:00,-1.27,1.37,9.21,132.91,78.52,9.39,4.63,384.9,123800
2026-03-03 05:32:00,-1.81,0.95,9.35,152.33,77.67,9.57,5.02,384.1,122136
2026-03-03 05:33:00,-2.00,0.64,9.39,162.31,77.38,9.62,5.04,381.2,117096
2026-03-03 05:34:00,-1.55,-0.35,9.47,192.69,80.46,9.61,4.98,379.7,114370
2026-03-03 05:35:00,-0.75,-0.70,9.38,223.33,83.76,9.44,4.95,383.7,123350
2026-03-03 05:36:00,-0.45,-2.30,9.18,258.90,75.66,9.47,4.95,384.3,125376
2026-03-03 05:37:00,0.19,-4.09,8.61,272.67,64.57,9.53,4.96,386.2,129177
2026-03-03 05:38:00,0.48,-4.35,8.25,276.24,62.04,9.34,4.86,388.6,127979
2026-03-03 05:39:00,-0.03,-3.78,7.87,269.55,64.32,8.73,4.58,389.4,131811
2026-03-03 05:40:00,-1.20,1.02,3.05,139.61,62.67,3.43,4.33,387.7,171562
2026-03-03 05:41:00,-3.18,6.76,-6.09,115.18,-39.21,9.64,3.73,388.0,193831
2026-03-03 05:42:00,-2.93,6.30,-7.12,114.96,-45.70,9.95,1.01,393.1,134137
2026-03-03 05:43:00,-2.69,6.64,-6.86,112.04,-43.74,9.92,0.69,375.9,102110
2026-03-03 05:44:00,-2.75,6.36,-7.20,113.35,-46.07,9.99,0.77,376.5,96274
2026-03-03 05:45:00,-2.99,5.36,-6.95,119.10,-48.54,9.27,1.40,392.9,155055
2026-03-03 05:46:00,-3.70,2.33,-7.79,147.85,-60.69,8.94,2.28,392.9,145762
2026-03-03 05:47:00,-4.06,2.86,-7.22,144.84,-55.52,8.76,2.95,384.4,178544
2026-03-03 05:48:00,-4.31,5.40,-6.21,128.61,-41.95,9.30,2.46,387.5,168401
2026-03-03 05:49:00,-5.44,5.40,-5.78,135.21,-37.02,9.59,2.24,383.8,165210
2026-03-03 05:50:00,-6.01,5.87,-5.01,135.67,-30.80,9.78,2.54,379.7,177407
2026-03-03 05:51:00,-5.93,6.18,-4.68,133.82,-28.62,9.76,2.74,381.0,178129
2026-03-03 05:52:00,-6.41,5.92,-4.23,137.27,-25.87,9.70,2.75,381.6,168733
2026-03-03 05:53:00,-6.62,6.75,-3.21,134.43,-18.74,9.98,2.42,376.3,141582
2026-03-03 05:54:00,-5.68,7.60,-3.03,126.77,-17.69,9.96,1.97,373.0,132292
2026-03-03 05:55:00,-5.61,7.57,-2.81,126.56,-16.60,9.83,2.15,376.0,168869
2026-03-03 05:56:00,-6.47,6.71,-1.39,133.97,-8.46,9.43,2.26,368.8,112221
2026-03-03 05:57:00,-7.30,6.00,-1.21,140.59,-7.32,9.53,3.31,373.4,159734
2026-03-03 05:58:00,-5.16,8.19,-1.20,122.22,-7.07,9.75,2.81,369.1,170603
2026-03-03 05:59:00,-5.65,8.19,0.42,124.61,2.40,9.96,2.83,370.1,149726
2026-03-03 06:00:00,-5.69,8.17,0.74,124.86,4.25,9.99,3.62,364.4,92781
2026-03-03 06:01:00,-5.53,8.07,1.50,124.44,8.73,9.90,3.41,373.2,87533
2026-03-03 06:02:00,-4.42,8.45,0.40,117.59,2.41,9.54,3.92,368.8,128647
2026-03-03 06:03:00,-2.97,8.85,-0.82,108.53,-5.01,9.37,3.03,378.8,143988
2026-03-03 06:04:00,-4.12,8.33,1.92,116.29,11.65,9.49,3.38,375.2,125509
2026-03-03 06:05:00,-3.09,7.87,3.77,111.44,24.02,9.26,3.93,377.4,129726
2026-03-03 06:06:00,-3.60,7.66,3.36,115.15,21.64,9.11,4.24,376.6,132254
2026-03-03 06:07:00,-3.26,6.73,4.76,115.83,32.48,8.87,4.36,374.2,129291
2026-03-03 06:08:00,-2.57,6.03,4.69,113.05,35.59,8.06,4.03,384.0,161425
2026-03-03 06:09:00,-1.93,4.69,6.06,112.35,50.04,7.90,4.24,384.9,155427
2026-03-03 06:10:00,-2.26,3.37,7.19,123.93,60.56,8.26,4.54,385.5,146141
2026-03-03 06:11:00,-2.63,4.81,6.09,118.67,47.98,8.20,4.27,384.2,145211
2026-03-03 06:12:00,-2.82,6.87,4.48,112.34,31.09,8.68,3.66,383.9,137973
2026-03-03 06:13:00,-3.23,7.60,2.73,113.05,18.31,8.70,3.28,378.0,133309
2026-03-03 06:14:00,-1.14,4.33,5.97,104.79,53.12,7.46,3.37,376.0,167869
2026-03-03 06:15:00,-1.19,3.36,7.31,109.55,63.99,8.14,5.12,394.0,148262
2026-03-03 06:16:00,-1.63,3.90,7.55,112.69,60.76,8.65,4.41,385.3,147083
2026-03-03 06:17:00,-1.36,3.69,7.48,110.30,62.28,8.45,4.40,387.8,147916
2026-03-03 06:18:00,-2.49,4.70,6.30,117.93,49.79,8.25,4.58,384.2,148571
2026-03-03 06:19:00,-5.33,6.09,0.07,131.16,0.52,8.09,3.44,381.6,151675
2026-03-03 06:20:00,-5.58,5.05,-3.02,137.89,-21.89,8.11,2.28,384.2,167523
2026-03-03 06:21:00,-4.00,5.24,0.09,127.31,0.77,6.59,2.06,381.9,194268
2026-03-03 06:22:00,-3.22,7.59,3.45,112.96,22.70,8.94,2.75,378.0,165904
2026-03-03 06:23:00,-3.35,7.57,3.01,113.89,20.00,8.81,3.15,376.8,134048
2026-03-03 06:24:00,-3.30,7.85,2.77,112.81,18.04,8.96,3.19,374.7,138826
2026-03-03 06:25:00,-3.15,8.38,1.74,110.59,11.02,9.12,3.06,373.6,149157
2026-03-03 06:26:00,-4.10,8.04,1.45,117.02,9.11,9.14,2.59,376.4,130721
2026-03-03 06:27:00,-3.57,7.60,0.27,115.18,1.82,8.40,2.34,378.4,101060
2026-03-03 06:28:00,-3.96,7.13,-2.67,119.04,-18.15,8.58,1.89,384.1,151618
2026-03-03 06:29:00,-3.65,7.14,-2.54,117.06,-17.60,8.41,1.53,374.7,210106
2026-03-03 06:30:00,-3.03,7.27,-2.72,112.60,-19.02,8.33,1.34,369.5,106690
2026-03-03 06:31:00,-4.89,7.17,-1.53,124.30,-9.98,8.81,0.95,375.5,99196
2026-03-03 06:32:00,-3.57,7.30,-2.04,116.08,-14.11,8.38,1.64,368.1,111298
2026-03-03 06:33:00,-2.59,6.21,-4.46,112.68,-33.52,8.07,1.29,386.0,174843
2026-03-03 06:34:00,-2.68,6.45,-3.98,112.52,-29.65,8.04,1.50,397.0,166704
2026-03-03 06:35:00,-2.74,6.77,-4.66,112.01,-32.57,8.66,1.52,393.2,149704
2026-03-03 06:36:00,-2.94,6.69,-4.20,113.72,-29.91,8.42,1.20,387.6,186218
2026-03-03 06:37:00,-2.75,5.68,-3.71,115.85,-30.42,7.32,1.31,384.3,180515
2026-03-03 06:38:00,-3.15,6.55,-2.76,115.70,-20.80,7.78,1.05,381.7,127812
2026-03-03 06:39:00,-4.91,6.44,1.09,127.30,7.67,8.17,1.50,376.0,97338
2026-03-03 06:40:00,-4.41,5.65,3.53,127.99,26.19,7.99,2.18,371.8,96227
2026-03-03 06:41:00,-3.91,6.43,-0.36,121.29,-2.71,7.53,1.51,370.8,106432
2026-03-03 06:42:00,-3.91,7.02,-2.64,119.13,-18.16,8.46,1.30,367.3,81735
2026-03-03 06:43:00,-3.79,6.94,-1.99,118.64,-14.15,8.15,1.16,365.2,71469
2026-03-03 06:44:00,-2.98,7.74,-1.72,111.03,-11.72,8.47,1.95,376.6,170687
2026-03-03 06:45:00,-3.49,7.44,-1.96,115.14,-13.43,8.45,1.19,358.7,46582
2026-03-03 06:46:00,-3.31,6.46,0.38,117.12,3.00,7.27,1.66,382.1,114110
2026-03-03 06:47:00,-1.25,1.21,7.84,135.78,77.50,8.03,3.40,382.0,112623
2026-03-03 06:48:00,-2.81,4.58,5.81,121.51,47.24,7.92,3.60,390.1,147302
2026-03-03 06:49:00,-3.61,6.66,1.42,118.43,10.61,7.71,4.81,400.1,215801
2026-03-03 06:50:00,-1.23,7.15,-1.82,99.77,-14.11,7.48,2.99,405.0,199492
2026-03-03 06:51:00,-1.46,4.70,4.70,107.28,43.67,6.80,3.93,403.1,167742
2026-03-03 06:52:00,-4.20,5.79,3.77,125.97,27.79,8.08,8.20,416.2,160102
2026-03-03 06:53:00,-3.39,6.73,3.41,116.72,24.32,8.27,6.03,404.5,192165
2026-03-03 06:54:00,-2.83,5.93,5.06,115.50,37.60,8.29,4.78,401.9,144561
2026-03-03 06:55:00,-3.21,7.66,1.64,112.76,11.16,8.46,3.89,392.1,120262
2026-03-03 06:56:00,-2.29,7.93,0.51,106.13,3.56,8.27,2.51,386.0,162845
2026-03-03 06:57:00,0.46,7.46,1.23,86.45,9.31,7.58,2.42,393.5,162491
2026-03-03 06:58:00,2.72,7.17,0.12,69.25,0.88,7.67,2.60,389.3,106264
2026-03-03 06:59:00,2.16,7.00,-2.33,72.87,-17.62,7.68,2.80,390.2,107903
2026-03-03 07:00:00,-0.23,6.67,-2.64,91.94,-21.63,7.17,1.80,405.5,213462
2026-03-03 07:01:00,-0.90,7.41,-2.50,96.93,-18.52,7.87,2.04,410.6,288378
2026-03-03 07:02:00,-2.66,7.44,-1.27,109.68,-9.14,8.00,1.87,398.3,176052
2026-03-03 07:03:00,-2.05,6.93,-3.30,106.48,-24.52,7.94,1.80,365.1,113985
2026-03-03 07:04:00,-1.31,6.45,-4.46,101.49,-34.10,7.95,0.86,381.0,114021
2026-03-03 07:05:00,-3.11,4.38,0.04,125.38,0.44,5.38,1.04,385.8,130581
2026-03-03 07:06:00,-3.39,3.80,4.29,131.74,40.09,6.66,2.47,380.6,132797
2026-03-03 07:07:00,-4.14,6.99,-0.27,120.66,-1.90,8.13,8.82,377.6,79496
2026-03-03 07:08:00,-4.49,6.17,-3.21,126.04,-22.81,8.28,4.46,395.0,199035
2026-03-03 07:09:00,-4.72,3.95,-4.77,140.07,-37.76,7.79,1.88,407.9,214079
2026-03-03 07:10:00,-1.00,3.23,1.47,107.14,23.50,3.69,1.49,395.5,138797
2026-03-03 07:11:00,-1.88,4.75,-1.87,111.56,-20.11,5.44,1.38,384.6,137748
2026-03-03 07:12:00,-2.42,4.59,-6.33,117.77,-50.64,8.18,1.87,395.2,190301
2026-03-03 07:13:00,-2.80,5.17,-5.89,118.45,-45.01,8.33,2.37,407.9,210985
2026-03-03 07:14:00,-2.85,4.91,-6.16,120.08,-47.33,8.38,3.10,398.0,83056
2026-03-03 07:15:00,-3.34,4.62,-6.04,125.81,-46.65,8.30,2.72,398.6,102322
2026-03-03 07:16:00,-3.53,4.51,-6.14,128.03,-46.98,8.40,1.57,400.8,164306
2026-03-03 07:17:00,-1.64,5.15,-6.14,107.71,-48.62,8.18,1.92,401.8,170650
2026-03-03 07:18:00,-1.40,5.16,-6.20,105.18,-49.22,8.19,4.11,396.5,81526
2026-03-03 07:19:00,-3.55,4.82,-6.12,126.41,-45.61,8.56,2.58,415.6,158179
2026-03-03 07:20:00,-4.05,4.33,-6.11,133.06,-45.88,8.52,1.55,402.8,154003
2026-03-03 07:21:00,-0.57,6.82,-4.65,94.75,-34.21,8.27,1.36,395.6,133785
2026-03-03 07:22:00,-0.30,7.75,-3.29,92.19,-23.00,8.43,1.59,397.3,95723
2026-03-03 07:23:00,0.89,7.58,-2.55,83.32,-18.51,8.04,3.10,405.6,113710
2026-03-03 07:24:00,2.23,7.56,-2.69,73.59,-18.87,8.33,2.85,415.8,196053
2026-03-03 07:25:00,2.07,7.46,-3.21,74.46,-22.55,8.38,1.96,398.5,135449
2026-03-03 07:26:00,2.07,6.86,-3.94,73.22,-28.82,8.17,2.58,402.6,126369
2026-03-03 07:27:00,0.76,7.68,-3.31,84.35,-23.23,8.39,2.13,403.5,151228
2026-03-03 07:28:00,1.09,7.98,-2.16,82.20,-15.03,8.34,1.81,403.4,156801
2026-03-03 07:29:00,0.93,8.17,-2.08,83.47,-14.18,8.48,2.38,403.6,132193
2026-03-03 07:30:00,1.42,7.82,-2.05,79.71,-14.47,8.20,1.82,398.3,128732
2026-03-03 07:31:00,2.07,7.68,-2.27,74.95,-15.94,8.27,1.77,422.5,220352
2026-03-03 07:32:00,2.67,7.01,-2.79,69.11,-20.40,8.00,1.69,410.3,141669
2026-03-03 07:33:00,1.50,7.55,-2.88,78.73,-20.51,8.21,1.55,399.2,118514
2026-03-03 07:34:00,1.38,7.39,-3.75,79.43,-26.49,8.40,1.49,407.2,198399
2026-03-03 07:35:00,0.92,6.57,-5.24,82.04,-38.30,8.45,1.28,418.7,213563
2026-03-03 07:36:00,0.80,5.56,-6.18,81.81,-47.70,8.35,0.91,394.0,153110
2026-03-03 07:37:00,-3.54,5.51,-4.09,122.75,-31.98,7.72,0.60,383.4,108399
2026-03-03 07:38:00,-2.69,7.18,-2.82,110.52,-20.21,8.17,1.19,388.3,216603
2026-03-03 07:39:00,-1.99,7.80,-2.84,104.28,-19.44,8.54,1.18,385.9,153224
2026-03-03 07:40:00,-1.54,6.96,-2.58,102.48,-19.89,7.58,0.68,367.0,77166
2026-03-03 07:41:00,-4.06,7.68,-0.41,117.84,-2.71,8.70,2.04,383.6,155963
2026-03-03 07:42:00,-2.98,8.21,-0.59,109.94,-3.87,8.76,2.47,384.2,149968
2026-03-03 07:43:00,-3.23,8.09,0.49,111.77,3.24,8.72,2.36,385.2,131242
2026-03-03 07:44:00,-4.35,7.16,1.61,121.29,10.88,8.53,2.62,383.2,132665
2026-03-03 07:45:00,-5.66,3.99,5.51,144.85,38.53,8.85,3.35,380.1,129863
2026-03-03 07:46:00,-5.48,2.22,6.76,157.94,48.79,8.98,4.37,397.1,166570
2026-03-03 07:47:00,-5.59,1.13,6.75,168.53,49.83,8.84,2.90,373.2,170045
2026-03-03 07:48:00,-5.49,2.61,6.92,154.59,48.70,9.21,2.92,370.8,160174
2026-03-03 07:49:00,-4.65,0.51,7.98,173.71,59.61,9.25,2.83,359.3,106275
2026-03-03 07:50:00,-5.19,4.15,6.58,141.38,44.73,9.36,1.60,353.4,37384
2026-03-03 07:51:00,-5.36,4.80,5.96,138.18,39.64,9.34,4.16,383.2,157124
2026-03-03 07:52:00,-5.40,4.37,6.18,141.04,41.63,9.30,4.08,373.4,136985
2026-03-03 07:53:00,-5.31,4.86,5.61,137.52,37.95,9.13,4.45,383.4,187247
2026-03-03 07:54:00,-5.52,5.01,5.25,137.78,35.14,9.12,3.85,378.8,148902
2026-03-03 07:55:00,-5.09,6.36,3.95,128.66,25.88,9.05,3.61,377.6,150139
2026-03-03 07:56:00,-5.13,6.13,4.32,129.92,28.39,9.08,3.58,375.1,169813
2026-03-03 07:57:00,-5.47,6.58,2.98,129.73,19.22,9.06,2.40,355.9,82981
2026-03-03 07:58:00,-6.02,5.84,3.66,135.84,23.60,9.15,2.69,359.9,77904
2026-03-03 07:59:00,-6.38,4.42,4.67,145.29,31.06,9.05,3.31,362.1,107236
2026-03-03 08:00:00,-5.70,6.37,3.07,131.84,19.77,9.08,3.27,362.7,102121
2026-03-03 08:01:00,-5.11,7.41,1.67,124.62,10.52,9.15,3.06,374.8,104842
2026-03-03 08:02:00,-4.12,6.99,1.47,120.49,10.24,8.24,2.80,379.7,106316
2026-03-03 08:03:00,-3.46,7.64,1.60,114.37,10.79,8.54,2.79,380.8,97354
2026-03-03 08:04:00,-1.35,8.36,-0.28,99.19,-1.90,8.47,2.31,385.0,127484
2026-03-03 08:05:00,-1.80,8.21,0.33,102.37,2.25,8.41,2.44,396.8,171934
2026-03-03 08:06:00,-3.16,6.96,2.40,114.39,17.46,8.01,2.61,399.8,182297
2026-03-03 08:07:00,-3.03,7.62,-2.24,111.67,-15.31,8.50,2.65,381.7,100760
2026-03-03 08:08:00,-2.98,6.56,-5.71,114.40,-38.41,9.20,1.21,372.9,161639
2026-03-03 08:09:00,-2.25,7.08,-5.35,107.59,-35.73,9.16,0.72,388.0,156944
2026-03-03 08:10:00,-1.99,7.21,-5.48,105.43,-36.21,9.27,0.48,364.6,56098
2026-03-03 08:11:00,-2.65,8.13,-3.48,108.03,-22.12,9.23,3.03,386.8,78793
2026-03-03 08:12:00,-2.51,7.29,-4.74,109.01,-31.58,9.06,1.88,398.2,125857
2026-03-03 08:13:00,-0.84,7.62,-4.15,96.32,-28.41,8.72,2.02,407.7,138899
2026-03-03 08:14:00,-0.10,7.47,-4.13,90.77,-28.97,8.54,2.62,406.5,114158
2026-03-03 08:15:00,-2.61,6.10,-6.51,113.12,-44.46,9.30,4.88,395.8,72147
2026-03-03 08:16:00,-3.26,3.56,-7.40,132.41,-56.89,8.84,4.67,397.1,138931
2026-03-03 08:17:00,-3.79,3.54,-7.22,136.98,-54.32,8.89,1.67,402.7,198085
2026-03-03 08:18:00,-4.67,3.21,-6.94,145.46,-50.79,8.96,1.24,393.3,119716
2026-03-03 08:19:00,-3.97,5.88,-5.79,124.03,-39.24,9.16,1.25,385.9,126954
2026-03-03 08:20:00,-3.96,5.49,-5.20,125.83,-37.54,8.54,1.35,386.1,136474
2026-03-03 08:21:00,-1.88,8.88,-1.57,101.97,-9.83,9.21,1.42,386.5,140208
2026-03-03 08:22:00,-0.65,8.83,-2.47,94.20,-15.61,9.19,1.96,389.3,163471
2026-03-03 08:23:00,-0.31,8.81,-2.90,92.03,-18.20,9.28,1.85,383.3,68239
2026-03-03 08:24:00,-0.52,8.97,-2.32,93.34,-14.49,9.28,1.62,397.8,119176
2026-03-03 08:25:00,-2.33,8.56,-2.74,105.23,-17.16,9.29,1.62,401.5,128569
2026-03-03 08:26:00,-2.36,8.89,-1.86,104.84,-11.46,9.39,1.24,371.1,75142
2026-03-03 08:27:00,-1.94,8.90,-2.62,102.29,-16.06,9.47,2.06,397.3,152642
2026-03-03 08:28:00,-1.62,8.73,-3.05,100.52,-18.97,9.39,1.51,390.6,126416
2026-03-03 08:29:00,-1.79,8.85,-2.84,101.42,-17.46,9.47,1.27,381.6,98780
2026-03-03 08:30:00,-0.57,7.94,-4.41,94.07,-28.98,9.10,1.21,380.9,94686
2026-03-03 08:31:00,-3.62,7.73,-3.86,115.13,-24.34,9.37,1.15,386.7,144392
2026-03-03 08:32:00,-2.83,7.77,-4.27,109.99,-27.32,9.31,1.13,396.1,166604
2026-03-03 08:33:00,-2.55,8.21,-3.79,107.28,-23.79,9.40,1.15,393.4,117634
2026-03-03 08:34:00,-3.58,7.16,-5.05,116.57,-32.24,9.47,1.26,387.8,105018
2026-03-03 08:35:00,-4.77,6.96,-4.61,124.45,-28.67,9.61,1.20,401.9,147336
2026-03-03 08:36:00,-3.80,6.98,-4.67,118.60,-30.42,9.22,1.36,398.8,161795
2026-03-03 08:37:00,-4.10,6.91,-4.53,120.70,-29.41,9.22,4.61,409.4,173534
2026-03-03 08:38:00,-3.21,7.04,-5.37,114.52,-34.75,9.42,22.96,373.2,25000
2026-03-03 08:39:00,-3.38,6.96,-5.26,115.88,-34.18,9.36,1.26,399.9,215343
2026-03-03 08:40:00,-2.89,6.68,-5.54,113.43,-37.28,9.15,0.86,386.8,107691
2026-03-03 08:41:00,-3.91,7.94,-2.12,116.24,-13.48,9.10,2.43,390.7,128369
2026-03-03 08:42:00,-4.12,7.94,-1.73,117.44,-10.94,9.11,1.94,381.8,134217
2026-03-03 08:43:00,-3.96,8.48,-1.46,115.02,-8.87,9.47,1.72,392.5,168734
2026-03-03 08:44:00,-3.84,8.54,-1.41,114.20,-8.58,9.46,1.68,382.9,124304
2026-03-03 08:45:00,-4.52,8.46,-1.15,118.13,-6.86,9.66,1.71,366.3,75883
2026-03-03 08:46:00,-3.89,8.09,-1.86,115.70,-11.70,9.17,1.56,358.4,45265
2026-03-03 08:47:00,-3.99,8.04,-2.26,116.36,-14.11,9.26,1.49,377.3,121650
2026-03-03 08:48:00,-4.99,7.69,0.07,122.98,0.43,9.17,1.91,383.1,158891
2026-03-03 08:49:00,-4.41,3.33,5.17,142.94,43.11,7.56,2.69,368.9,105540
2026-03-03 08:50:00,-0.89,-2.20,8.02,247.96,73.55,8.36,3.03,375.4,111697
2026-03-03 08:51:00,0.42,0.60,8.33,55.28,84.96,8.37,2.91,387.8,125433
2026-03-03 08:52:00,-1.09,1.38,8.54,128.19,78.39,8.72,3.87,404.2,142749
2026-03-03 08:53:00,-1.83,1.23,8.02,146.03,74.61,8.32,3.85,385.3,100517
2026-03-03 08:54:00,-2.23,3.67,7.51,121.29,60.22,8.65,3.89,385.9,105548
2026-03-03 08:55:00,-2.85,3.89,7.43,126.21,57.04,8.85,4.68,397.9,201133
2026-03-03 08:56:00,-2.73,2.95,7.69,132.79,62.41,8.68,4.13,384.8,122796
2026-03-03 08:57:00,-0.37,5.74,5.88,93.71,45.62,8.23,4.07,365.2,49218
2026-03-03 08:58:00,-1.17,5.70,5.65,101.63,44.19,8.11,1.68,355.3,28489
2026-03-03 08:59:00,-1.31,6.24,5.38,101.86,40.16,8.35,3.63,393.7,145917
2026-03-03 09:00:00,-2.30,6.53,4.16,109.41,31.00,8.08,3.85,392.6,152897
2026-03-03 09:01:00,-1.64,7.08,3.04,103.03,22.69,7.87,2.39,368.4,65104
2026-03-03 09:02:00,-1.98,7.41,2.49,104.93,18.01,8.06,3.38,385.3,135411
2026-03-03 09:03:00,-3.61,7.50,2.98,115.69,19.73,8.84,4.03,395.6,166483
2026-03-03 09:04:00,-3.98,7.71,2.19,117.30,14.18,8.95,3.32,383.5,125141
2026-03-03 09:05:00,-6.37,4.62,3.60,144.08,24.58,8.65,3.69,377.9,162237
2026-03-03 09:06:00,-6.63,5.23,3.41,141.72,22.02,9.11,4.06,375.1,193992
2026-03-03 09:07:00,-6.72,4.07,4.64,148.81,30.55,9.12,3.05,371.6,136270
2026-03-03 09:08:00,-6.40,3.88,5.23,148.77,34.96,9.13,3.84,366.5,89396
2026-03-03 09:09:00,-6.80,3.79,4.80,150.87,31.64,9.15,3.73,369.7,106383
2026-03-03 09:10:00,-6.76,4.28,4.23,147.65,27.83,9.05,3.77,379.1,168611
2026-03-03 09:11:00,-5.48,5.89,4.21,132.94,27.63,9.08,2.85,375.6,176264
2026-03-03 09:12:00,-4.76,6.26,4.28,127.22,28.55,8.95,2.93,374.0,155721
2026-03-03 09:13:00,-4.89,7.33,2.77,123.72,17.47,9.24,3.01,378.5,106386
2026-03-03 09:14:00,-5.52,7.40,1.88,126.72,11.48,9.42,3.07,382.8,112477
2026-03-03 09:15:00,-3.97,8.39,0.99,115.33,6.07,9.34,2.00,367.8,71261
2026-03-03 09:16:00,-4.04,8.19,1.66,116.27,10.33,9.28,2.53,374.0,107796
2026-03-03 09:17:00,-4.32,8.02,1.86,118.33,11.57,9.30,3.21,384.3,160316
