time_tag,bt,B_baseline,CHI,SHEET_DEPTH
2026-01-31 12:13:00,3.46,5.0,0.308,0.529051987767584
2026-01-31 12:14:00,3.49,5.0,0.30199999999999994,0.5360983102918587
2026-01-31 12:15:00,3.6,5.0,0.27999999999999997,0.5625
2026-01-31 12:16:00,3.55,5.0,0.29000000000000004,0.5503875968992248
2026-01-31 12:17:00,3.59,5.0,0.28200000000000003,0.5600624024960998
2026-01-31 12:18:00,3.57,5.0,0.28600000000000003,0.5552099533437014
2026-01-31 12:19:00,3.61,5.0,0.278,0.5649452269170578
2026-01-31 12:20:00,3.63,5.0,0.274,0.5698587127158555
2026-01-31 12:21:00,3.61,5.0,0.278,0.5649452269170578
2026-01-31 12:22:00,3.61,5.0,0.278,0.5649452269170578
2026-01-31 12:23:00,3.66,5.0,0.26799999999999996,0.5772870662460567
2026-01-31 12:24:00,3.59,5.0,0.28200000000000003,0.5600624024960998
2026-01-31 12:25:00,3.41,5.0,0.31799999999999995,0.5174506828528073
2026-01-31 12:26:00,3.38,5.0,0.324,0.5105740181268882
2026-01-31 12:27:00,3.36,5.0,0.328,0.5060240963855421
2026-01-31 12:28:00,3.36,5.0,0.328,0.5060240963855421
2026-01-31 12:29:00,3.35,5.0,0.32999999999999996,0.5037593984962406
2026-01-31 12:30:00,3.34,5.0,0.332,0.5015015015015014
2026-01-31 12:31:00,3.4,5.0,0.32,0.515151515151515
2026-01-31 12:32:00,3.36,5.0,0.328,0.5060240963855421
2026-01-31 12:34:00,3.59,5.0,0.28200000000000003,0.5600624024960998
2026-01-31 12:35:00,3.55,5.0,0.29000000000000004,0.5503875968992248
2026-01-31 12:36:00,3.55,5.0,0.29000000000000004,0.5503875968992248
2026-01-31 12:37:00,3.61,5.0,0.278,0.5649452269170578
2026-01-31 12:38:00,3.68,5.0,0.26399999999999996,0.5822784810126582
2026-01-31 12:39:00,3.78,5.0,0.24400000000000005,0.6077170418006431
2026-01-31 12:40:00,3.82,5.0,0.23600000000000004,0.6181229773462783
2026-01-31 12:41:00,3.85,5.0,0.22999999999999998,0.6260162601626017
2026-01-31 12:42:00,3.85,5.0,0.22999999999999998,0.6260162601626017
2026-01-31 12:43:00,3.7,5.0,0.25999999999999995,0.5873015873015873
2026-01-31 12:44:00,3.72,5.0,0.25599999999999995,0.5923566878980892
2026-01-31 12:45:00,3.68,5.0,0.26399999999999996,0.5822784810126582
2026-01-31 12:46:00,3.58,5.0,0.284,0.557632398753894
2026-01-31 12:47:00,3.59,5.0,0.28200000000000003,0.5600624024960998
2026-01-31 12:48:00,3.54,5.0,0.292,0.5479876160990712
2026-01-31 12:49:00,3.57,5.0,0.28600000000000003,0.5552099533437014
2026-01-31 12:50:00,3.61,5.0,0.278,0.5649452269170578
2026-01-31 12:51:00,3.63,5.0,0.274,0.5698587127158555
2026-01-31 12:52:00,3.61,5.0,0.278,0.5649452269170578
2026-01-31 12:53:00,3.55,5.0,0.29000000000000004,0.5503875968992248
2026-01-31 12:54:00,3.59,5.0,0.28200000000000003,0.5600624024960998
2026-01-31 12:55:00,3.68,5.0,0.26399999999999996,0.5822784810126582
2026-01-31 12:56:00,3.68,5.0,0.26399999999999996,0.5822784810126582
2026-01-31 12:57:00,3.68,5.0,0.26399999999999996,0.5822784810126582
2026-01-31 12:58:00,3.67,5.0,0.266,0.5797788309636651
2026-01-31 12:59:00,3.59,5.0,0.28200000000000003,0.5600624024960998
2026-01-31 13:00:00,3.48,5.0,0.304,0.5337423312883435
2026-01-31 13:01:00,3.48,5.0,0.304,0.5337423312883435
2026-01-31 13:02:00,3.47,5.0,0.30599999999999994,0.5313935681470138
2026-01-31 13:03:00,3.4,5.0,0.32,0.515151515151515
2026-01-31 13:04:00,3.61,5.0,0.278,0.5649452269170578
2026-01-31 13:05:00,3.65,5.0,0.27,0.5748031496062992
2026-01-31 13:07:00,3.71,5.0,0.258,0.589825119236884
2026-01-31 13:08:00,3.62,5.0,0.27599999999999997,0.567398119122257
2026-01-31 13:09:00,3.63,5.0,0.274,0.5698587127158555
2026-01-31 13:10:00,3.58,5.0,0.284,0.557632398753894
2026-01-31 13:11:00,3.57,5.0,0.28600000000000003,0.5552099533437014
2026-01-31 13:12:00,3.6,5.0,0.27999999999999997,0.5625
2026-01-31 13:13:00,3.56,5.0,0.288,0.5527950310559006
2026-01-31 13:14:00,3.65,5.0,0.27,0.5748031496062992
2026-01-31 13:15:00,3.72,5.0,0.25599999999999995,0.5923566878980892
2026-01-31 13:16:00,3.59,5.0,0.28200000000000003,0.5600624024960998
2026-01-31 13:17:00,3.7,5.0,0.25999999999999995,0.5873015873015873
2026-01-31 13:18:00,3.68,5.0,0.26399999999999996,0.5822784810126582
2026-01-31 13:19:00,3.65,5.0,0.27,0.5748031496062992
2026-01-31 13:20:00,3.64,5.0,0.27199999999999996,0.5723270440251572
2026-01-31 13:21:00,3.63,5.0,0.274,0.5698587127158555
2026-01-31 13:22:00,3.53,5.0,0.29400000000000004,0.5455950540958269
2026-01-31 13:23:00,3.6,5.0,0.27999999999999997,0.5625
2026-01-31 13:24:00,3.59,5.0,0.28200000000000003,0.5600624024960998
2026-01-31 13:25:00,3.66,5.0,0.26799999999999996,0.5772870662460567
2026-01-31 13:26:00,3.73,5.0,0.254,0.594896331738437
2026-01-31 13:27:00,3.72,5.0,0.25599999999999995,0.5923566878980892
2026-01-31 13:28:00,3.66,5.0,0.26799999999999996,0.5772870662460567
2026-01-31 13:29:00,3.59,5.0,0.28200000000000003,0.5600624024960998
2026-01-31 13:30:00,3.51,5.0,0.29800000000000004,0.5408320493066255
2026-01-31 13:31:00,3.54,5.0,0.292,0.5479876160990712
2026-01-31 13:32:00,3.56,5.0,0.288,0.5527950310559006
2026-01-31 13:33:00,3.58,5.0,0.284,0.557632398753894
2026-01-31 13:34:00,3.61,5.0,0.278,0.5649452269170578
2026-01-31 13:35:00,3.53,5.0,0.29400000000000004,0.5455950540958269
2026-01-31 13:36:00,3.54,5.0,0.292,0.5479876160990712
2026-01-31 13:37:00,3.54,5.0,0.292,0.5479876160990712
2026-01-31 13:38:00,3.52,5.0,0.296,0.5432098765432098
2026-01-31 13:40:00,3.45,5.0,0.30999999999999994,0.5267175572519084
2026-01-31 13:41:00,3.46,5.0,0.308,0.529051987767584
2026-01-31 13:42:00,3.51,5.0,0.29800000000000004,0.5408320493066255
2026-01-31 13:43:00,3.61,5.0,0.278,0.5649452269170578
2026-01-31 13:44:00,3.66,5.0,0.26799999999999996,0.5772870662460567
2026-01-31 13:45:00,3.53,5.0,0.29400000000000004,0.5455950540958269
2026-01-31 13:46:00,3.63,5.0,0.274,0.5698587127158555
2026-01-31 13:47:00,3.57,5.0,0.28600000000000003,0.5552099533437014
2026-01-31 13:48:00,3.66,5.0,0.26799999999999996,0.5772870662460567
2026-01-31 13:49:00,3.64,5.0,0.27199999999999996,0.5723270440251572
2026-01-31 13:50:00,3.52,5.0,0.296,0.5432098765432098
2026-01-31 13:51:00,3.52,5.0,0.296,0.5432098765432098
2026-01-31 13:52:00,3.7,5.0,0.25999999999999995,0.5873015873015873
2026-01-31 13:53:00,3.83,5.0,0.23399999999999999,0.6207455429497569
2026-01-31 13:54:00,3.82,5.0,0.23600000000000004,0.6181229773462783
2026-01-31 13:55:00,3.78,5.0,0.24400000000000005,0.6077170418006431
2026-01-31 13:56:00,3.83,5.0,0.23399999999999999,0.6207455429497569
2026-01-31 13:57:00,3.86,5.0,0.22800000000000004,0.6286644951140066
2026-01-31 13:58:00,3.77,5.0,0.246,0.6051364365971108
2026-01-31 13:59:00,3.7,5.0,0.25999999999999995,0.5873015873015873
2026-01-31 14:00:00,3.77,5.0,0.246,0.6051364365971108
2026-01-31 14:01:00,3.76,5.0,0.24800000000000005,0.6025641025641025
2026-01-31 14:02:00,3.79,5.0,0.242,0.6103059581320451
2026-01-31 14:03:00,3.8,5.0,0.24000000000000005,0.6129032258064516
2026-01-31 14:04:00,3.82,5.0,0.23600000000000004,0.6181229773462783
2026-01-31 14:05:00,3.84,5.0,0.23200000000000004,0.6233766233766234
2026-01-31 14:06:00,3.85,5.0,0.22999999999999998,0.6260162601626017
2026-01-31 14:07:00,3.83,5.0,0.23399999999999999,0.6207455429497569
2026-01-31 14:08:00,3.72,5.0,0.25599999999999995,0.5923566878980892
2026-01-31 14:09:00,3.48,5.0,0.304,0.5337423312883435
2026-01-31 14:10:00,3.6,5.0,0.27999999999999997,0.5625
2026-01-31 14:11:00,3.65,5.0,0.27,0.5748031496062992
2026-01-31 14:13:00,3.63,5.0,0.274,0.5698587127158555
2026-01-31 14:14:00,3.58,5.0,0.284,0.557632398753894
2026-01-31 14:15:00,3.56,5.0,0.288,0.5527950310559006
2026-01-31 14:16:00,3.63,5.0,0.274,0.5698587127158555
2026-01-31 14:17:00,3.64,5.0,0.27199999999999996,0.5723270440251572
2026-01-31 14:18:00,3.63,5.0,0.274,0.5698587127158555
2026-01-31 14:19:00,3.58,5.0,0.284,0.557632398753894
2026-01-31 14:20:00,3.52,5.0,0.296,0.5432098765432098
2026-01-31 14:21:00,3.58,5.0,0.284,0.557632398753894
2026-01-31 14:22:00,3.49,5.0,0.30199999999999994,0.5360983102918587
2026-01-31 14:23:00,3.52,5.0,0.296,0.5432098765432098
2026-01-31 14:24:00,3.49,5.0,0.30199999999999994,0.5360983102918587
2026-01-31 14:25:00,3.53,5.0,0.29400000000000004,0.5455950540958269
2026-01-31 14:26:00,3.51,5.0,0.29800000000000004,0.5408320493066255
2026-01-31 14:27:00,3.56,5.0,0.288,0.5527950310559006
2026-01-31 14:28:00,3.6,5.0,0.27999999999999997,0.5625
2026-01-31 14:29:00,3.57,5.0,0.28600000000000003,0.5552099533437014
2026-01-31 14:30:00,3.54,5.0,0.292,0.5479876160990712
2026-01-31 14:31:00,3.63,5.0,0.274,0.5698587127158555
2026-01-31 14:32:00,3.58,5.0,0.284,0.557632398753894
2026-01-31 14:33:00,3.58,5.0,0.284,0.557632398753894
2026-01-31 14:34:00,3.56,5.0,0.288,0.5527950310559006
2026-01-31 14:35:00,3.57,5.0,0.28600000000000003,0.5552099533437014
2026-01-31 14:36:00,3.58,5.0,0.284,0.557632398753894
2026-01-31 14:37:00,3.57,5.0,0.28600000000000003,0.5552099533437014
2026-01-31 14:38:00,3.55,5.0,0.29000000000000004,0.5503875968992248
2026-01-31 14:39:00,3.6,5.0,0.27999999999999997,0.5625
2026-01-31 14:40:00,3.5,5.0,0.3,0.5384615384615384
2026-01-31 14:41:00,3.52,5.0,0.296,0.5432098765432098
2026-01-31 14:42:00,3.55,5.0,0.29000000000000004,0.5503875968992248
2026-01-31 14:43:00,3.59,5.0,0.28200000000000003,0.5600624024960998
2026-01-31 14:44:00,3.61,5.0,0.278,0.5649452269170578
2026-01-31 14:47:00,3.63,5.0,0.274,0.5698587127158555
2026-01-31 14:48:00,3.52,5.0,0.296,0.5432098765432098
2026-01-31 14:49:00,3.5,5.0,0.3,0.5384615384615384
2026-01-31 14:50:00,3.47,5.0,0.30599999999999994,0.5313935681470138
2026-01-31 14:51:00,3.53,5.0,0.29400000000000004,0.5455950540958269
2026-01-31 14:52:00,3.51,5.0,0.29800000000000004,0.5408320493066255
2026-01-31 14:53:00,3.55,5.0,0.29000000000000004,0.5503875968992248
2026-01-31 14:54:00,3.56,5.0,0.288,0.5527950310559006
2026-01-31 14:55:00,3.53,5.0,0.29400000000000004,0.5455950540958269
2026-01-31 14:56:00,3.51,5.0,0.29800000000000004,0.5408320493066255
2026-01-31 14:57:00,3.5,5.0,0.3,0.5384615384615384
2026-01-31 14:58:00,3.48,5.0,0.304,0.5337423312883435
2026-01-31 14:59:00,3.59,5.0,0.28200000000000003,0.5600624024960998
2026-01-31 15:02:00,2.55,5.0,0.49000000000000005,0.3422818791946309
2026-01-31 15:03:00,3.31,5.0,0.33799999999999997,0.4947683109118087
2026-01-31 15:04:00,3.49,5.0,0.30199999999999994,0.5360983102918587
2026-01-31 15:05:00,3.33,5.0,0.33399999999999996,0.4992503748125937
2026-01-31 15:06:00,3.54,5.0,0.292,0.5479876160990712
2026-01-31 15:07:00,3.39,5.0,0.32199999999999995,0.5128593040847201
2026-01-31 15:08:00,3.54,5.0,0.292,0.5479876160990712
2026-01-31 15:09:00,3.47,5.0,0.30599999999999994,0.5313935681470138
2026-01-31 15:10:00,3.09,5.0,0.382,0.44717800289435594
2026-01-31 15:11:00,3.1,5.0,0.38,0.44927536231884063
2026-01-31 15:12:00,3.41,5.0,0.31799999999999995,0.5174506828528073
2026-01-31 15:13:00,3.41,5.0,0.31799999999999995,0.5174506828528073
2026-01-31 15:14:00,3.36,5.0,0.328,0.5060240963855421
2026-01-31 15:15:00,3.63,5.0,0.274,0.5698587127158555
2026-01-31 15:16:00,3.41,5.0,0.31799999999999995,0.5174506828528073
2026-01-31 15:17:00,3.32,5.0,0.336,0.497005988023952
2026-01-31 15:18:00,3.35,5.0,0.32999999999999996,0.5037593984962406
2026-01-31 15:19:00,3.39,5.0,0.32199999999999995,0.5128593040847201
2026-01-31 15:21:00,3.35,5.0,0.32999999999999996,0.5037593984962406
2026-01-31 15:22:00,3.29,5.0,0.34199999999999997,0.4903129657228018
2026-01-31 15:23:00,3.3,5.0,0.34,0.49253731343283574
2026-01-31 15:24:00,3.38,5.0,0.324,0.5105740181268882
2026-01-31 15:25:00,3.38,5.0,0.324,0.5105740181268882
2026-01-31 15:26:00,3.42,5.0,0.316,0.519756838905775
2026-01-31 15:27:00,3.29,5.0,0.34199999999999997,0.4903129657228018
2026-01-31 15:28:00,3.32,5.0,0.336,0.497005988023952
2026-01-31 15:29:00,3.13,5.0,0.374,0.4556040756914119
2026-01-31 15:30:00,3.11,5.0,0.378,0.45137880986937584
2026-01-31 15:31:00,2.98,5.0,0.404,0.42450142450142453
2026-01-31 15:32:00,3.15,5.0,0.37,0.45985401459854014
2026-01-31 15:33:00,2.93,5.0,0.414,0.4144271570014145
2026-01-31 15:34:00,3.17,5.0,0.366,0.46412884333821375
2026-01-31 15:35:00,3.44,5.0,0.312,0.5243902439024389
2026-01-31 15:36:00,3.42,5.0,0.316,0.519756838905775
2026-01-31 15:37:00,3.38,5.0,0.324,0.5105740181268882
2026-01-31 15:38:00,3.4,5.0,0.32,0.515151515151515
2026-01-31 15:39:00,3.29,5.0,0.34199999999999997,0.4903129657228018
2026-01-31 15:40:00,3.15,5.0,0.37,0.45985401459854014
2026-01-31 15:41:00,3.18,5.0,0.364,0.46627565982404695
2026-01-31 15:42:00,3.2,5.0,0.36,0.4705882352941177
2026-01-31 15:43:00,3.44,5.0,0.312,0.5243902439024389
2026-01-31 15:44:00,3.38,5.0,0.324,0.5105740181268882
2026-01-31 15:45:00,3.25,5.0,0.35,0.48148148148148145
2026-01-31 15:46:00,3.15,5.0,0.37,0.45985401459854014
2026-01-31 15:47:00,3.15,5.0,0.37,0.45985401459854014
2026-01-31 15:48:00,3.17,5.0,0.366,0.46412884333821375
2026-01-31 15:49:00,3.22,5.0,0.356,0.47492625368731567
2026-01-31 15:50:00,3.22,5.0,0.356,0.47492625368731567
2026-01-31 15:51:00,3.36,5.0,0.328,0.5060240963855421
2026-01-31 15:52:00,3.54,5.0,0.292,0.5479876160990712
2026-01-31 15:53:00,3.29,5.0,0.34199999999999997,0.4903129657228018
2026-01-31 15:54:00,3.45,5.0,0.30999999999999994,0.5267175572519084
2026-01-31 15:55:00,3.44,5.0,0.312,0.5243902439024389
2026-01-31 15:56:00,3.51,5.0,0.29800000000000004,0.5408320493066255
2026-01-31 15:57:00,3.56,5.0,0.288,0.5527950310559006
2026-01-31 15:58:00,3.52,5.0,0.296,0.5432098765432098
2026-01-31 16:00:00,3.22,5.0,0.356,0.47492625368731567
2026-01-31 16:01:00,3.26,5.0,0.34800000000000003,0.4836795252225518
2026-01-31 16:02:00,3.32,5.0,0.336,0.497005988023952
2026-01-31 16:03:00,3.19,5.0,0.362,0.4684287812041116
2026-01-31 16:04:00,3.13,5.0,0.374,0.4556040756914119
2026-01-31 16:05:00,3.2,5.0,0.36,0.4705882352941177
2026-01-31 16:06:00,3.19,5.0,0.362,0.4684287812041116
2026-01-31 16:07:00,3.19,5.0,0.362,0.4684287812041116
2026-01-31 16:08:00,3.26,5.0,0.34800000000000003,0.4836795252225518
2026-01-31 16:09:00,3.35,5.0,0.32999999999999996,0.5037593984962406
2026-01-31 16:10:00,3.37,5.0,0.32599999999999996,0.5082956259426847
2026-01-31 16:11:00,3.45,5.0,0.30999999999999994,0.5267175572519084
2026-01-31 16:12:00,3.53,5.0,0.29400000000000004,0.5455950540958269
2026-01-31 16:13:00,3.45,5.0,0.30999999999999994,0.5267175572519084
2026-01-31 16:14:00,3.51,5.0,0.29800000000000004,0.5408320493066255
2026-01-31 16:15:00,3.46,5.0,0.308,0.529051987767584
2026-01-31 16:16:00,3.41,5.0,0.31799999999999995,0.5174506828528073
2026-01-31 16:17:00,3.48,5.0,0.304,0.5337423312883435
2026-01-31 16:18:00,3.55,5.0,0.29000000000000004,0.5503875968992248
2026-01-31 16:19:00,3.49,5.0,0.30199999999999994,0.5360983102918587
2026-01-31 16:20:00,3.59,5.0,0.28200000000000003,0.5600624024960998
2026-01-31 16:21:00,3.54,5.0,0.292,0.5479876160990712
2026-01-31 16:23:00,3.62,5.0,0.27599999999999997,0.567398119122257
2026-01-31 16:24:00,3.52,5.0,0.296,0.5432098765432098
2026-01-31 16:25:00,3.4,5.0,0.32,0.515151515151515
2026-01-31 16:26:00,3.55,5.0,0.29000000000000004,0.5503875968992248
2026-01-31 16:27:00,3.68,5.0,0.26399999999999996,0.5822784810126582
2026-01-31 16:28:00,3.6,5.0,0.27999999999999997,0.5625
2026-01-31 16:29:00,3.62,5.0,0.27599999999999997,0.567398119122257
2026-01-31 16:30:00,3.61,5.0,0.278,0.5649452269170578
2026-01-31 16:31:00,3.6,5.0,0.27999999999999997,0.5625
2026-01-31 16:32:00,3.62,5.0,0.27599999999999997,0.567398119122257
2026-01-31 16:33:00,3.58,5.0,0.284,0.557632398753894
2026-01-31 16:34:00,3.67,5.0,0.266,0.5797788309636651
2026-01-31 16:35:00,3.68,5.0,0.26399999999999996,0.5822784810126582
2026-01-31 16:36:00,3.63,5.0,0.274,0.5698587127158555
2026-01-31 16:37:00,3.68,5.0,0.26399999999999996,0.5822784810126582
2026-01-31 16:38:00,3.63,5.0,0.274,0.5698587127158555
2026-01-31 16:39:00,3.53,5.0,0.29400000000000004,0.5455950540958269
2026-01-31 16:40:00,3.44,5.0,0.312,0.5243902439024389
2026-01-31 16:41:00,3.64,5.0,0.27199999999999996,0.5723270440251572
2026-01-31 16:42:00,3.63,5.0,0.274,0.5698587127158555
2026-01-31 16:43:00,3.73,5.0,0.254,0.594896331738437
2026-01-31 16:44:00,3.7,5.0,0.25999999999999995,0.5873015873015873
2026-01-31 16:45:00,3.62,5.0,0.27599999999999997,0.567398119122257
2026-01-31 16:46:00,3.67,5.0,0.266,0.5797788309636651
2026-01-31 16:47:00,3.58,5.0,0.284,0.557632398753894
2026-01-31 16:48:00,3.39,5.0,0.32199999999999995,0.5128593040847201
2026-01-31 16:49:00,3.35,5.0,0.32999999999999996,0.5037593984962406
2026-01-31 16:50:00,3.4,5.0,0.32,0.515151515151515
2026-01-31 16:51:00,3.16,5.0,0.368,0.4619883040935673
2026-01-31 16:52:00,3.2,5.0,0.36,0.4705882352941177
2026-01-31 16:53:00,3.1,5.0,0.38,0.44927536231884063
2026-01-31 16:54:00,3.15,5.0,0.37,0.45985401459854014
2026-01-31 16:55:00,3.26,5.0,0.34800000000000003,0.4836795252225518
2026-01-31 16:56:00,3.14,5.0,0.372,0.4577259475218659
2026-01-31 16:57:00,3.08,5.0,0.384,0.44508670520231214
2026-01-31 16:58:00,3.08,5.0,0.384,0.44508670520231214
2026-01-31 16:59:00,3.28,5.0,0.34400000000000003,0.488095238095238
2026-01-31 17:00:00,3.29,5.0,0.34199999999999997,0.4903129657228018
2026-01-31 17:01:00,3.26,5.0,0.34800000000000003,0.4836795252225518
2026-01-31 17:02:00,3.28,5.0,0.34400000000000003,0.488095238095238
2026-01-31 17:03:00,3.29,5.0,0.34199999999999997,0.4903129657228018
2026-01-31 17:04:00,3.18,5.0,0.364,0.46627565982404695
2026-01-31 17:05:00,3.22,5.0,0.356,0.47492625368731567
2026-01-31 17:06:00,3.28,5.0,0.34400000000000003,0.488095238095238
2026-01-31 17:07:00,3.21,5.0,0.358,0.4727540500736377
2026-01-31 17:08:00,3.22,5.0,0.356,0.47492625368731567
2026-01-31 17:09:00,3.23,5.0,0.354,0.4771048744460857
2026-01-31 17:10:00,3.29,5.0,0.34199999999999997,0.4903129657228018
2026-01-31 17:11:00,3.49,5.0,0.30199999999999994,0.5360983102918587
2026-01-31 17:12:00,3.93,5.0,0.21399999999999997,0.6474464579901154
2026-01-31 17:13:00,3.67,5.0,0.266,0.5797788309636651
2026-01-31 17:14:00,3.53,5.0,0.29400000000000004,0.5455950540958269
2026-01-31 17:15:00,3.51,5.0,0.29800000000000004,0.5408320493066255
2026-01-31 17:16:00,3.41,5.0,0.31799999999999995,0.5174506828528073
2026-01-31 17:17:00,3.37,5.0,0.32599999999999996,0.5082956259426847
2026-01-31 17:18:00,3.45,5.0,0.30999999999999994,0.5267175572519084
2026-01-31 17:19:00,3.33,5.0,0.33399999999999996,0.4992503748125937
2026-01-31 17:20:00,3.39,5.0,0.32199999999999995,0.5128593040847201
2026-01-31 17:21:00,3.39,5.0,0.32199999999999995,0.5128593040847201
2026-01-31 17:22:00,3.45,5.0,0.30999999999999994,0.5267175572519084
2026-01-31 17:23:00,3.39,5.0,0.32199999999999995,0.5128593040847201
2026-01-31 17:24:00,3.42,5.0,0.316,0.519756838905775
2026-01-31 17:25:00,3.46,5.0,0.308,0.529051987767584
2026-01-31 17:26:00,3.43,5.0,0.31399999999999995,0.5220700152207002
2026-01-31 17:27:00,3.45,5.0,0.30999999999999994,0.5267175572519084
2026-01-31 17:28:00,3.46,5.0,0.308,0.529051987767584
2026-01-31 17:29:00,3.54,5.0,0.292,0.5479876160990712
2026-01-31 17:30:00,3.51,5.0,0.29800000000000004,0.5408320493066255
2026-01-31 17:31:00,3.43,5.0,0.31399999999999995,0.5220700152207002
2026-01-31 17:32:00,3.44,5.0,0.312,0.5243902439024389
2026-01-31 17:33:00,3.49,5.0,0.30199999999999994,0.5360983102918587
2026-01-31 17:34:00,3.46,5.0,0.308,0.529051987767584
2026-01-31 17:35:00,3.47,5.0,0.30599999999999994,0.5313935681470138
2026-01-31 17:36:00,3.37,5.0,0.32599999999999996,0.5082956259426847
2026-01-31 17:37:00,3.37,5.0,0.32599999999999996,0.5082956259426847
2026-01-31 17:38:00,3.33,5.0,0.33399999999999996,0.4992503748125937
2026-01-31 17:39:00,3.58,5.0,0.284,0.557632398753894
2026-01-31 17:40:00,3.36,5.0,0.328,0.5060240963855421
2026-01-31 17:41:00,3.46,5.0,0.308,0.529051987767584
2026-01-31 17:42:00,3.37,5.0,0.32599999999999996,0.5082956259426847
2026-01-31 17:43:00,3.44,5.0,0.312,0.5243902439024389
2026-01-31 17:44:00,3.42,5.0,0.316,0.519756838905775
2026-01-31 17:45:00,3.57,5.0,0.28600000000000003,0.5552099533437014
2026-01-31 17:46:00,3.68,5.0,0.26399999999999996,0.5822784810126582
2026-01-31 17:47:00,3.82,5.0,0.23600000000000004,0.6181229773462783
2026-01-31 17:48:00,3.72,5.0,0.25599999999999995,0.5923566878980892
2026-01-31 17:49:00,3.47,5.0,0.30599999999999994,0.5313935681470138
2026-01-31 17:50:00,3.44,5.0,0.312,0.5243902439024389
2026-01-31 17:51:00,3.54,5.0,0.292,0.5479876160990712
2026-01-31 17:52:00,3.53,5.0,0.29400000000000004,0.5455950540958269
2026-01-31 17:53:00,3.53,5.0,0.29400000000000004,0.5455950540958269
2026-01-31 17:54:00,3.49,5.0,0.30199999999999994,0.5360983102918587
2026-01-31 17:55:00,3.47,5.0,0.30599999999999994,0.5313935681470138
2026-01-31 17:56:00,3.54,5.0,0.292,0.5479876160990712
2026-01-31 17:57:00,3.56,5.0,0.288,0.5527950310559006
2026-01-31 17:58:00,3.58,5.0,0.284,0.557632398753894
2026-01-31 17:59:00,3.5,5.0,0.3,0.5384615384615384
2026-01-31 18:00:00,3.41,5.0,0.31799999999999995,0.5174506828528073
2026-01-31 18:01:00,3.24,5.0,0.352,0.4792899408284024
2026-01-31 18:02:00,3.1,5.0,0.38,0.44927536231884063
2026-01-31 18:03:00,3.09,5.0,0.382,0.44717800289435594
2026-01-31 18:04:00,3.16,5.0,0.368,0.4619883040935673
2026-01-31 18:05:00,3.31,5.0,0.33799999999999997,0.4947683109118087
2026-01-31 18:06:00,3.41,5.0,0.31799999999999995,0.5174506828528073
2026-01-31 18:07:00,3.43,5.0,0.31399999999999995,0.5220700152207002
2026-01-31 18:08:00,3.45,5.0,0.30999999999999994,0.5267175572519084
2026-01-31 18:09:00,3.44,5.0,0.312,0.5243902439024389
2026-01-31 18:10:00,3.54,5.0,0.292,0.5479876160990712
2026-01-31 18:11:00,3.41,5.0,0.31799999999999995,0.5174506828528073
2026-01-31 18:12:00,3.44,5.0,0.312,0.5243902439024389
2026-01-31 18:13:00,3.47,5.0,0.30599999999999994,0.5313935681470138
2026-01-31 18:14:00,3.48,5.0,0.304,0.5337423312883435
2026-01-31 18:15:00,3.43,5.0,0.31399999999999995,0.5220700152207002
2026-01-31 18:16:00,3.46,5.0,0.308,0.529051987767584
2026-01-31 18:17:00,3.51,5.0,0.29800000000000004,0.5408320493066255
2026-01-31 18:18:00,3.61,5.0,0.278,0.5649452269170578
2026-01-31 18:19:00,3.58,5.0,0.284,0.557632398753894
2026-01-31 18:20:00,3.56,5.0,0.288,0.5527950310559006
2026-01-31 18:21:00,3.54,5.0,0.292,0.5479876160990712
2026-01-31 18:22:00,3.36,5.0,0.328,0.5060240963855421
2026-01-31 18:23:00,3.2,5.0,0.36,0.4705882352941177
2026-01-31 18:24:00,3.3,5.0,0.34,0.49253731343283574
2026-01-31 18:25:00,3.3,5.0,0.34,0.49253731343283574
2026-01-31 18:26:00,3.4,5.0,0.32,0.515151515151515
2026-01-31 18:27:00,3.47,5.0,0.30599999999999994,0.5313935681470138
2026-01-31 18:28:00,3.42,5.0,0.316,0.519756838905775
2026-01-31 18:29:00,3.25,5.0,0.35,0.48148148148148145
2026-01-31 18:30:00,3.34,5.0,0.332,0.5015015015015014
2026-01-31 18:31:00,3.61,5.0,0.278,0.5649452269170578
2026-01-31 18:32:00,3.65,5.0,0.27,0.5748031496062992
2026-01-31 18:33:00,3.54,5.0,0.292,0.5479876160990712
2026-01-31 18:34:00,3.6,5.0,0.27999999999999997,0.5625
2026-01-31 18:35:00,3.5,5.0,0.3,0.5384615384615384
2026-01-31 18:36:00,3.6,5.0,0.27999999999999997,0.5625
2026-01-31 18:37:00,3.54,5.0,0.292,0.5479876160990712
2026-01-31 18:40:00,3.18,5.0,0.364,0.46627565982404695
2026-01-31 18:41:00,3.41,5.0,0.31799999999999995,0.5174506828528073
2026-01-31 18:42:00,3.43,5.0,0.31399999999999995,0.5220700152207002
2026-01-31 18:43:00,3.46,5.0,0.308,0.529051987767584
2026-01-31 18:44:00,3.54,5.0,0.292,0.5479876160990712
2026-01-31 18:45:00,3.53,5.0,0.29400000000000004,0.5455950540958269
2026-01-31 18:46:00,3.6,5.0,0.27999999999999997,0.5625
2026-01-31 18:47:00,3.45,5.0,0.30999999999999994,0.5267175572519084
2026-01-31 18:48:00,3.4,5.0,0.32,0.515151515151515
2026-01-31 18:49:00,3.18,5.0,0.364,0.46627565982404695
2026-01-31 18:50:00,3.25,5.0,0.35,0.48148148148148145
2026-01-31 18:51:00,3.32,5.0,0.336,0.497005988023952
2026-01-31 18:52:00,3.39,5.0,0.32199999999999995,0.5128593040847201
2026-01-31 18:53:00,3.32,5.0,0.336,0.497005988023952
2026-01-31 18:54:00,3.34,5.0,0.332,0.5015015015015014
2026-01-31 18:55:00,3.31,5.0,0.33799999999999997,0.4947683109118087
2026-01-31 18:56:00,3.24,5.0,0.352,0.4792899408284024
2026-01-31 18:57:00,3.18,5.0,0.364,0.46627565982404695
2026-01-31 18:58:00,3.23,5.0,0.354,0.4771048744460857
2026-01-31 18:59:00,3.24,5.0,0.352,0.4792899408284024
2026-01-31 19:00:00,3.17,5.0,0.366,0.46412884333821375
2026-01-31 19:01:00,3.29,5.0,0.34199999999999997,0.4903129657228018
2026-01-31 19:02:00,3.3,5.0,0.34,0.49253731343283574
2026-01-31 19:03:00,3.29,5.0,0.34199999999999997,0.4903129657228018
2026-01-31 19:04:00,3.24,5.0,0.352,0.4792899408284024
2026-01-31 19:05:00,3.25,5.0,0.35,0.48148148148148145
2026-01-31 19:06:00,3.27,5.0,0.346,0.48588410104011887
2026-01-31 19:07:00,3.25,5.0,0.35,0.48148148148148145
2026-01-31 19:08:00,3.31,5.0,0.33799999999999997,0.4947683109118087
2026-01-31 19:09:00,3.28,5.0,0.34400000000000003,0.488095238095238
2026-01-31 19:10:00,3.25,5.0,0.35,0.48148148148148145
2026-01-31 19:11:00,3.25,5.0,0.35,0.48148148148148145
2026-01-31 19:12:00,3.29,5.0,0.34199999999999997,0.4903129657228018
2026-01-31 19:13:00,3.36,5.0,0.328,0.5060240963855421
2026-01-31 19:14:00,3.34,5.0,0.332,0.5015015015015014
2026-01-31 19:15:00,3.41,5.0,0.31799999999999995,0.5174506828528073
2026-01-31 19:16:00,3.46,5.0,0.308,0.529051987767584
2026-01-31 19:17:00,3.64,5.0,0.27199999999999996,0.5723270440251572
2026-01-31 19:18:00,3.77,5.0,0.246,0.6051364365971108
2026-01-31 19:19:00,3.68,5.0,0.26399999999999996,0.5822784810126582
2026-01-31 19:20:00,3.76,5.0,0.24800000000000005,0.6025641025641025
2026-01-31 19:21:00,3.73,5.0,0.254,0.594896331738437
2026-01-31 19:22:00,3.72,5.0,0.25599999999999995,0.5923566878980892
2026-01-31 19:23:00,3.73,5.0,0.254,0.594896331738437
2026-01-31 19:24:00,3.67,5.0,0.266,0.5797788309636651
2026-01-31 19:25:00,3.63,5.0,0.274,0.5698587127158555
2026-01-31 19:26:00,3.69,5.0,0.262,0.5847860538827259
2026-01-31 19:27:00,3.67,5.0,0.266,0.5797788309636651
2026-01-31 19:28:00,3.63,5.0,0.274,0.5698587127158555
2026-01-31 19:29:00,3.63,5.0,0.274,0.5698587127158555
2026-01-31 19:30:00,3.55,5.0,0.29000000000000004,0.5503875968992248
2026-01-31 19:31:00,3.55,5.0,0.29000000000000004,0.5503875968992248
2026-01-31 19:32:00,3.54,5.0,0.292,0.5479876160990712
2026-01-31 19:33:00,3.55,5.0,0.29000000000000004,0.5503875968992248
2026-01-31 19:34:00,3.57,5.0,0.28600000000000003,0.5552099533437014
2026-01-31 19:35:00,3.55,5.0,0.29000000000000004,0.5503875968992248
2026-01-31 19:36:00,3.53,5.0,0.29400000000000004,0.5455950540958269
2026-01-31 19:37:00,3.53,5.0,0.29400000000000004,0.5455950540958269
2026-01-31 19:38:00,3.55,5.0,0.29000000000000004,0.5503875968992248
2026-01-31 19:39:00,3.53,5.0,0.29400000000000004,0.5455950540958269
2026-01-31 19:40:00,3.54,5.0,0.292,0.5479876160990712
2026-01-31 19:41:00,3.69,5.0,0.262,0.5847860538827259
2026-01-31 19:42:00,3.61,5.0,0.278,0.5649452269170578
2026-01-31 19:43:00,3.65,5.0,0.27,0.5748031496062992
2026-01-31 19:44:00,3.59,5.0,0.28200000000000003,0.5600624024960998
2026-01-31 19:45:00,3.65,5.0,0.27,0.5748031496062992
2026-01-31 19:46:00,3.63,5.0,0.274,0.5698587127158555
2026-01-31 19:47:00,3.65,5.0,0.27,0.5748031496062992
2026-01-31 19:48:00,3.58,5.0,0.284,0.557632398753894
2026-01-31 19:49:00,3.68,5.0,0.26399999999999996,0.5822784810126582
2026-01-31 19:50:00,3.58,5.0,0.284,0.557632398753894
2026-01-31 19:51:00,3.6,5.0,0.27999999999999997,0.5625
2026-01-31 19:52:00,3.63,5.0,0.274,0.5698587127158555
2026-01-31 19:53:00,3.66,5.0,0.26799999999999996,0.5772870662460567
2026-01-31 19:54:00,3.62,5.0,0.27599999999999997,0.567398119122257
2026-01-31 19:55:00,3.56,5.0,0.288,0.5527950310559006
2026-01-31 19:56:00,3.6,5.0,0.27999999999999997,0.5625
2026-01-31 19:57:00,3.57,5.0,0.28600000000000003,0.5552099533437014
2026-01-31 19:58:00,3.71,5.0,0.258,0.589825119236884
2026-01-31 19:59:00,3.7,5.0,0.25999999999999995,0.5873015873015873
2026-01-31 20:00:00,3.64,5.0,0.27199999999999996,0.5723270440251572
2026-01-31 20:01:00,3.65,5.0,0.27,0.5748031496062992
2026-01-31 20:02:00,3.64,5.0,0.27199999999999996,0.5723270440251572
2026-01-31 20:03:00,3.68,5.0,0.26399999999999996,0.5822784810126582
2026-01-31 20:04:00,3.69,5.0,0.262,0.5847860538827259
2026-01-31 20:05:00,3.63,5.0,0.274,0.5698587127158555
2026-01-31 20:06:00,3.6,5.0,0.27999999999999997,0.5625
2026-01-31 20:07:00,3.55,5.0,0.29000000000000004,0.5503875968992248
2026-01-31 20:08:00,3.54,5.0,0.292,0.5479876160990712
2026-01-31 20:09:00,3.62,5.0,0.27599999999999997,0.567398119122257
2026-01-31 20:10:00,3.69,5.0,0.262,0.5847860538827259
2026-01-31 20:11:00,3.56,5.0,0.288,0.5527950310559006
2026-01-31 20:12:00,3.43,5.0,0.31399999999999995,0.5220700152207002
2026-01-31 20:13:00,3.5,5.0,0.3,0.5384615384615384
2026-01-31 20:14:00,3.37,5.0,0.32599999999999996,0.5082956259426847
2026-01-31 20:15:00,3.28,5.0,0.34400000000000003,0.488095238095238
2026-01-31 20:16:00,3.22,5.0,0.356,0.47492625368731567
2026-01-31 20:17:00,3.28,5.0,0.34400000000000003,0.488095238095238
2026-01-31 20:18:00,3.42,5.0,0.316,0.519756838905775
2026-01-31 20:19:00,3.36,5.0,0.328,0.5060240963855421
2026-01-31 20:20:00,3.3,5.0,0.34,0.49253731343283574
2026-01-31 20:21:00,3.3,5.0,0.34,0.49253731343283574
2026-01-31 20:22:00,3.33,5.0,0.33399999999999996,0.4992503748125937
2026-01-31 20:23:00,3.34,5.0,0.332,0.5015015015015014
2026-01-31 20:24:00,3.35,5.0,0.32999999999999996,0.5037593984962406
2026-01-31 20:25:00,3.39,5.0,0.32199999999999995,0.5128593040847201
2026-01-31 20:26:00,3.63,5.0,0.274,0.5698587127158555
2026-01-31 20:27:00,3.57,5.0,0.28600000000000003,0.5552099533437014
2026-01-31 20:28:00,3.53,5.0,0.29400000000000004,0.5455950540958269
2026-01-31 20:29:00,3.57,5.0,0.28600000000000003,0.5552099533437014
2026-01-31 20:30:00,3.51,5.0,0.29800000000000004,0.5408320493066255
2026-01-31 20:31:00,3.42,5.0,0.316,0.519756838905775
2026-01-31 20:32:00,3.46,5.0,0.308,0.529051987767584
2026-01-31 20:33:00,3.53,5.0,0.29400000000000004,0.5455950540958269
2026-01-31 20:34:00,3.52,5.0,0.296,0.5432098765432098
2026-01-31 20:35:00,3.55,5.0,0.29000000000000004,0.5503875968992248
2026-01-31 20:36:00,3.52,5.0,0.296,0.5432098765432098
2026-01-31 20:37:00,3.45,5.0,0.30999999999999994,0.5267175572519084
2026-01-31 20:38:00,3.42,5.0,0.316,0.519756838905775
2026-01-31 20:39:00,3.46,5.0,0.308,0.529051987767584
2026-01-31 20:40:00,3.46,5.0,0.308,0.529051987767584
2026-01-31 20:41:00,3.45,5.0,0.30999999999999994,0.5267175572519084
2026-01-31 20:42:00,3.42,5.0,0.316,0.519756838905775
2026-01-31 20:43:00,3.43,5.0,0.31399999999999995,0.5220700152207002
2026-01-31 20:44:00,3.26,5.0,0.34800000000000003,0.4836795252225518
2026-01-31 20:45:00,3.32,5.0,0.336,0.497005988023952
2026-01-31 20:46:00,3.34,5.0,0.332,0.5015015015015014
2026-01-31 20:47:00,3.27,5.0,0.346,0.48588410104011887
2026-01-31 20:48:00,3.46,5.0,0.308,0.529051987767584
2026-01-31 20:49:00,3.52,5.0,0.296,0.5432098765432098
2026-01-31 20:52:00,3.99,5.0,0.20199999999999996,0.6638935108153079
2026-01-31 20:53:00,3.88,5.0,0.22400000000000003,0.6339869281045752
2026-01-31 20:54:00,3.76,5.0,0.24800000000000005,0.6025641025641025
2026-01-31 20:55:00,3.8,5.0,0.24000000000000005,0.6129032258064516
2026-01-31 20:56:00,3.63,5.0,0.274,0.5698587127158555
2026-01-31 20:57:00,3.7,5.0,0.25999999999999995,0.5873015873015873
2026-01-31 20:58:00,3.8,5.0,0.24000000000000005,0.6129032258064516
2026-01-31 20:59:00,3.76,5.0,0.24800000000000005,0.6025641025641025
2026-01-31 21:00:00,3.73,5.0,0.254,0.594896331738437
2026-01-31 21:01:00,3.81,5.0,0.238,0.6155088852988692
2026-01-31 21:02:00,3.82,5.0,0.23600000000000004,0.6181229773462783
2026-01-31 21:03:00,3.87,5.0,0.22599999999999998,0.6313213703099511
2026-01-31 21:04:00,3.86,5.0,0.22800000000000004,0.6286644951140066
2026-01-31 21:05:00,3.91,5.0,0.21799999999999997,0.6420361247947455
2026-01-31 21:06:00,3.75,5.0,0.25,0.6
2026-01-31 21:07:00,3.72,5.0,0.25599999999999995,0.5923566878980892
2026-01-31 21:08:00,3.6,5.0,0.27999999999999997,0.5625
2026-01-31 21:09:00,3.81,5.0,0.238,0.6155088852988692
2026-01-31 21:10:00,3.73,5.0,0.254,0.594896331738437
2026-01-31 21:11:00,3.72,5.0,0.25599999999999995,0.5923566878980892
2026-01-31 21:12:00,3.59,5.0,0.28200000000000003,0.5600624024960998
2026-01-31 21:13:00,3.57,5.0,0.28600000000000003,0.5552099533437014
2026-01-31 21:14:00,3.64,5.0,0.27199999999999996,0.5723270440251572
2026-01-31 21:15:00,3.88,5.0,0.22400000000000003,0.6339869281045752
2026-01-31 21:16:00,3.88,5.0,0.22400000000000003,0.6339869281045752
2026-01-31 21:17:00,3.84,5.0,0.23200000000000004,0.6233766233766234
2026-01-31 21:18:00,3.83,5.0,0.23399999999999999,0.6207455429497569
2026-01-31 21:19:00,3.83,5.0,0.23399999999999999,0.6207455429497569
2026-01-31 21:20:00,3.76,5.0,0.24800000000000005,0.6025641025641025
2026-01-31 21:21:00,3.65,5.0,0.27,0.5748031496062992
2026-01-31 21:22:00,3.74,5.0,0.25199999999999995,0.597444089456869
2026-01-31 21:23:00,3.8,5.0,0.24000000000000005,0.6129032258064516
2026-01-31 21:24:00,3.81,5.0,0.238,0.6155088852988692
2026-01-31 21:25:00,3.77,5.0,0.246,0.6051364365971108
2026-01-31 21:26:00,3.84,5.0,0.23200000000000004,0.6233766233766234
2026-01-31 21:27:00,3.96,5.0,0.20800000000000002,0.6556291390728477
2026-01-31 21:28:00,4.02,5.0,0.1960000000000001,0.6722408026755852
2026-01-31 21:29:00,3.94,5.0,0.21200000000000002,0.6501650165016503
2026-01-31 21:30:00,3.94,5.0,0.21200000000000002,0.6501650165016503
2026-01-31 21:31:00,4.0,5.0,0.2,0.6666666666666667
2026-01-31 21:32:00,3.82,5.0,0.23600000000000004,0.6181229773462783
2026-01-31 21:33:00,3.95,5.0,0.20999999999999996,0.6528925619834711
2026-01-31 21:34:00,3.86,5.0,0.22800000000000004,0.6286644951140066
2026-01-31 21:35:00,3.63,5.0,0.274,0.5698587127158555
2026-01-31 21:36:00,3.65,5.0,0.27,0.5748031496062992
2026-01-31 21:37:00,3.61,5.0,0.278,0.5649452269170578
2026-01-31 21:38:00,3.55,5.0,0.29000000000000004,0.5503875968992248
2026-01-31 21:39:00,3.54,5.0,0.292,0.5479876160990712
2026-01-31 21:40:00,3.63,5.0,0.274,0.5698587127158555
2026-01-31 21:41:00,3.62,5.0,0.27599999999999997,0.567398119122257
2026-01-31 21:42:00,3.64,5.0,0.27199999999999996,0.5723270440251572
2026-01-31 21:43:00,3.59,5.0,0.28200000000000003,0.5600624024960998
2026-01-31 21:44:00,3.52,5.0,0.296,0.5432098765432098
2026-01-31 21:45:00,3.58,5.0,0.284,0.557632398753894
2026-01-31 21:46:00,3.55,5.0,0.29000000000000004,0.5503875968992248
2026-01-31 21:47:00,3.5,5.0,0.3,0.5384615384615384
2026-01-31 21:48:00,3.51,5.0,0.29800000000000004,0.5408320493066255
2026-01-31 21:49:00,3.56,5.0,0.288,0.5527950310559006
2026-01-31 21:50:00,3.53,5.0,0.29400000000000004,0.5455950540958269
2026-01-31 21:51:00,3.51,5.0,0.29800000000000004,0.5408320493066255
2026-01-31 21:52:00,3.52,5.0,0.296,0.5432098765432098
2026-01-31 21:53:00,3.54,5.0,0.292,0.5479876160990712
2026-01-31 21:54:00,3.5,5.0,0.3,0.5384615384615384
2026-01-31 21:55:00,3.55,5.0,0.29000000000000004,0.5503875968992248
2026-01-31 21:56:00,3.63,5.0,0.274,0.5698587127158555
2026-01-31 21:57:00,3.86,5.0,0.22800000000000004,0.6286644951140066
2026-01-31 21:58:00,3.91,5.0,0.21799999999999997,0.6420361247947455
2026-01-31 22:00:00,3.91,5.0,0.21799999999999997,0.6420361247947455
2026-01-31 22:01:00,3.87,5.0,0.22599999999999998,0.6313213703099511
2026-01-31 22:02:00,3.67,5.0,0.266,0.5797788309636651
2026-01-31 22:03:00,3.51,5.0,0.29800000000000004,0.5408320493066255
2026-01-31 22:04:00,3.38,5.0,0.324,0.5105740181268882
2026-01-31 22:05:00,3.38,5.0,0.324,0.5105740181268882
2026-01-31 22:06:00,3.54,5.0,0.292,0.5479876160990712
2026-01-31 22:07:00,3.5,5.0,0.3,0.5384615384615384
2026-01-31 22:08:00,3.57,5.0,0.28600000000000003,0.5552099533437014
2026-01-31 22:09:00,3.5,5.0,0.3,0.5384615384615384
2026-01-31 22:10:00,3.56,5.0,0.288,0.5527950310559006
2026-01-31 22:11:00,3.53,5.0,0.29400000000000004,0.5455950540958269
2026-01-31 22:12:00,3.46,5.0,0.308,0.529051987767584
2026-01-31 22:13:00,3.61,5.0,0.278,0.5649452269170578
2026-01-31 22:14:00,3.7,5.0,0.25999999999999995,0.5873015873015873
2026-01-31 22:15:00,3.72,5.0,0.25599999999999995,0.5923566878980892
2026-01-31 22:16:00,3.63,5.0,0.274,0.5698587127158555
2026-01-31 22:17:00,3.67,5.0,0.266,0.5797788309636651
2026-01-31 22:18:00,3.78,5.0,0.24400000000000005,0.6077170418006431
2026-01-31 22:19:00,3.76,5.0,0.24800000000000005,0.6025641025641025
2026-01-31 22:20:00,3.77,5.0,0.246,0.6051364365971108
2026-01-31 22:21:00,3.74,5.0,0.25199999999999995,0.597444089456869
2026-01-31 22:22:00,3.77,5.0,0.246,0.6051364365971108
2026-01-31 22:23:00,3.76,5.0,0.24800000000000005,0.6025641025641025
2026-01-31 22:24:00,3.79,5.0,0.242,0.6103059581320451
2026-01-31 22:25:00,3.78,5.0,0.24400000000000005,0.6077170418006431
2026-01-31 22:26:00,3.72,5.0,0.25599999999999995,0.5923566878980892
2026-01-31 22:27:00,3.69,5.0,0.262,0.5847860538827259
2026-01-31 22:28:00,3.65,5.0,0.27,0.5748031496062992
2026-01-31 22:29:00,3.73,5.0,0.254,0.594896331738437
2026-01-31 22:30:00,3.77,5.0,0.246,0.6051364365971108
2026-01-31 22:31:00,3.77,5.0,0.246,0.6051364365971108
2026-01-31 22:32:00,3.77,5.0,0.246,0.6051364365971108
2026-01-31 22:33:00,3.9,5.0,0.22000000000000003,0.639344262295082
2026-01-31 22:34:00,3.61,5.0,0.278,0.5649452269170578
2026-01-31 22:35:00,3.83,5.0,0.23399999999999999,0.6207455429497569
2026-01-31 22:36:00,3.89,5.0,0.22199999999999998,0.6366612111292963
2026-01-31 22:37:00,3.82,5.0,0.23600000000000004,0.6181229773462783
2026-01-31 22:38:00,3.79,5.0,0.242,0.6103059581320451
2026-01-31 22:39:00,3.78,5.0,0.24400000000000005,0.6077170418006431
2026-01-31 22:40:00,3.79,5.0,0.242,0.6103059581320451
2026-01-31 22:41:00,3.77,5.0,0.246,0.6051364365971108
2026-01-31 22:42:00,3.75,5.0,0.25,0.6
2026-01-31 22:43:00,3.79,5.0,0.242,0.6103059581320451
2026-01-31 22:44:00,3.73,5.0,0.254,0.594896331738437
2026-01-31 22:45:00,3.65,5.0,0.27,0.5748031496062992
2026-01-31 22:46:00,3.62,5.0,0.27599999999999997,0.567398119122257
2026-01-31 22:47:00,3.67,5.0,0.266,0.5797788309636651
2026-01-31 22:48:00,3.65,5.0,0.27,0.5748031496062992
2026-01-31 22:49:00,3.68,5.0,0.26399999999999996,0.5822784810126582
2026-01-31 22:50:00,3.62,5.0,0.27599999999999997,0.567398119122257
2026-01-31 22:51:00,3.61,5.0,0.278,0.5649452269170578
2026-01-31 22:52:00,3.74,5.0,0.25199999999999995,0.597444089456869
2026-01-31 22:53:00,3.7,5.0,0.25999999999999995,0.5873015873015873
2026-01-31 22:54:00,3.64,5.0,0.27199999999999996,0.5723270440251572
2026-01-31 22:55:00,3.62,5.0,0.27599999999999997,0.567398119122257
2026-01-31 22:56:00,3.67,5.0,0.266,0.5797788309636651
2026-01-31 22:57:00,3.73,5.0,0.254,0.594896331738437
2026-01-31 22:58:00,3.61,5.0,0.278,0.5649452269170578
2026-01-31 22:59:00,3.65,5.0,0.27,0.5748031496062992
2026-01-31 23:00:00,3.59,5.0,0.28200000000000003,0.5600624024960998
2026-01-31 23:01:00,3.58,5.0,0.284,0.557632398753894
2026-01-31 23:03:00,3.68,5.0,0.26399999999999996,0.5822784810126582
2026-01-31 23:04:00,3.63,5.0,0.274,0.5698587127158555
2026-01-31 23:05:00,3.63,5.0,0.274,0.5698587127158555
2026-01-31 23:06:00,3.74,5.0,0.25199999999999995,0.597444089456869
2026-01-31 23:07:00,3.79,5.0,0.242,0.6103059581320451
2026-01-31 23:08:00,3.7,5.0,0.25999999999999995,0.5873015873015873
2026-01-31 23:09:00,3.73,5.0,0.254,0.594896331738437
2026-01-31 23:10:00,3.79,5.0,0.242,0.6103059581320451
2026-01-31 23:11:00,3.75,5.0,0.25,0.6
2026-01-31 23:12:00,3.79,5.0,0.242,0.6103059581320451
2026-01-31 23:13:00,3.87,5.0,0.22599999999999998,0.6313213703099511
2026-01-31 23:14:00,3.81,5.0,0.238,0.6155088852988692
2026-01-31 23:15:00,3.82,5.0,0.23600000000000004,0.6181229773462783
2026-01-31 23:16:00,3.88,5.0,0.22400000000000003,0.6339869281045752
2026-01-31 23:17:00,3.83,5.0,0.23399999999999999,0.6207455429497569
2026-01-31 23:18:00,3.82,5.0,0.23600000000000004,0.6181229773462783
2026-01-31 23:19:00,3.85,5.0,0.22999999999999998,0.6260162601626017
2026-01-31 23:20:00,3.86,5.0,0.22800000000000004,0.6286644951140066
2026-01-31 23:21:00,3.89,5.0,0.22199999999999998,0.6366612111292963
2026-01-31 23:22:00,3.86,5.0,0.22800000000000004,0.6286644951140066
2026-01-31 23:23:00,3.79,5.0,0.242,0.6103059581320451
2026-01-31 23:24:00,3.82,5.0,0.23600000000000004,0.6181229773462783
2026-01-31 23:25:00,3.91,5.0,0.21799999999999997,0.6420361247947455
2026-01-31 23:26:00,4.0,5.0,0.2,0.6666666666666667
2026-01-31 23:27:00,3.87,5.0,0.22599999999999998,0.6313213703099511
2026-01-31 23:28:00,3.81,5.0,0.238,0.6155088852988692
2026-01-31 23:29:00,3.82,5.0,0.23600000000000004,0.6181229773462783
2026-01-31 23:30:00,3.92,5.0,0.21600000000000003,0.6447368421052632
2026-01-31 23:31:00,3.92,5.0,0.21600000000000003,0.6447368421052632
2026-01-31 23:32:00,3.84,5.0,0.23200000000000004,0.6233766233766234
2026-01-31 23:33:00,3.83,5.0,0.23399999999999999,0.6207455429497569
2026-01-31 23:34:00,3.75,5.0,0.25,0.6
2026-01-31 23:35:00,3.75,5.0,0.25,0.6
2026-01-31 23:36:00,3.72,5.0,0.25599999999999995,0.5923566878980892
2026-01-31 23:37:00,3.79,5.0,0.242,0.6103059581320451
2026-01-31 23:38:00,3.84,5.0,0.23200000000000004,0.6233766233766234
2026-01-31 23:39:00,3.89,5.0,0.22199999999999998,0.6366612111292963
2026-01-31 23:40:00,3.78,5.0,0.24400000000000005,0.6077170418006431
2026-01-31 23:41:00,3.8,5.0,0.24000000000000005,0.6129032258064516
2026-01-31 23:42:00,3.83,5.0,0.23399999999999999,0.6207455429497569
2026-01-31 23:43:00,3.86,5.0,0.22800000000000004,0.6286644951140066
2026-01-31 23:44:00,3.84,5.0,0.23200000000000004,0.6233766233766234
2026-01-31 23:45:00,3.86,5.0,0.22800000000000004,0.6286644951140066
2026-01-31 23:46:00,3.96,5.0,0.20800000000000002,0.6556291390728477
2026-01-31 23:47:00,3.9,5.0,0.22000000000000003,0.639344262295082
2026-01-31 23:48:00,3.89,5.0,0.22199999999999998,0.6366612111292963
2026-01-31 23:49:00,3.88,5.0,0.22400000000000003,0.6339869281045752
2026-01-31 23:50:00,3.87,5.0,0.22599999999999998,0.6313213703099511
2026-01-31 23:51:00,3.89,5.0,0.22199999999999998,0.6366612111292963
2026-01-31 23:52:00,3.88,5.0,0.22400000000000003,0.6339869281045752
2026-01-31 23:53:00,3.87,5.0,0.22599999999999998,0.6313213703099511
2026-01-31 23:54:00,3.88,5.0,0.22400000000000003,0.6339869281045752
2026-01-31 23:55:00,3.56,5.0,0.288,0.5527950310559006
2026-01-31 23:56:00,3.76,5.0,0.24800000000000005,0.6025641025641025
2026-01-31 23:57:00,3.78,5.0,0.24400000000000005,0.6077170418006431
2026-01-31 23:58:00,3.78,5.0,0.24400000000000005,0.6077170418006431
2026-01-31 23:59:00,3.76,5.0,0.24800000000000005,0.6025641025641025
2026-02-01 00:00:00,3.75,5.0,0.25,0.6
2026-02-01 00:01:00,3.62,5.0,0.27599999999999997,0.567398119122257
2026-02-01 00:02:00,3.65,5.0,0.27,0.5748031496062992
2026-02-01 00:03:00,3.73,5.0,0.254,0.594896331738437
2026-02-01 00:04:00,3.71,5.0,0.258,0.589825119236884
2026-02-01 00:05:00,3.61,5.0,0.278,0.5649452269170578
2026-02-01 00:06:00,3.63,5.0,0.274,0.5698587127158555
2026-02-01 00:07:00,3.61,5.0,0.278,0.5649452269170578
2026-02-01 00:08:00,3.65,5.0,0.27,0.5748031496062992
2026-02-01 00:09:00,3.74,5.0,0.25199999999999995,0.597444089456869
2026-02-01 00:10:00,3.66,5.0,0.26799999999999996,0.5772870662460567
2026-02-01 00:11:00,3.58,5.0,0.284,0.557632398753894
2026-02-01 00:12:00,3.59,5.0,0.28200000000000003,0.5600624024960998
2026-02-01 00:13:00,3.7,5.0,0.25999999999999995,0.5873015873015873
2026-02-01 00:14:00,3.76,5.0,0.24800000000000005,0.6025641025641025
2026-02-01 00:15:00,3.73,5.0,0.254,0.594896331738437
2026-02-01 00:16:00,3.8,5.0,0.24000000000000005,0.6129032258064516
2026-02-01 00:17:00,3.75,5.0,0.25,0.6
2026-02-01 00:18:00,3.77,5.0,0.246,0.6051364365971108
2026-02-01 00:19:00,3.72,5.0,0.25599999999999995,0.5923566878980892
2026-02-01 00:20:00,3.74,5.0,0.25199999999999995,0.597444089456869
2026-02-01 00:21:00,3.74,5.0,0.25199999999999995,0.597444089456869
2026-02-01 00:22:00,3.68,5.0,0.26399999999999996,0.5822784810126582
2026-02-01 00:23:00,3.73,5.0,0.254,0.594896331738437
2026-02-01 00:24:00,3.71,5.0,0.258,0.589825119236884
2026-02-01 00:25:00,3.75,5.0,0.25,0.6
2026-02-01 00:26:00,3.74,5.0,0.25199999999999995,0.597444089456869
2026-02-01 00:27:00,3.71,5.0,0.258,0.589825119236884
2026-02-01 00:28:00,3.7,5.0,0.25999999999999995,0.5873015873015873
2026-02-01 00:29:00,3.73,5.0,0.254,0.594896331738437
2026-02-01 00:30:00,3.85,5.0,0.22999999999999998,0.6260162601626017
2026-02-01 00:31:00,3.84,5.0,0.23200000000000004,0.6233766233766234
2026-02-01 00:32:00,3.77,5.0,0.246,0.6051364365971108
2026-02-01 00:33:00,3.57,5.0,0.28600000000000003,0.5552099533437014
2026-02-01 00:34:00,3.89,5.0,0.22199999999999998,0.6366612111292963
2026-02-01 00:35:00,3.89,5.0,0.22199999999999998,0.6366612111292963
2026-02-01 00:36:00,3.85,5.0,0.22999999999999998,0.6260162601626017
2026-02-01 00:37:00,3.8,5.0,0.24000000000000005,0.6129032258064516
2026-02-01 00:38:00,3.78,5.0,0.24400000000000005,0.6077170418006431
2026-02-01 00:39:00,3.82,5.0,0.23600000000000004,0.6181229773462783
2026-02-01 00:40:00,3.82,5.0,0.23600000000000004,0.6181229773462783
2026-02-01 00:41:00,3.86,5.0,0.22800000000000004,0.6286644951140066
2026-02-01 00:42:00,3.81,5.0,0.238,0.6155088852988692
2026-02-01 00:43:00,3.77,5.0,0.246,0.6051364365971108
2026-02-01 00:44:00,3.85,5.0,0.22999999999999998,0.6260162601626017
2026-02-01 00:45:00,3.98,5.0,0.20400000000000001,0.6611295681063124
2026-02-01 00:46:00,3.91,5.0,0.21799999999999997,0.6420361247947455
2026-02-01 00:47:00,3.96,5.0,0.20800000000000002,0.6556291390728477
2026-02-01 00:48:00,3.86,5.0,0.22800000000000004,0.6286644951140066
2026-02-01 00:49:00,3.87,5.0,0.22599999999999998,0.6313213703099511
2026-02-01 00:50:00,3.85,5.0,0.22999999999999998,0.6260162601626017
2026-02-01 00:51:00,3.86,5.0,0.22800000000000004,0.6286644951140066
2026-02-01 00:52:00,3.82,5.0,0.23600000000000004,0.6181229773462783
2026-02-01 00:53:00,3.79,5.0,0.242,0.6103059581320451
2026-02-01 00:54:00,3.84,5.0,0.23200000000000004,0.6233766233766234
2026-02-01 00:55:00,4.08,5.0,0.184,0.6891891891891893
2026-02-01 00:56:00,4.13,5.0,0.17400000000000002,0.7035775127768313
2026-02-01 00:57:00,4.09,5.0,0.18200000000000002,0.6920473773265652
2026-02-01 00:58:00,4.15,5.0,0.16999999999999993,0.7094017094017095
2026-02-01 00:59:00,4.07,5.0,0.18599999999999994,0.6863406408094436
2026-02-01 01:00:00,4.07,5.0,0.18599999999999994,0.6863406408094436
2026-02-01 01:01:00,4.04,5.0,0.192,0.6778523489932886
2026-02-01 01:02:00,4.03,5.0,0.19399999999999995,0.6750418760469012
2026-02-01 01:03:00,4.02,5.0,0.1960000000000001,0.6722408026755852
2026-02-01 01:04:00,4.0,5.0,0.2,0.6666666666666667
2026-02-01 01:05:00,4.01,5.0,0.19800000000000004,0.669449081803005
2026-02-01 01:06:00,4.04,5.0,0.192,0.6778523489932886
2026-02-01 01:07:00,4.08,5.0,0.184,0.6891891891891893
2026-02-01 01:08:00,4.03,5.0,0.19399999999999995,0.6750418760469012
2026-02-01 01:09:00,4.05,5.0,0.19000000000000003,0.680672268907563
2026-02-01 01:10:00,4.04,5.0,0.192,0.6778523489932886
2026-02-01 01:11:00,4.06,5.0,0.18800000000000008,0.6835016835016834
2026-02-01 01:12:00,4.04,5.0,0.192,0.6778523489932886
2026-02-01 01:13:00,4.02,5.0,0.1960000000000001,0.6722408026755852
2026-02-01 01:14:00,3.99,5.0,0.20199999999999996,0.6638935108153079
2026-02-01 01:15:00,3.83,5.0,0.23399999999999999,0.6207455429497569
2026-02-01 01:16:00,3.99,5.0,0.20199999999999996,0.6638935108153079
2026-02-01 01:17:00,3.88,5.0,0.22400000000000003,0.6339869281045752
2026-02-01 01:18:00,3.75,5.0,0.25,0.6
2026-02-01 01:19:00,3.71,5.0,0.258,0.589825119236884
2026-02-01 01:20:00,3.57,5.0,0.28600000000000003,0.5552099533437014
2026-02-01 01:21:00,3.51,5.0,0.29800000000000004,0.5408320493066255
2026-02-01 01:22:00,3.6,5.0,0.27999999999999997,0.5625
2026-02-01 01:23:00,3.77,5.0,0.246,0.6051364365971108
2026-02-01 01:24:00,3.8,5.0,0.24000000000000005,0.6129032258064516
2026-02-01 01:25:00,4.13,5.0,0.17400000000000002,0.7035775127768313
2026-02-01 01:26:00,4.14,5.0,0.17200000000000007,0.7064846416382251
2026-02-01 01:27:00,4.09,5.0,0.18200000000000002,0.6920473773265652
2026-02-01 01:28:00,4.09,5.0,0.18200000000000002,0.6920473773265652
2026-02-01 01:29:00,4.11,5.0,0.17799999999999994,0.6977928692699492
2026-02-01 01:30:00,4.11,5.0,0.17799999999999994,0.6977928692699492
2026-02-01 01:31:00,3.94,5.0,0.21200000000000002,0.6501650165016503
2026-02-01 01:32:00,3.93,5.0,0.21399999999999997,0.6474464579901154
2026-02-01 01:33:00,3.94,5.0,0.21200000000000002,0.6501650165016503
2026-02-01 01:34:00,4.05,5.0,0.19000000000000003,0.680672268907563
2026-02-01 01:35:00,4.11,5.0,0.17799999999999994,0.6977928692699492
2026-02-01 01:36:00,4.35,5.0,0.13000000000000006,0.7699115044247786
2026-02-01 01:37:00,4.36,5.0,0.12799999999999995,0.773049645390071
2026-02-01 01:39:00,4.33,5.0,0.13399999999999998,0.763668430335097
2026-02-01 01:40:00,4.3,5.0,0.14000000000000004,0.7543859649122806
2026-02-01 01:41:00,4.29,5.0,0.142,0.7513134851138354
2026-02-01 01:42:00,4.27,5.0,0.14600000000000007,0.745200698080279
2026-02-01 01:43:00,4.23,5.0,0.15399999999999991,0.7331022530329291
2026-02-01 01:44:00,4.18,5.0,0.16400000000000006,0.7182130584192439
2026-02-01 01:45:00,4.24,5.0,0.15199999999999997,0.7361111111111113
2026-02-01 01:46:00,4.27,5.0,0.14600000000000007,0.745200698080279
2026-02-01 01:47:00,4.41,5.0,0.11799999999999997,0.7889087656529518
2026-02-01 01:48:00,4.34,5.0,0.13200000000000003,0.7667844522968197
2026-02-01 01:49:00,4.35,5.0,0.13000000000000006,0.7699115044247786
2026-02-01 01:50:00,4.31,5.0,0.13800000000000007,0.7574692442882248
2026-02-01 01:51:00,4.23,5.0,0.15399999999999991,0.7331022530329291
2026-02-01 01:52:00,4.34,5.0,0.13200000000000003,0.7667844522968197
2026-02-01 01:53:00,4.23,5.0,0.15399999999999991,0.7331022530329291
2026-02-01 01:54:00,4.17,5.0,0.166,0.7152658662092625
2026-02-01 01:55:00,3.79,5.0,0.242,0.6103059581320451
2026-02-01 01:56:00,3.63,5.0,0.274,0.5698587127158555
2026-02-01 01:57:00,3.72,5.0,0.25599999999999995,0.5923566878980892
2026-02-01 01:58:00,4.21,5.0,0.158,0.7271157167530224
2026-02-01 01:59:00,4.17,5.0,0.166,0.7152658662092625
2026-02-01 02:00:00,4.16,5.0,0.16799999999999998,0.7123287671232877
2026-02-01 02:01:00,4.19,5.0,0.16199999999999992,0.7211703958691912
2026-02-01 02:02:00,4.23,5.0,0.15399999999999991,0.7331022530329291
2026-02-01 02:03:00,4.26,5.0,0.14800000000000005,0.7421602787456445
2026-02-01 02:04:00,4.25,5.0,0.15,0.7391304347826088
2026-02-01 02:05:00,4.2,5.0,0.15999999999999998,0.7241379310344829
2026-02-01 02:06:00,4.19,5.0,0.16199999999999992,0.7211703958691912
2026-02-01 02:07:00,4.23,5.0,0.15399999999999991,0.7331022530329291
2026-02-01 02:08:00,4.14,5.0,0.17200000000000007,0.7064846416382251
2026-02-01 02:09:00,4.11,5.0,0.17799999999999994,0.6977928692699492
2026-02-01 02:10:00,4.07,5.0,0.18599999999999994,0.6863406408094436
2026-02-01 02:11:00,4.11,5.0,0.17799999999999994,0.6977928692699492
2026-02-01 02:12:00,4.14,5.0,0.17200000000000007,0.7064846416382251
2026-02-01 02:13:00,4.1,5.0,0.18000000000000008,0.694915254237288
2026-02-01 02:14:00,4.1,5.0,0.18000000000000008,0.694915254237288
2026-02-01 02:15:00,4.0,5.0,0.2,0.6666666666666667
2026-02-01 02:16:00,3.96,5.0,0.20800000000000002,0.6556291390728477
2026-02-01 02:17:00,4.0,5.0,0.2,0.6666666666666667
2026-02-01 02:18:00,3.67,5.0,0.266,0.5797788309636651
2026-02-01 02:19:00,3.56,5.0,0.288,0.5527950310559006
2026-02-01 02:20:00,3.71,5.0,0.258,0.589825119236884
2026-02-01 02:21:00,3.58,5.0,0.284,0.557632398753894
2026-02-01 02:22:00,3.61,5.0,0.278,0.5649452269170578
2026-02-01 02:23:00,3.62,5.0,0.27599999999999997,0.567398119122257
2026-02-01 02:24:00,3.69,5.0,0.262,0.5847860538827259
2026-02-01 02:25:00,3.49,5.0,0.30199999999999994,0.5360983102918587
2026-02-01 02:26:00,3.56,5.0,0.288,0.5527950310559006
2026-02-01 02:27:00,3.75,5.0,0.25,0.6
2026-02-01 02:28:00,3.85,5.0,0.22999999999999998,0.6260162601626017
2026-02-01 02:29:00,3.95,5.0,0.20999999999999996,0.6528925619834711
2026-02-01 02:30:00,3.91,5.0,0.21799999999999997,0.6420361247947455
2026-02-01 02:31:00,3.93,5.0,0.21399999999999997,0.6474464579901154
2026-02-01 02:32:00,3.72,5.0,0.25599999999999995,0.5923566878980892
2026-02-01 02:33:00,3.78,5.0,0.24400000000000005,0.6077170418006431
2026-02-01 02:34:00,3.85,5.0,0.22999999999999998,0.6260162601626017
2026-02-01 02:35:00,3.87,5.0,0.22599999999999998,0.6313213703099511
2026-02-01 02:36:00,3.73,5.0,0.254,0.594896331738437
2026-02-01 02:37:00,4.08,5.0,0.184,0.6891891891891893
2026-02-01 02:38:00,4.87,5.0,0.025999999999999978,0.949317738791423
2026-02-01 02:39:00,4.8,5.0,0.040000000000000036,0.923076923076923
2026-02-01 02:40:00,4.87,5.0,0.025999999999999978,0.949317738791423
2026-02-01 02:41:00,5.09,5.0,0.01799999999999997,1.0
2026-02-01 02:42:00,5.19,5.0,0.038000000000000075,1.0
2026-02-01 02:43:00,5.32,5.0,0.06400000000000006,1.0
2026-02-01 02:44:00,5.54,5.0,0.10800000000000001,1.0
2026-02-01 02:45:00,5.55,5.0,0.10999999999999996,1.0
2026-02-01 02:46:00,5.45,5.0,0.09000000000000004,1.0
2026-02-01 02:47:00,5.49,5.0,0.09800000000000005,1.0
2026-02-01 02:48:00,5.64,5.0,0.12799999999999995,1.0
2026-02-01 02:49:00,5.69,5.0,0.13800000000000007,1.0
2026-02-01 02:50:00,5.71,5.0,0.142,1.0
2026-02-01 02:51:00,5.68,5.0,0.13599999999999995,1.0
2026-02-01 02:52:00,5.55,5.0,0.10999999999999996,1.0
2026-02-01 02:53:00,5.51,5.0,0.10199999999999995,1.0
2026-02-01 02:54:00,5.41,5.0,0.08200000000000003,1.0
2026-02-01 02:55:00,5.41,5.0,0.08200000000000003,1.0
2026-02-01 02:56:00,5.41,5.0,0.08200000000000003,1.0
2026-02-01 02:57:00,5.32,5.0,0.06400000000000006,1.0
2026-02-01 02:58:00,5.26,5.0,0.051999999999999956,1.0
2026-02-01 02:59:00,5.19,5.0,0.038000000000000075,1.0
2026-02-01 03:00:00,5.28,5.0,0.05600000000000005,1.0
2026-02-01 03:01:00,5.29,5.0,0.05800000000000001,1.0
2026-02-01 03:02:00,5.29,5.0,0.05800000000000001,1.0
2026-02-01 03:03:00,5.24,5.0,0.04800000000000004,1.0
2026-02-01 03:04:00,5.27,5.0,0.053999999999999916,1.0
2026-02-01 03:05:00,5.1,5.0,0.019999999999999928,1.0
2026-02-01 03:06:00,5.3,5.0,0.05999999999999996,1.0
2026-02-01 03:07:00,5.35,5.0,0.06999999999999992,1.0
2026-02-01 03:08:00,5.34,5.0,0.06799999999999998,1.0
2026-02-01 03:09:00,5.34,5.0,0.06799999999999998,1.0
2026-02-01 03:10:00,5.34,5.0,0.06799999999999998,1.0
2026-02-01 03:11:00,5.31,5.0,0.06199999999999992,1.0
2026-02-01 03:12:00,5.28,5.0,0.05600000000000005,1.0
2026-02-01 03:13:00,5.3,5.0,0.05999999999999996,1.0
2026-02-01 03:14:00,5.3,5.0,0.05999999999999996,1.0
2026-02-01 03:15:00,5.38,5.0,0.07599999999999998,1.0
2026-02-01 03:16:00,5.14,5.0,0.027999999999999935,1.0
2026-02-01 03:17:00,5.39,5.0,0.07799999999999993,1.0
2026-02-01 03:18:00,5.24,5.0,0.04800000000000004,1.0
2026-02-01 03:19:00,5.18,5.0,0.03599999999999994,1.0
2026-02-01 03:20:00,5.29,5.0,0.05800000000000001,1.0
2026-02-01 03:21:00,5.31,5.0,0.06199999999999992,1.0
2026-02-01 03:22:00,5.4,5.0,0.08000000000000007,1.0
2026-02-01 03:23:00,5.36,5.0,0.07200000000000006,1.0
2026-02-01 03:24:00,5.51,5.0,0.10199999999999995,1.0
2026-02-01 03:25:00,5.55,5.0,0.10999999999999996,1.0
2026-02-01 03:26:00,5.55,5.0,0.10999999999999996,1.0
2026-02-01 03:27:00,5.59,5.0,0.11799999999999997,1.0
2026-02-01 03:28:00,5.42,5.0,0.08399999999999999,1.0
2026-02-01 03:29:00,5.07,5.0,0.014000000000000058,1.0
2026-02-01 03:30:00,5.33,5.0,0.06600000000000002,1.0
2026-02-01 03:31:00,5.48,5.0,0.09600000000000009,1.0
2026-02-01 03:32:00,5.07,5.0,0.014000000000000058,1.0
2026-02-01 03:33:00,5.29,5.0,0.05800000000000001,1.0
2026-02-01 03:34:00,5.34,5.0,0.06799999999999998,1.0
2026-02-01 03:35:00,5.29,5.0,0.05800000000000001,1.0
2026-02-01 03:36:00,5.25,5.0,0.05,1.0
2026-02-01 03:37:00,5.28,5.0,0.05600000000000005,1.0
2026-02-01 03:38:00,5.3,5.0,0.05999999999999996,1.0
2026-02-01 03:39:00,5.12,5.0,0.02400000000000002,1.0
2026-02-01 03:40:00,5.21,5.0,0.041999999999999996,1.0
2026-02-01 03:41:00,5.36,5.0,0.07200000000000006,1.0
2026-02-01 03:42:00,5.38,5.0,0.07599999999999998,1.0
2026-02-01 03:43:00,5.35,5.0,0.06999999999999992,1.0
2026-02-01 03:44:00,5.32,5.0,0.06400000000000006,1.0
2026-02-01 03:45:00,5.26,5.0,0.051999999999999956,1.0
2026-02-01 03:46:00,5.29,5.0,0.05800000000000001,1.0
2026-02-01 03:47:00,5.3,5.0,0.05999999999999996,1.0
2026-02-01 03:48:00,5.45,5.0,0.09000000000000004,1.0
2026-02-01 03:49:00,5.45,5.0,0.09000000000000004,1.0
2026-02-01 03:50:00,5.55,5.0,0.10999999999999996,1.0
2026-02-01 03:51:00,5.52,5.0,0.10399999999999991,1.0
2026-02-01 03:52:00,5.43,5.0,0.08599999999999994,1.0
2026-02-01 03:53:00,5.43,5.0,0.08599999999999994,1.0
2026-02-01 03:54:00,5.35,5.0,0.06999999999999992,1.0
2026-02-01 03:55:00,5.43,5.0,0.08599999999999994,1.0
2026-02-01 03:56:00,5.33,5.0,0.06600000000000002,1.0
2026-02-01 03:57:00,5.24,5.0,0.04800000000000004,1.0
2026-02-01 03:58:00,5.25,5.0,0.05,1.0
2026-02-01 04:00:00,5.35,5.0,0.06999999999999992,1.0
2026-02-01 04:01:00,5.31,5.0,0.06199999999999992,1.0
2026-02-01 04:02:00,5.36,5.0,0.07200000000000006,1.0
2026-02-01 04:03:00,5.4,5.0,0.08000000000000007,1.0
2026-02-01 04:04:00,5.37,5.0,0.07400000000000002,1.0
2026-02-01 04:05:00,5.25,5.0,0.05,1.0
2026-02-01 04:06:00,5.2,5.0,0.040000000000000036,1.0
2026-02-01 04:07:00,5.08,5.0,0.016000000000000014,1.0
2026-02-01 04:08:00,5.14,5.0,0.027999999999999935,1.0
2026-02-01 04:09:00,5.26,5.0,0.051999999999999956,1.0
2026-02-01 04:10:00,5.36,5.0,0.07200000000000006,1.0
2026-02-01 04:11:00,5.14,5.0,0.027999999999999935,1.0
2026-02-01 04:12:00,5.28,5.0,0.05600000000000005,1.0
2026-02-01 04:13:00,5.27,5.0,0.053999999999999916,1.0
2026-02-01 04:14:00,5.41,5.0,0.08200000000000003,1.0
2026-02-01 04:15:00,5.44,5.0,0.08800000000000008,1.0
2026-02-01 04:16:00,5.36,5.0,0.07200000000000006,1.0
2026-02-01 04:17:00,5.36,5.0,0.07200000000000006,1.0
2026-02-01 04:18:00,5.33,5.0,0.06600000000000002,1.0
2026-02-01 04:19:00,5.28,5.0,0.05600000000000005,1.0
2026-02-01 04:20:00,5.19,5.0,0.038000000000000075,1.0
2026-02-01 04:21:00,5.13,5.0,0.025999999999999978,1.0
2026-02-01 04:22:00,5.13,5.0,0.025999999999999978,1.0
2026-02-01 04:23:00,5.09,5.0,0.01799999999999997,1.0
2026-02-01 04:24:00,5.05,5.0,0.009999999999999964,1.0
2026-02-01 04:25:00,5.04,5.0,0.008000000000000007,1.0
2026-02-01 04:26:00,4.67,5.0,0.06600000000000002,0.8761726078799249
2026-02-01 04:27:00,4.48,5.0,0.10399999999999991,0.8115942028985509
2026-02-01 04:28:00,4.68,5.0,0.06400000000000006,0.8796992481203006
2026-02-01 04:29:00,4.78,5.0,0.04399999999999995,0.9157088122605365
2026-02-01 04:30:00,4.66,5.0,0.06799999999999998,0.8726591760299626
2026-02-01 04:31:00,4.79,5.0,0.041999999999999996,0.9193857965451055
2026-02-01 04:32:00,4.87,5.0,0.025999999999999978,0.949317738791423
2026-02-01 04:33:00,4.71,5.0,0.05800000000000001,0.8903591682419659
2026-02-01 04:34:00,4.25,5.0,0.15,0.7391304347826088
2026-02-01 04:35:00,4.17,5.0,0.166,0.7152658662092625
2026-02-01 04:36:00,4.09,5.0,0.18200000000000002,0.6920473773265652
2026-02-01 04:37:00,4.06,5.0,0.18800000000000008,0.6835016835016834
2026-02-01 04:38:00,4.07,5.0,0.18599999999999994,0.6863406408094436
2026-02-01 04:39:00,4.12,5.0,0.176,0.7006802721088436
2026-02-01 04:40:00,4.14,5.0,0.17200000000000007,0.7064846416382251
2026-02-01 04:41:00,4.06,5.0,0.18800000000000008,0.6835016835016834
2026-02-01 04:42:00,4.02,5.0,0.1960000000000001,0.6722408026755852
2026-02-01 04:43:00,3.98,5.0,0.20400000000000001,0.6611295681063124
2026-02-01 04:44:00,3.97,5.0,0.20599999999999996,0.6583747927031509
2026-02-01 04:45:00,3.99,5.0,0.20199999999999996,0.6638935108153079
2026-02-01 04:46:00,3.71,5.0,0.258,0.589825119236884
2026-02-01 04:47:00,3.63,5.0,0.274,0.5698587127158555
2026-02-01 04:48:00,3.37,5.0,0.32599999999999996,0.5082956259426847
2026-02-01 04:49:00,3.96,5.0,0.20800000000000002,0.6556291390728477
2026-02-01 04:50:00,4.08,5.0,0.184,0.6891891891891893
2026-02-01 04:51:00,4.09,5.0,0.18200000000000002,0.6920473773265652
2026-02-01 04:52:00,3.95,5.0,0.20999999999999996,0.6528925619834711
2026-02-01 04:53:00,4.03,5.0,0.19399999999999995,0.6750418760469012
2026-02-01 04:54:00,4.0,5.0,0.2,0.6666666666666667
2026-02-01 04:55:00,4.03,5.0,0.19399999999999995,0.6750418760469012
2026-02-01 04:56:00,3.99,5.0,0.20199999999999996,0.6638935108153079
2026-02-01 04:57:00,3.99,5.0,0.20199999999999996,0.6638935108153079
2026-02-01 04:58:00,3.91,5.0,0.21799999999999997,0.6420361247947455
2026-02-01 04:59:00,4.0,5.0,0.2,0.6666666666666667
2026-02-01 05:00:00,3.9,5.0,0.22000000000000003,0.639344262295082
2026-02-01 05:01:00,3.9,5.0,0.22000000000000003,0.639344262295082
2026-02-01 05:02:00,4.01,5.0,0.19800000000000004,0.669449081803005
2026-02-01 05:03:00,4.24,5.0,0.15199999999999997,0.7361111111111113
2026-02-01 05:04:00,4.24,5.0,0.15199999999999997,0.7361111111111113
2026-02-01 05:05:00,4.31,5.0,0.13800000000000007,0.7574692442882248
2026-02-01 05:06:00,4.39,5.0,0.12200000000000007,0.7825311942959
2026-02-01 05:07:00,4.42,5.0,0.11600000000000002,0.7921146953405017
2026-02-01 05:08:00,4.43,5.0,0.11400000000000006,0.7953321364452423
2026-02-01 05:09:00,4.4,5.0,0.11999999999999993,0.7857142857142859
2026-02-01 05:10:00,4.35,5.0,0.13000000000000006,0.7699115044247786
2026-02-01 05:11:00,4.38,5.0,0.12400000000000003,0.7793594306049821
2026-02-01 05:12:00,4.42,5.0,0.11600000000000002,0.7921146953405017
2026-02-01 05:13:00,4.52,5.0,0.09600000000000009,0.8248175182481751
2026-02-01 05:14:00,4.6,5.0,0.08000000000000007,0.8518518518518517
2026-02-01 05:15:00,4.5,5.0,0.1,0.8181818181818181
2026-02-01 05:16:00,4.45,5.0,0.10999999999999996,0.8018018018018019
2026-02-01 05:17:00,4.47,5.0,0.10600000000000005,0.8083182640144664
2026-02-01 05:18:00,4.4,5.0,0.11999999999999993,0.7857142857142859
2026-02-01 05:19:00,4.46,5.0,0.10800000000000001,0.8050541516245486
2026-02-01 05:20:00,4.43,5.0,0.11400000000000006,0.7953321364452423
2026-02-01 05:21:00,4.31,5.0,0.13800000000000007,0.7574692442882248
2026-02-01 05:22:00,4.38,5.0,0.12400000000000003,0.7793594306049821
2026-02-01 05:23:00,4.37,5.0,0.12599999999999997,0.7761989342806395
2026-02-01 05:24:00,4.38,5.0,0.12400000000000003,0.7793594306049821
2026-02-01 05:25:00,4.38,5.0,0.12400000000000003,0.7793594306049821
2026-02-01 05:26:00,4.37,5.0,0.12599999999999997,0.7761989342806395
2026-02-01 05:27:00,4.36,5.0,0.12799999999999995,0.773049645390071
2026-02-01 05:28:00,4.48,5.0,0.10399999999999991,0.8115942028985509
2026-02-01 05:29:00,4.57,5.0,0.08599999999999994,0.8416206261510131
2026-02-01 05:30:00,4.53,5.0,0.09399999999999994,0.8281535648994517
2026-02-01 05:31:00,4.53,5.0,0.09399999999999994,0.8281535648994517
2026-02-01 05:32:00,4.52,5.0,0.09600000000000009,0.8248175182481751
2026-02-01 05:33:00,4.53,5.0,0.09399999999999994,0.8281535648994517
2026-02-01 05:34:00,4.49,5.0,0.10199999999999995,0.8148820326678767
2026-02-01 05:35:00,4.4,5.0,0.11999999999999993,0.7857142857142859
2026-02-01 05:36:00,4.44,5.0,0.11199999999999992,0.7985611510791369
2026-02-01 05:37:00,4.47,5.0,0.10600000000000005,0.8083182640144664
2026-02-01 05:38:00,4.49,5.0,0.10199999999999995,0.8148820326678767
2026-02-01 05:39:00,4.47,5.0,0.10600000000000005,0.8083182640144664
2026-02-01 05:40:00,4.42,5.0,0.11600000000000002,0.7921146953405017
2026-02-01 05:41:00,4.4,5.0,0.11999999999999993,0.7857142857142859
2026-02-01 05:42:00,4.42,5.0,0.11600000000000002,0.7921146953405017
2026-02-01 05:43:00,4.42,5.0,0.11600000000000002,0.7921146953405017
2026-02-01 05:44:00,4.41,5.0,0.11799999999999997,0.7889087656529518
2026-02-01 05:45:00,4.43,5.0,0.11400000000000006,0.7953321364452423
2026-02-01 05:46:00,4.52,5.0,0.09600000000000009,0.8248175182481751
2026-02-01 05:47:00,4.58,5.0,0.08399999999999999,0.8450184501845018
2026-02-01 05:48:00,4.61,5.0,0.07799999999999993,0.855287569573284
2026-02-01 05:49:00,4.55,5.0,0.09000000000000004,0.8348623853211008
2026-02-01 05:50:00,4.62,5.0,0.07599999999999998,0.8587360594795539
2026-02-01 05:51:00,4.64,5.0,0.07200000000000006,0.8656716417910446
2026-02-01 05:52:00,4.57,5.0,0.08599999999999994,0.8416206261510131
2026-02-01 05:53:00,4.65,5.0,0.06999999999999992,0.8691588785046731
2026-02-01 05:54:00,4.59,5.0,0.08200000000000003,0.8484288354898335
2026-02-01 05:55:00,4.63,5.0,0.07400000000000002,0.8621973929236498
2026-02-01 05:56:00,4.55,5.0,0.09000000000000004,0.8348623853211008
2026-02-01 05:57:00,4.68,5.0,0.06400000000000006,0.8796992481203006
2026-02-01 05:58:00,4.67,5.0,0.06600000000000002,0.8761726078799249
2026-02-01 05:59:00,4.65,5.0,0.06999999999999992,0.8691588785046731
2026-02-01 06:00:00,4.6,5.0,0.08000000000000007,0.8518518518518517
2026-02-01 06:01:00,4.58,5.0,0.08399999999999999,0.8450184501845018
2026-02-01 06:02:00,4.53,5.0,0.09399999999999994,0.8281535648994517
2026-02-01 06:03:00,4.64,5.0,0.07200000000000006,0.8656716417910446
2026-02-01 06:04:00,4.59,5.0,0.08200000000000003,0.8484288354898335
2026-02-01 06:05:00,4.63,5.0,0.07400000000000002,0.8621973929236498
2026-02-01 06:06:00,4.62,5.0,0.07599999999999998,0.8587360594795539
2026-02-01 06:07:00,4.64,5.0,0.07200000000000006,0.8656716417910446
2026-02-01 06:08:00,4.59,5.0,0.08200000000000003,0.8484288354898335
2026-02-01 06:09:00,4.59,5.0,0.08200000000000003,0.8484288354898335
2026-02-01 06:10:00,4.65,5.0,0.06999999999999992,0.8691588785046731
2026-02-01 06:11:00,4.63,5.0,0.07400000000000002,0.8621973929236498
2026-02-01 06:12:00,4.69,5.0,0.06199999999999992,0.8832391713747648
2026-02-01 06:13:00,4.58,5.0,0.08399999999999999,0.8450184501845018
2026-02-01 06:14:00,4.64,5.0,0.07200000000000006,0.8656716417910446
2026-02-01 06:15:00,4.6,5.0,0.08000000000000007,0.8518518518518517
2026-02-01 06:16:00,4.61,5.0,0.07799999999999993,0.855287569573284
2026-02-01 06:17:00,4.67,5.0,0.06600000000000002,0.8761726078799249
2026-02-01 06:18:00,4.65,5.0,0.06999999999999992,0.8691588785046731
2026-02-01 06:19:00,4.64,5.0,0.07200000000000006,0.8656716417910446
2026-02-01 06:20:00,4.67,5.0,0.06600000000000002,0.8761726078799249
2026-02-01 06:21:00,4.62,5.0,0.07599999999999998,0.8587360594795539
2026-02-01 06:22:00,4.68,5.0,0.06400000000000006,0.8796992481203006
2026-02-01 06:23:00,4.69,5.0,0.06199999999999992,0.8832391713747648
2026-02-01 06:24:00,4.67,5.0,0.06600000000000002,0.8761726078799249
2026-02-01 06:25:00,4.76,5.0,0.04800000000000004,0.9083969465648855
2026-02-01 06:26:00,4.69,5.0,0.06199999999999992,0.8832391713747648
2026-02-01 06:27:00,4.65,5.0,0.06999999999999992,0.8691588785046731
2026-02-01 06:28:00,4.61,5.0,0.07799999999999993,0.855287569573284
2026-02-01 06:29:00,4.58,5.0,0.08399999999999999,0.8450184501845018
2026-02-01 06:30:00,4.69,5.0,0.06199999999999992,0.8832391713747648
2026-02-01 06:31:00,4.7,5.0,0.05999999999999996,0.8867924528301887
2026-02-01 06:32:00,4.63,5.0,0.07400000000000002,0.8621973929236498
2026-02-01 06:33:00,4.63,5.0,0.07400000000000002,0.8621973929236498
2026-02-01 06:34:00,4.57,5.0,0.08599999999999994,0.8416206261510131
2026-02-01 06:35:00,4.65,5.0,0.06999999999999992,0.8691588785046731
2026-02-01 06:36:00,4.61,5.0,0.07799999999999993,0.855287569573284
2026-02-01 06:37:00,4.68,5.0,0.06400000000000006,0.8796992481203006
2026-02-01 06:38:00,4.65,5.0,0.06999999999999992,0.8691588785046731
2026-02-01 06:39:00,4.62,5.0,0.07599999999999998,0.8587360594795539
2026-02-01 06:40:00,4.6,5.0,0.08000000000000007,0.8518518518518517
2026-02-01 06:41:00,4.68,5.0,0.06400000000000006,0.8796992481203006
2026-02-01 06:42:00,4.64,5.0,0.07200000000000006,0.8656716417910446
2026-02-01 06:43:00,4.61,5.0,0.07799999999999993,0.855287569573284
2026-02-01 06:44:00,4.64,5.0,0.07200000000000006,0.8656716417910446
2026-02-01 06:45:00,4.66,5.0,0.06799999999999998,0.8726591760299626
2026-02-01 06:46:00,4.56,5.0,0.08800000000000008,0.838235294117647
2026-02-01 06:47:00,4.56,5.0,0.08800000000000008,0.838235294117647
2026-02-01 06:48:00,4.6,5.0,0.08000000000000007,0.8518518518518517
2026-02-01 06:49:00,4.65,5.0,0.06999999999999992,0.8691588785046731
2026-02-01 06:50:00,4.73,5.0,0.053999999999999916,0.8975332068311197
2026-02-01 06:51:00,4.77,5.0,0.04600000000000008,0.9120458891013383
2026-02-01 06:52:00,4.78,5.0,0.04399999999999995,0.9157088122605365
2026-02-01 06:53:00,4.81,5.0,0.038000000000000075,0.9267822736030827
2026-02-01 06:54:00,4.71,5.0,0.05800000000000001,0.8903591682419659
2026-02-01 06:55:00,4.58,5.0,0.08399999999999999,0.8450184501845018
2026-02-01 06:56:00,4.58,5.0,0.08399999999999999,0.8450184501845018
2026-02-01 06:57:00,4.59,5.0,0.08200000000000003,0.8484288354898335
2026-02-01 06:58:00,4.64,5.0,0.07200000000000006,0.8656716417910446
2026-02-01 06:59:00,4.63,5.0,0.07400000000000002,0.8621973929236498
2026-02-01 07:00:00,4.69,5.0,0.06199999999999992,0.8832391713747648
2026-02-01 07:01:00,4.72,5.0,0.05600000000000005,0.8939393939393938
2026-02-01 07:02:00,4.79,5.0,0.041999999999999996,0.9193857965451055
2026-02-01 07:03:00,4.72,5.0,0.05600000000000005,0.8939393939393938
2026-02-01 07:04:00,4.68,5.0,0.06400000000000006,0.8796992481203006
2026-02-01 07:56:00,4.56,5.0,0.08800000000000008,0.838235294117647
2026-02-01 07:57:00,4.49,5.0,0.10199999999999995,0.8148820326678767
2026-02-01 07:59:00,4.83,5.0,0.03399999999999999,0.9342359767891683
2026-02-01 08:00:00,4.51,5.0,0.09800000000000005,0.8214936247723131
2026-02-01 08:01:00,4.47,5.0,0.10600000000000005,0.8083182640144664
2026-02-01 08:02:00,4.41,5.0,0.11799999999999997,0.7889087656529518
2026-02-01 08:03:00,4.41,5.0,0.11799999999999997,0.7889087656529518
2026-02-01 08:04:00,4.53,5.0,0.09399999999999994,0.8281535648994517
2026-02-01 08:05:00,4.63,5.0,0.07400000000000002,0.8621973929236498
2026-02-01 08:06:00,4.64,5.0,0.07200000000000006,0.8656716417910446
2026-02-01 08:07:00,4.66,5.0,0.06799999999999998,0.8726591760299626
2026-02-01 08:08:00,4.6,5.0,0.08000000000000007,0.8518518518518517
2026-02-01 08:09:00,4.56,5.0,0.08800000000000008,0.838235294117647
2026-02-01 08:10:00,4.51,5.0,0.09800000000000005,0.8214936247723131
2026-02-01 08:11:00,4.62,5.0,0.07599999999999998,0.8587360594795539
2026-02-01 08:12:00,4.73,5.0,0.053999999999999916,0.8975332068311197
2026-02-01 08:13:00,4.7,5.0,0.05999999999999996,0.8867924528301887
2026-02-01 08:14:00,4.63,5.0,0.07400000000000002,0.8621973929236498
2026-02-01 08:15:00,4.63,5.0,0.07400000000000002,0.8621973929236498
2026-02-01 08:16:00,4.61,5.0,0.07799999999999993,0.855287569573284
2026-02-01 08:17:00,4.57,5.0,0.08599999999999994,0.8416206261510131
2026-02-01 08:18:00,4.51,5.0,0.09800000000000005,0.8214936247723131
2026-02-01 08:19:00,4.44,5.0,0.11199999999999992,0.7985611510791369
2026-02-01 08:20:00,4.83,5.0,0.03399999999999999,0.9342359767891683
2026-02-01 08:21:00,4.8,5.0,0.040000000000000036,0.923076923076923
2026-02-01 08:22:00,4.76,5.0,0.04800000000000004,0.9083969465648855
2026-02-01 08:23:00,4.6,5.0,0.08000000000000007,0.8518518518518517
2026-02-01 08:24:00,4.5,5.0,0.1,0.8181818181818181
2026-02-01 08:25:00,4.47,5.0,0.10600000000000005,0.8083182640144664
2026-02-01 08:26:00,4.49,5.0,0.10199999999999995,0.8148820326678767
2026-02-01 08:27:00,4.43,5.0,0.11400000000000006,0.7953321364452423
2026-02-01 08:28:00,4.5,5.0,0.1,0.8181818181818181
2026-02-01 08:29:00,4.42,5.0,0.11600000000000002,0.7921146953405017
2026-02-01 08:30:00,4.45,5.0,0.10999999999999996,0.8018018018018019
2026-02-01 08:31:00,4.46,5.0,0.10800000000000001,0.8050541516245486
2026-02-01 08:32:00,4.34,5.0,0.13200000000000003,0.7667844522968197
2026-02-01 08:33:00,4.35,5.0,0.13000000000000006,0.7699115044247786
2026-02-01 08:34:00,4.38,5.0,0.12400000000000003,0.7793594306049821
2026-02-01 08:35:00,4.44,5.0,0.11199999999999992,0.7985611510791369
2026-02-01 08:36:00,4.44,5.0,0.11199999999999992,0.7985611510791369
2026-02-01 08:37:00,4.4,5.0,0.11999999999999993,0.7857142857142859
2026-02-01 08:38:00,4.4,5.0,0.11999999999999993,0.7857142857142859
2026-02-01 08:39:00,4.39,5.0,0.12200000000000007,0.7825311942959
2026-02-01 08:40:00,4.3,5.0,0.14000000000000004,0.7543859649122806
2026-02-01 08:41:00,4.35,5.0,0.13000000000000006,0.7699115044247786
2026-02-01 08:42:00,4.7,5.0,0.05999999999999996,0.8867924528301887
2026-02-01 08:43:00,4.7,5.0,0.05999999999999996,0.8867924528301887
2026-02-01 08:44:00,4.7,5.0,0.05999999999999996,0.8867924528301887
2026-02-01 08:45:00,4.53,5.0,0.09399999999999994,0.8281535648994517
2026-02-01 08:46:00,4.5,5.0,0.1,0.8181818181818181
2026-02-01 08:47:00,4.48,5.0,0.10399999999999991,0.8115942028985509
2026-02-01 08:48:00,4.55,5.0,0.09000000000000004,0.8348623853211008
2026-02-01 08:49:00,4.6,5.0,0.08000000000000007,0.8518518518518517
2026-02-01 08:50:00,4.64,5.0,0.07200000000000006,0.8656716417910446
2026-02-01 08:51:00,4.63,5.0,0.07400000000000002,0.8621973929236498
2026-02-01 08:52:00,4.6,5.0,0.08000000000000007,0.8518518518518517
2026-02-01 08:53:00,4.68,5.0,0.06400000000000006,0.8796992481203006
2026-02-01 08:54:00,4.65,5.0,0.06999999999999992,0.8691588785046731
2026-02-01 08:55:00,4.54,5.0,0.092,0.8315018315018314
2026-02-01 08:56:00,4.52,5.0,0.09600000000000009,0.8248175182481751
2026-02-01 08:57:00,4.59,5.0,0.08200000000000003,0.8484288354898335
2026-02-01 08:58:00,4.65,5.0,0.06999999999999992,0.8691588785046731
2026-02-01 08:59:00,4.57,5.0,0.08599999999999994,0.8416206261510131
2026-02-01 09:00:00,4.6,5.0,0.08000000000000007,0.8518518518518517
2026-02-01 09:01:00,4.66,5.0,0.06799999999999998,0.8726591760299626
2026-02-01 09:02:00,4.69,5.0,0.06199999999999992,0.8832391713747648
2026-02-01 09:03:00,4.71,5.0,0.05800000000000001,0.8903591682419659
2026-02-01 09:04:00,4.74,5.0,0.051999999999999956,0.9011406844106464
2026-02-01 09:05:00,4.71,5.0,0.05800000000000001,0.8903591682419659
2026-02-01 09:06:00,4.67,5.0,0.06600000000000002,0.8761726078799249
2026-02-01 09:07:00,4.72,5.0,0.05600000000000005,0.8939393939393938
2026-02-01 09:08:00,4.62,5.0,0.07599999999999998,0.8587360594795539
2026-02-01 09:09:00,4.61,5.0,0.07799999999999993,0.855287569573284
2026-02-01 09:10:00,4.67,5.0,0.06600000000000002,0.8761726078799249
2026-02-01 09:11:00,4.72,5.0,0.05600000000000005,0.8939393939393938
2026-02-01 09:12:00,4.79,5.0,0.041999999999999996,0.9193857965451055
2026-02-01 09:13:00,4.75,5.0,0.05,0.9047619047619047
2026-02-01 09:14:00,4.76,5.0,0.04800000000000004,0.9083969465648855
2026-02-01 09:15:00,4.74,5.0,0.051999999999999956,0.9011406844106464
2026-02-01 09:16:00,4.48,5.0,0.10399999999999991,0.8115942028985509
2026-02-01 09:17:00,4.61,5.0,0.07799999999999993,0.855287569573284
2026-02-01 09:18:00,4.67,5.0,0.06600000000000002,0.8761726078799249
2026-02-01 09:19:00,4.71,5.0,0.05800000000000001,0.8903591682419659
2026-02-01 09:20:00,4.64,5.0,0.07200000000000006,0.8656716417910446
2026-02-01 09:21:00,4.65,5.0,0.06999999999999992,0.8691588785046731
2026-02-01 09:22:00,4.6,5.0,0.08000000000000007,0.8518518518518517
2026-02-01 09:23:00,4.72,5.0,0.05600000000000005,0.8939393939393938
2026-02-01 09:24:00,4.62,5.0,0.07599999999999998,0.8587360594795539
2026-02-01 09:25:00,4.58,5.0,0.08399999999999999,0.8450184501845018
2026-02-01 09:26:00,4.45,5.0,0.10999999999999996,0.8018018018018019
2026-02-01 09:27:00,4.65,5.0,0.06999999999999992,0.8691588785046731
2026-02-01 09:28:00,4.67,5.0,0.06600000000000002,0.8761726078799249
2026-02-01 09:29:00,4.63,5.0,0.07400000000000002,0.8621973929236498
2026-02-01 09:30:00,4.56,5.0,0.08800000000000008,0.838235294117647
2026-02-01 09:31:00,4.63,5.0,0.07400000000000002,0.8621973929236498
2026-02-01 09:32:00,4.66,5.0,0.06799999999999998,0.8726591760299626
2026-02-01 09:33:00,4.77,5.0,0.04600000000000008,0.9120458891013383
2026-02-01 09:34:00,4.56,5.0,0.08800000000000008,0.838235294117647
2026-02-01 09:35:00,4.44,5.0,0.11199999999999992,0.7985611510791369
2026-02-01 09:36:00,4.3,5.0,0.14000000000000004,0.7543859649122806
2026-02-01 09:37:00,4.51,5.0,0.09800000000000005,0.8214936247723131
2026-02-01 09:38:00,4.58,5.0,0.08399999999999999,0.8450184501845018
2026-02-01 09:39:00,4.68,5.0,0.06400000000000006,0.8796992481203006
2026-02-01 09:40:00,4.76,5.0,0.04800000000000004,0.9083969465648855
2026-02-01 09:41:00,4.9,5.0,0.019999999999999928,0.9607843137254902
2026-02-01 09:42:00,4.86,5.0,0.027999999999999935,0.9455252918287939
2026-02-01 09:43:00,4.76,5.0,0.04800000000000004,0.9083969465648855
2026-02-01 09:44:00,4.01,5.0,0.19800000000000004,0.669449081803005
2026-02-01 09:45:00,4.16,5.0,0.16799999999999998,0.7123287671232877
2026-02-01 09:46:00,4.21,5.0,0.158,0.7271157167530224
2026-02-01 09:47:00,4.26,5.0,0.14800000000000005,0.7421602787456445
2026-02-01 09:48:00,4.35,5.0,0.13000000000000006,0.7699115044247786
2026-02-01 09:49:00,4.51,5.0,0.09800000000000005,0.8214936247723131
2026-02-01 09:50:00,4.59,5.0,0.08200000000000003,0.8484288354898335
2026-02-01 09:51:00,4.79,5.0,0.041999999999999996,0.9193857965451055
2026-02-01 09:52:00,4.81,5.0,0.038000000000000075,0.9267822736030827
2026-02-01 09:53:00,4.89,5.0,0.022000000000000065,0.9569471624266145
2026-02-01 09:54:00,4.92,5.0,0.016000000000000014,0.968503937007874
2026-02-01 09:55:00,4.98,5.0,0.003999999999999915,0.9920318725099603
2026-02-01 09:56:00,4.98,5.0,0.003999999999999915,0.9920318725099603
2026-02-01 09:57:00,5.0,5.0,0.0,1.0
2026-02-01 09:58:00,4.98,5.0,0.003999999999999915,0.9920318725099603
2026-02-01 10:00:00,5.12,5.0,0.02400000000000002,1.0
2026-02-01 10:01:00,5.24,5.0,0.04800000000000004,1.0
2026-02-01 10:02:00,5.1,5.0,0.019999999999999928,1.0
2026-02-01 10:03:00,5.24,5.0,0.04800000000000004,1.0
2026-02-01 10:04:00,5.21,5.0,0.041999999999999996,1.0
2026-02-01 10:05:00,5.33,5.0,0.06600000000000002,1.0
2026-02-01 10:06:00,5.58,5.0,0.11600000000000002,1.0
2026-02-01 10:07:00,5.29,5.0,0.05800000000000001,1.0
2026-02-01 10:08:00,5.34,5.0,0.06799999999999998,1.0
2026-02-01 10:09:00,5.32,5.0,0.06400000000000006,1.0
2026-02-01 10:10:00,5.41,5.0,0.08200000000000003,1.0
2026-02-01 10:11:00,5.41,5.0,0.08200000000000003,1.0
2026-02-01 10:12:00,5.33,5.0,0.06600000000000002,1.0
2026-02-01 10:13:00,5.43,5.0,0.08599999999999994,1.0
2026-02-01 10:14:00,5.64,5.0,0.12799999999999995,1.0
2026-02-01 10:15:00,5.63,5.0,0.12599999999999997,1.0
2026-02-01 10:16:00,5.66,5.0,0.13200000000000003,1.0
2026-02-01 10:17:00,5.58,5.0,0.11600000000000002,1.0
2026-02-01 10:18:00,5.56,5.0,0.11199999999999992,1.0
2026-02-01 10:19:00,5.52,5.0,0.10399999999999991,1.0
2026-02-01 10:20:00,5.58,5.0,0.11600000000000002,1.0
2026-02-01 10:21:00,5.57,5.0,0.11400000000000006,1.0
2026-02-01 10:22:00,5.55,5.0,0.10999999999999996,1.0
2026-02-01 10:23:00,5.53,5.0,0.10600000000000005,1.0
2026-02-01 10:24:00,5.47,5.0,0.09399999999999994,1.0
2026-02-01 10:25:00,5.48,5.0,0.09600000000000009,1.0
2026-02-01 10:26:00,5.38,5.0,0.07599999999999998,1.0
2026-02-01 10:27:00,5.33,5.0,0.06600000000000002,1.0
2026-02-01 10:28:00,5.51,5.0,0.10199999999999995,1.0
2026-02-01 10:29:00,5.59,5.0,0.11799999999999997,1.0
2026-02-01 10:30:00,5.54,5.0,0.10800000000000001,1.0
2026-02-01 10:31:00,5.51,5.0,0.10199999999999995,1.0
2026-02-01 10:32:00,5.39,5.0,0.07799999999999993,1.0
2026-02-01 10:33:00,5.46,5.0,0.092,1.0
2026-02-01 10:34:00,5.48,5.0,0.09600000000000009,1.0
2026-02-01 10:35:00,5.5,5.0,0.1,1.0
2026-02-01 10:36:00,5.47,5.0,0.09399999999999994,1.0
2026-02-01 10:37:00,5.43,5.0,0.08599999999999994,1.0
2026-02-01 10:38:00,5.3,5.0,0.05999999999999996,1.0
2026-02-01 10:39:00,5.18,5.0,0.03599999999999994,1.0
2026-02-01 10:40:00,5.49,5.0,0.09800000000000005,1.0
2026-02-01 10:41:00,5.36,5.0,0.07200000000000006,1.0
2026-02-01 10:42:00,5.31,5.0,0.06199999999999992,1.0
2026-02-01 10:43:00,5.29,5.0,0.05800000000000001,1.0
2026-02-01 10:44:00,5.3,5.0,0.05999999999999996,1.0
2026-02-01 10:45:00,5.29,5.0,0.05800000000000001,1.0
2026-02-01 10:46:00,5.31,5.0,0.06199999999999992,1.0
2026-02-01 10:47:00,5.34,5.0,0.06799999999999998,1.0
2026-02-01 10:48:00,5.31,5.0,0.06199999999999992,1.0
2026-02-01 10:49:00,5.29,5.0,0.05800000000000001,1.0
2026-02-01 10:50:00,5.26,5.0,0.051999999999999956,1.0
2026-02-01 10:51:00,5.24,5.0,0.04800000000000004,1.0
2026-02-01 10:52:00,5.38,5.0,0.07599999999999998,1.0
2026-02-01 10:53:00,5.37,5.0,0.07400000000000002,1.0
2026-02-01 10:54:00,5.27,5.0,0.053999999999999916,1.0
2026-02-01 10:55:00,5.19,5.0,0.038000000000000075,1.0
2026-02-01 10:56:00,5.19,5.0,0.038000000000000075,1.0
2026-02-01 10:57:00,5.13,5.0,0.025999999999999978,1.0
2026-02-01 10:58:00,5.09,5.0,0.01799999999999997,1.0
2026-02-01 10:59:00,5.16,5.0,0.03200000000000003,1.0
2026-02-01 11:00:00,5.14,5.0,0.027999999999999935,1.0
2026-02-01 11:01:00,4.78,5.0,0.04399999999999995,0.9157088122605365
2026-02-01 11:02:00,5.34,5.0,0.06799999999999998,1.0
2026-02-01 11:03:00,5.43,5.0,0.08599999999999994,1.0
2026-02-01 11:04:00,5.2,5.0,0.040000000000000036,1.0
2026-02-01 11:05:00,5.26,5.0,0.051999999999999956,1.0
2026-02-01 11:06:00,5.37,5.0,0.07400000000000002,1.0
2026-02-01 11:07:00,5.22,5.0,0.04399999999999995,1.0
2026-02-01 11:08:00,5.24,5.0,0.04800000000000004,1.0
2026-02-01 11:09:00,5.17,5.0,0.03399999999999999,1.0
2026-02-01 11:10:00,5.04,5.0,0.008000000000000007,1.0
2026-02-01 11:11:00,5.06,5.0,0.011999999999999922,1.0
2026-02-01 11:12:00,4.86,5.0,0.027999999999999935,0.9455252918287939
2026-02-01 11:13:00,5.34,5.0,0.06799999999999998,1.0
2026-02-01 11:14:00,5.3,5.0,0.05999999999999996,1.0
2026-02-01 11:15:00,5.4,5.0,0.08000000000000007,1.0
2026-02-01 11:16:00,5.34,5.0,0.06799999999999998,1.0
2026-02-01 11:17:00,5.21,5.0,0.041999999999999996,1.0
2026-02-01 11:18:00,5.19,5.0,0.038000000000000075,1.0
2026-02-01 11:19:00,5.18,5.0,0.03599999999999994,1.0
2026-02-01 11:20:00,5.09,5.0,0.01799999999999997,1.0
2026-02-01 11:21:00,5.09,5.0,0.01799999999999997,1.0
2026-02-01 11:22:00,5.1,5.0,0.019999999999999928,1.0
2026-02-01 11:23:00,5.1,5.0,0.019999999999999928,1.0
2026-02-01 11:24:00,5.17,5.0,0.03399999999999999,1.0
2026-02-01 11:25:00,5.11,5.0,0.022000000000000065,1.0
2026-02-01 11:26:00,5.11,5.0,0.022000000000000065,1.0
2026-02-01 11:27:00,5.07,5.0,0.014000000000000058,1.0
2026-02-01 11:28:00,5.1,5.0,0.019999999999999928,1.0
2026-02-01 11:29:00,5.12,5.0,0.02400000000000002,1.0
2026-02-01 11:30:00,5.06,5.0,0.011999999999999922,1.0
2026-02-01 11:31:00,5.07,5.0,0.014000000000000058,1.0
2026-02-01 11:32:00,5.07,5.0,0.014000000000000058,1.0
2026-02-01 11:33:00,5.08,5.0,0.016000000000000014,1.0
2026-02-01 11:34:00,5.06,5.0,0.011999999999999922,1.0
2026-02-01 11:35:00,4.96,5.0,0.008000000000000007,0.9841269841269841
2026-02-01 11:36:00,4.93,5.0,0.014000000000000058,0.9723865877712031
2026-02-01 11:37:00,4.91,5.0,0.01799999999999997,0.9646365422396856
2026-02-01 11:38:00,4.86,5.0,0.027999999999999935,0.9455252918287939
2026-02-01 11:39:00,5.01,5.0,0.0019999999999999575,1.0
2026-02-01 11:40:00,4.97,5.0,0.0060000000000000496,0.9880715705765407
2026-02-01 11:41:00,4.87,5.0,0.025999999999999978,0.949317738791423
2026-02-01 11:42:00,4.72,5.0,0.05600000000000005,0.8939393939393938
2026-02-01 11:43:00,4.67,5.0,0.06600000000000002,0.8761726078799249
2026-02-01 11:44:00,4.67,5.0,0.06600000000000002,0.8761726078799249
2026-02-01 11:45:00,4.6,5.0,0.08000000000000007,0.8518518518518517
2026-02-01 11:46:00,4.56,5.0,0.08800000000000008,0.838235294117647
2026-02-01 11:47:00,4.4,5.0,0.11999999999999993,0.7857142857142859
2026-02-01 11:48:00,4.86,5.0,0.027999999999999935,0.9455252918287939
2026-02-01 11:49:00,5.06,5.0,0.011999999999999922,1.0
2026-02-01 11:50:00,4.93,5.0,0.014000000000000058,0.9723865877712031
2026-02-01 11:51:00,4.89,5.0,0.022000000000000065,0.9569471624266145
2026-02-01 11:52:00,4.93,5.0,0.014000000000000058,0.9723865877712031
2026-02-01 11:53:00,4.88,5.0,0.02400000000000002,0.953125
2026-02-01 11:54:00,4.7,5.0,0.05999999999999996,0.8867924528301887
2026-02-01 11:55:00,4.73,5.0,0.053999999999999916,0.8975332068311197
2026-02-01 11:56:00,4.65,5.0,0.06999999999999992,0.8691588785046731
2026-02-01 11:57:00,4.61,5.0,0.07799999999999993,0.855287569573284
2026-02-01 11:58:00,4.64,5.0,0.07200000000000006,0.8656716417910446
2026-02-01 11:59:00,4.67,5.0,0.06600000000000002,0.8761726078799249
2026-02-01 12:00:00,4.74,5.0,0.051999999999999956,0.9011406844106464
2026-02-01 12:01:00,4.86,5.0,0.027999999999999935,0.9455252918287939
2026-02-01 12:02:00,4.83,5.0,0.03399999999999999,0.9342359767891683
2026-02-01 12:03:00,4.81,5.0,0.038000000000000075,0.9267822736030827
2026-02-01 12:04:00,4.79,5.0,0.041999999999999996,0.9193857965451055
2026-02-01 12:05:00,4.69,5.0,0.06199999999999992,0.8832391713747648
2026-02-01 12:06:00,4.73,5.0,0.053999999999999916,0.8975332068311197
2026-02-01 12:07:00,4.73,5.0,0.053999999999999916,0.8975332068311197
2026-02-01 12:08:00,4.71,5.0,0.05800000000000001,0.8903591682419659
2026-02-01 12:09:00,4.75,5.0,0.05,0.9047619047619047
2026-02-01 12:10:00,4.94,5.0,0.011999999999999922,0.9762845849802373
2026-02-01 12:11:00,4.9,5.0,0.019999999999999928,0.9607843137254902
2026-02-01 12:12:00,4.91,5.0,0.01799999999999997,0.9646365422396856
2026-02-01 12:13:00,4.94,5.0,0.011999999999999922,0.9762845849802373
2026-02-01 12:14:00,5.0,5.0,0.0,1.0
2026-02-01 12:16:00,5.09,5.0,0.01799999999999997,1.0
2026-02-01 12:17:00,5.14,5.0,0.027999999999999935,1.0
2026-02-01 12:18:00,5.05,5.0,0.009999999999999964,1.0
2026-02-01 12:19:00,5.02,5.0,0.003999999999999915,1.0
2026-02-01 12:20:00,5.02,5.0,0.003999999999999915,1.0
2026-02-01 12:21:00,5.06,5.0,0.011999999999999922,1.0
2026-02-01 12:22:00,5.01,5.0,0.0019999999999999575,1.0
2026-02-01 12:23:00,4.95,5.0,0.009999999999999964,0.9801980198019802
2026-02-01 12:24:00,5.23,5.0,0.04600000000000008,1.0
2026-02-01 12:25:00,5.23,5.0,0.04600000000000008,1.0
2026-02-01 12:26:00,5.24,5.0,0.04800000000000004,1.0
2026-02-01 12:27:00,5.19,5.0,0.038000000000000075,1.0
2026-02-01 12:28:00,5.18,5.0,0.03599999999999994,1.0
2026-02-01 12:29:00,5.17,5.0,0.03399999999999999,1.0
2026-02-01 12:30:00,5.24,5.0,0.04800000000000004,1.0
2026-02-01 12:31:00,5.18,5.0,0.03599999999999994,1.0
2026-02-01 12:32:00,5.13,5.0,0.025999999999999978,1.0
2026-02-01 12:33:00,5.19,5.0,0.038000000000000075,1.0
2026-02-01 12:34:00,5.23,5.0,0.04600000000000008,1.0
2026-02-01 12:35:00,5.13,5.0,0.025999999999999978,1.0
2026-02-01 12:36:00,5.25,5.0,0.05,1.0
2026-02-01 12:37:00,5.18,5.0,0.03599999999999994,1.0
2026-02-01 12:38:00,5.26,5.0,0.051999999999999956,1.0
2026-02-01 12:39:00,5.01,5.0,0.0019999999999999575,1.0
2026-02-01 12:40:00,5.0,5.0,0.0,1.0
2026-02-01 12:41:00,5.13,5.0,0.025999999999999978,1.0
2026-02-01 12:42:00,5.15,5.0,0.030000000000000072,1.0
2026-02-01 12:43:00,5.13,5.0,0.025999999999999978,1.0
2026-02-01 12:44:00,5.16,5.0,0.03200000000000003,1.0
2026-02-01 12:45:00,5.05,5.0,0.009999999999999964,1.0
2026-02-01 12:46:00,5.03,5.0,0.0060000000000000496,1.0
2026-02-01 12:47:00,5.01,5.0,0.0019999999999999575,1.0
2026-02-01 12:49:00,4.88,5.0,0.02400000000000002,0.953125
2026-02-01 12:50:00,4.95,5.0,0.009999999999999964,0.9801980198019802
2026-02-01 12:51:00,5.1,5.0,0.019999999999999928,1.0
2026-02-01 12:52:00,5.16,5.0,0.03200000000000003,1.0
2026-02-01 12:53:00,5.01,5.0,0.0019999999999999575,1.0
2026-02-01 12:54:00,4.94,5.0,0.011999999999999922,0.9762845849802373
2026-02-01 12:55:00,4.99,5.0,0.0019999999999999575,0.9960079840319361
2026-02-01 12:56:00,5.05,5.0,0.009999999999999964,1.0
2026-02-01 12:57:00,5.03,5.0,0.0060000000000000496,1.0
2026-02-01 12:58:00,5.07,5.0,0.014000000000000058,1.0
2026-02-01 12:59:00,5.09,5.0,0.01799999999999997,1.0
2026-02-01 13:00:00,5.01,5.0,0.0019999999999999575,1.0
2026-02-01 13:01:00,5.0,5.0,0.0,1.0
2026-02-01 13:02:00,4.96,5.0,0.008000000000000007,0.9841269841269841
2026-02-01 13:03:00,4.95,5.0,0.009999999999999964,0.9801980198019802
2026-02-01 13:04:00,4.94,5.0,0.011999999999999922,0.9762845849802373
2026-02-01 13:05:00,5.03,5.0,0.0060000000000000496,1.0
2026-02-01 13:06:00,5.09,5.0,0.01799999999999997,1.0
2026-02-01 13:07:00,5.05,5.0,0.009999999999999964,1.0
2026-02-01 13:08:00,5.0,5.0,0.0,1.0
2026-02-01 13:09:00,5.01,5.0,0.0019999999999999575,1.0
2026-02-01 13:10:00,4.93,5.0,0.014000000000000058,0.9723865877712031
2026-02-01 13:11:00,4.95,5.0,0.009999999999999964,0.9801980198019802
2026-02-01 13:12:00,4.95,5.0,0.009999999999999964,0.9801980198019802
2026-02-01 13:13:00,4.93,5.0,0.014000000000000058,0.9723865877712031
2026-02-01 13:14:00,4.85,5.0,0.030000000000000072,0.9417475728155339
2026-02-01 13:15:00,4.92,5.0,0.016000000000000014,0.968503937007874
2026-02-01 13:16:00,4.81,5.0,0.038000000000000075,0.9267822736030827
2026-02-01 13:17:00,4.68,5.0,0.06400000000000006,0.8796992481203006
2026-02-01 13:18:00,4.67,5.0,0.06600000000000002,0.8761726078799249
2026-02-01 13:19:00,4.62,5.0,0.07599999999999998,0.8587360594795539
2026-02-01 13:20:00,4.57,5.0,0.08599999999999994,0.8416206261510131
2026-02-01 13:22:00,4.42,5.0,0.11600000000000002,0.7921146953405017
2026-02-01 13:23:00,4.31,5.0,0.13800000000000007,0.7574692442882248
2026-02-01 13:24:00,4.38,5.0,0.12400000000000003,0.7793594306049821
2026-02-01 13:25:00,5.19,5.0,0.038000000000000075,1.0
2026-02-01 13:26:00,4.87,5.0,0.025999999999999978,0.949317738791423
2026-02-01 13:27:00,5.07,5.0,0.014000000000000058,1.0
2026-02-01 13:28:00,5.09,5.0,0.01799999999999997,1.0
2026-02-01 13:29:00,5.03,5.0,0.0060000000000000496,1.0
2026-02-01 13:30:00,5.08,5.0,0.016000000000000014,1.0
2026-02-01 13:31:00,5.1,5.0,0.019999999999999928,1.0
2026-02-01 13:32:00,5.21,5.0,0.041999999999999996,1.0
2026-02-01 13:33:00,5.19,5.0,0.038000000000000075,1.0
2026-02-01 13:34:00,5.16,5.0,0.03200000000000003,1.0
2026-02-01 13:35:00,5.19,5.0,0.038000000000000075,1.0
2026-02-01 13:36:00,5.15,5.0,0.030000000000000072,1.0
2026-02-01 13:37:00,5.13,5.0,0.025999999999999978,1.0
2026-02-01 13:38:00,5.14,5.0,0.027999999999999935,1.0
2026-02-01 13:39:00,5.18,5.0,0.03599999999999994,1.0
2026-02-01 13:40:00,5.14,5.0,0.027999999999999935,1.0
2026-02-01 13:41:00,5.25,5.0,0.05,1.0
2026-02-01 13:42:00,5.11,5.0,0.022000000000000065,1.0
2026-02-01 13:43:00,5.04,5.0,0.008000000000000007,1.0
2026-02-01 13:44:00,4.98,5.0,0.003999999999999915,0.9920318725099603
2026-02-01 13:45:00,5.01,5.0,0.0019999999999999575,1.0
2026-02-01 13:46:00,5.02,5.0,0.003999999999999915,1.0
2026-02-01 13:47:00,5.08,5.0,0.016000000000000014,1.0
2026-02-01 13:48:00,5.26,5.0,0.051999999999999956,1.0
2026-02-01 13:49:00,5.3,5.0,0.05999999999999996,1.0
2026-02-01 13:50:00,5.32,5.0,0.06400000000000006,1.0
2026-02-01 13:51:00,5.33,5.0,0.06600000000000002,1.0
2026-02-01 13:52:00,5.29,5.0,0.05800000000000001,1.0
2026-02-01 13:53:00,5.24,5.0,0.04800000000000004,1.0
2026-02-01 13:55:00,5.24,5.0,0.04800000000000004,1.0
2026-02-01 13:56:00,5.21,5.0,0.041999999999999996,1.0
2026-02-01 13:57:00,4.86,5.0,0.027999999999999935,0.9455252918287939
2026-02-01 13:58:00,4.67,5.0,0.06600000000000002,0.8761726078799249
2026-02-01 13:59:00,4.52,5.0,0.09600000000000009,0.8248175182481751
2026-02-01 14:00:00,4.39,5.0,0.12200000000000007,0.7825311942959
2026-02-01 14:01:00,4.28,5.0,0.14399999999999996,0.7482517482517484
2026-02-01 14:02:00,4.13,5.0,0.17400000000000002,0.7035775127768313
2026-02-01 14:03:00,4.09,5.0,0.18200000000000002,0.6920473773265652
2026-02-01 14:04:00,4.09,5.0,0.18200000000000002,0.6920473773265652
2026-02-01 14:05:00,4.14,5.0,0.17200000000000007,0.7064846416382251
2026-02-01 14:06:00,4.0,5.0,0.2,0.6666666666666667
2026-02-01 14:07:00,4.09,5.0,0.18200000000000002,0.6920473773265652
2026-02-01 14:08:00,3.94,5.0,0.21200000000000002,0.6501650165016503
2026-02-01 14:09:00,4.08,5.0,0.184,0.6891891891891893
2026-02-01 14:10:00,3.96,5.0,0.20800000000000002,0.6556291390728477
2026-02-01 14:11:00,3.9,5.0,0.22000000000000003,0.639344262295082
2026-02-01 14:12:00,3.82,5.0,0.23600000000000004,0.6181229773462783
2026-02-01 14:13:00,3.88,5.0,0.22400000000000003,0.6339869281045752
2026-02-01 14:14:00,3.97,5.0,0.20599999999999996,0.6583747927031509
2026-02-01 14:15:00,3.96,5.0,0.20800000000000002,0.6556291390728477
2026-02-01 14:16:00,4.01,5.0,0.19800000000000004,0.669449081803005
2026-02-01 14:17:00,4.06,5.0,0.18800000000000008,0.6835016835016834
2026-02-01 14:18:00,4.15,5.0,0.16999999999999993,0.7094017094017095
2026-02-01 14:19:00,4.16,5.0,0.16799999999999998,0.7123287671232877
2026-02-01 14:20:00,4.05,5.0,0.19000000000000003,0.680672268907563
2026-02-01 14:21:00,4.17,5.0,0.166,0.7152658662092625
2026-02-01 14:22:00,3.94,5.0,0.21200000000000002,0.6501650165016503
2026-02-01 14:23:00,3.85,5.0,0.22999999999999998,0.6260162601626017
2026-02-01 14:24:00,3.74,5.0,0.25199999999999995,0.597444089456869
2026-02-01 14:25:00,3.83,5.0,0.23399999999999999,0.6207455429497569
2026-02-01 14:26:00,3.73,5.0,0.254,0.594896331738437
2026-02-01 14:28:00,4.09,5.0,0.18200000000000002,0.6920473773265652
2026-02-01 14:29:00,4.08,5.0,0.184,0.6891891891891893
2026-02-01 14:30:00,4.12,5.0,0.176,0.7006802721088436
2026-02-01 14:31:00,3.99,5.0,0.20199999999999996,0.6638935108153079
2026-02-01 14:32:00,4.18,5.0,0.16400000000000006,0.7182130584192439
2026-02-01 14:33:00,4.1,5.0,0.18000000000000008,0.694915254237288
2026-02-01 14:34:00,4.19,5.0,0.16199999999999992,0.7211703958691912
2026-02-01 14:35:00,3.88,5.0,0.22400000000000003,0.6339869281045752
2026-02-01 14:36:00,4.11,5.0,0.17799999999999994,0.6977928692699492
2026-02-01 14:37:00,4.1,5.0,0.18000000000000008,0.694915254237288
2026-02-01 14:38:00,4.02,5.0,0.1960000000000001,0.6722408026755852
2026-02-01 14:39:00,4.05,5.0,0.19000000000000003,0.680672268907563
2026-02-01 14:40:00,4.17,5.0,0.166,0.7152658662092625
2026-02-01 14:41:00,4.05,5.0,0.19000000000000003,0.680672268907563
2026-02-01 14:42:00,3.25,5.0,0.35,0.48148148148148145
2026-02-01 14:43:00,3.42,5.0,0.316,0.519756838905775
2026-02-01 14:44:00,3.58,5.0,0.284,0.557632398753894
2026-02-01 14:45:00,3.67,5.0,0.266,0.5797788309636651
2026-02-01 14:46:00,3.76,5.0,0.24800000000000005,0.6025641025641025
2026-02-01 14:47:00,3.78,5.0,0.24400000000000005,0.6077170418006431
2026-02-01 14:48:00,4.03,5.0,0.19399999999999995,0.6750418760469012
2026-02-01 14:49:00,3.77,5.0,0.246,0.6051364365971108
2026-02-01 14:50:00,3.83,5.0,0.23399999999999999,0.6207455429497569
2026-02-01 14:51:00,3.91,5.0,0.21799999999999997,0.6420361247947455
2026-02-01 14:52:00,4.01,5.0,0.19800000000000004,0.669449081803005
2026-02-01 14:53:00,3.77,5.0,0.246,0.6051364365971108
2026-02-01 14:54:00,3.86,5.0,0.22800000000000004,0.6286644951140066
2026-02-01 14:55:00,4.05,5.0,0.19000000000000003,0.680672268907563
2026-02-01 14:56:00,4.02,5.0,0.1960000000000001,0.6722408026755852
2026-02-01 14:57:00,3.98,5.0,0.20400000000000001,0.6611295681063124
2026-02-01 14:58:00,4.03,5.0,0.19399999999999995,0.6750418760469012
2026-02-01 14:59:00,3.83,5.0,0.23399999999999999,0.6207455429497569
2026-02-01 15:01:00,3.81,5.0,0.238,0.6155088852988692
2026-02-01 15:02:00,3.92,5.0,0.21600000000000003,0.6447368421052632
2026-02-01 15:03:00,3.9,5.0,0.22000000000000003,0.639344262295082
2026-02-01 15:04:00,3.91,5.0,0.21799999999999997,0.6420361247947455
2026-02-01 15:05:00,4.2,5.0,0.15999999999999998,0.7241379310344829
2026-02-01 15:06:00,5.0,5.0,0.0,1.0
2026-02-01 15:07:00,4.99,5.0,0.0019999999999999575,0.9960079840319361
2026-02-01 15:08:00,4.77,5.0,0.04600000000000008,0.9120458891013383
2026-02-01 15:09:00,4.34,5.0,0.13200000000000003,0.7667844522968197
2026-02-01 15:10:00,4.45,5.0,0.10999999999999996,0.8018018018018019
2026-02-01 15:11:00,4.34,5.0,0.13200000000000003,0.7667844522968197
2026-02-01 15:12:00,3.98,5.0,0.20400000000000001,0.6611295681063124
2026-02-01 15:13:00,4.11,5.0,0.17799999999999994,0.6977928692699492
2026-02-01 15:14:00,4.07,5.0,0.18599999999999994,0.6863406408094436
2026-02-01 15:15:00,4.13,5.0,0.17400000000000002,0.7035775127768313
2026-02-01 15:16:00,4.17,5.0,0.166,0.7152658662092625
2026-02-01 15:17:00,4.1,5.0,0.18000000000000008,0.694915254237288
2026-02-01 15:18:00,3.87,5.0,0.22599999999999998,0.6313213703099511
2026-02-01 15:19:00,4.13,5.0,0.17400000000000002,0.7035775127768313
2026-02-01 15:20:00,4.1,5.0,0.18000000000000008,0.694915254237288
2026-02-01 15:21:00,4.03,5.0,0.19399999999999995,0.6750418760469012
2026-02-01 15:22:00,4.02,5.0,0.1960000000000001,0.6722408026755852
2026-02-01 15:23:00,4.06,5.0,0.18800000000000008,0.6835016835016834
2026-02-01 15:24:00,4.07,5.0,0.18599999999999994,0.6863406408094436
2026-02-01 15:25:00,4.16,5.0,0.16799999999999998,0.7123287671232877
2026-02-01 15:26:00,4.06,5.0,0.18800000000000008,0.6835016835016834
2026-02-01 15:27:00,4.1,5.0,0.18000000000000008,0.694915254237288
2026-02-01 15:28:00,4.05,5.0,0.19000000000000003,0.680672268907563
2026-02-01 15:29:00,4.16,5.0,0.16799999999999998,0.7123287671232877
2026-02-01 15:30:00,4.35,5.0,0.13000000000000006,0.7699115044247786
2026-02-01 15:31:00,4.25,5.0,0.15,0.7391304347826088
2026-02-01 15:32:00,4.25,5.0,0.15,0.7391304347826088
2026-02-01 15:33:00,4.22,5.0,0.15600000000000006,0.7301038062283736
2026-02-01 15:35:00,4.13,5.0,0.17400000000000002,0.7035775127768313
2026-02-01 15:36:00,4.13,5.0,0.17400000000000002,0.7035775127768313
2026-02-01 15:37:00,4.24,5.0,0.15199999999999997,0.7361111111111113
2026-02-01 15:38:00,4.12,5.0,0.176,0.7006802721088436
2026-02-01 15:39:00,4.11,5.0,0.17799999999999994,0.6977928692699492
2026-02-01 15:40:00,4.14,5.0,0.17200000000000007,0.7064846416382251
2026-02-01 15:41:00,4.25,5.0,0.15,0.7391304347826088
2026-02-01 15:42:00,4.22,5.0,0.15600000000000006,0.7301038062283736
2026-02-01 15:43:00,4.24,5.0,0.15199999999999997,0.7361111111111113
2026-02-01 15:44:00,4.23,5.0,0.15399999999999991,0.7331022530329291
2026-02-01 15:45:00,4.22,5.0,0.15600000000000006,0.7301038062283736
2026-02-01 15:46:00,4.16,5.0,0.16799999999999998,0.7123287671232877
2026-02-01 15:47:00,4.07,5.0,0.18599999999999994,0.6863406408094436
2026-02-01 15:48:00,4.09,5.0,0.18200000000000002,0.6920473773265652
2026-02-01 15:49:00,4.06,5.0,0.18800000000000008,0.6835016835016834
2026-02-01 15:50:00,4.13,5.0,0.17400000000000002,0.7035775127768313
2026-02-01 15:51:00,4.17,5.0,0.166,0.7152658662092625
2026-02-01 15:52:00,4.07,5.0,0.18599999999999994,0.6863406408094436
2026-02-01 15:53:00,4.11,5.0,0.17799999999999994,0.6977928692699492
2026-02-01 15:54:00,4.04,5.0,0.192,0.6778523489932886
2026-02-01 15:55:00,4.08,5.0,0.184,0.6891891891891893
2026-02-01 15:56:00,4.27,5.0,0.14600000000000007,0.745200698080279
2026-02-01 15:57:00,4.21,5.0,0.158,0.7271157167530224
2026-02-01 15:58:00,4.31,5.0,0.13800000000000007,0.7574692442882248
2026-02-01 16:02:00,4.11,5.0,0.17799999999999994,0.6977928692699492
2026-02-01 16:03:00,4.09,5.0,0.18200000000000002,0.6920473773265652
2026-02-01 16:04:00,4.13,5.0,0.17400000000000002,0.7035775127768313
2026-02-01 16:05:00,4.08,5.0,0.184,0.6891891891891893
2026-02-01 16:06:00,3.96,5.0,0.20800000000000002,0.6556291390728477
2026-02-01 16:07:00,4.04,5.0,0.192,0.6778523489932886
2026-02-01 16:08:00,4.16,5.0,0.16799999999999998,0.7123287671232877
2026-02-01 16:09:00,4.07,5.0,0.18599999999999994,0.6863406408094436
2026-02-01 16:10:00,4.08,5.0,0.184,0.6891891891891893
2026-02-01 16:11:00,3.84,5.0,0.23200000000000004,0.6233766233766234
2026-02-01 16:12:00,3.87,5.0,0.22599999999999998,0.6313213703099511
2026-02-01 16:13:00,3.92,5.0,0.21600000000000003,0.6447368421052632
2026-02-01 16:14:00,3.95,5.0,0.20999999999999996,0.6528925619834711
2026-02-01 16:15:00,4.05,5.0,0.19000000000000003,0.680672268907563
2026-02-01 16:16:00,4.05,5.0,0.19000000000000003,0.680672268907563
2026-02-01 16:17:00,4.02,5.0,0.1960000000000001,0.6722408026755852
2026-02-01 16:18:00,4.03,5.0,0.19399999999999995,0.6750418760469012
2026-02-01 16:19:00,3.95,5.0,0.20999999999999996,0.6528925619834711
2026-02-01 16:20:00,3.91,5.0,0.21799999999999997,0.6420361247947455
2026-02-01 16:21:00,3.98,5.0,0.20400000000000001,0.6611295681063124
2026-02-01 16:22:00,3.84,5.0,0.23200000000000004,0.6233766233766234
2026-02-01 16:23:00,3.86,5.0,0.22800000000000004,0.6286644951140066
2026-02-01 16:24:00,4.06,5.0,0.18800000000000008,0.6835016835016834
2026-02-01 16:25:00,4.11,5.0,0.17799999999999994,0.6977928692699492
2026-02-01 16:26:00,4.1,5.0,0.18000000000000008,0.694915254237288
2026-02-01 16:27:00,4.06,5.0,0.18800000000000008,0.6835016835016834
2026-02-01 16:28:00,3.95,5.0,0.20999999999999996,0.6528925619834711
2026-02-01 16:29:00,3.97,5.0,0.20599999999999996,0.6583747927031509
2026-02-01 16:30:00,3.81,5.0,0.238,0.6155088852988692
2026-02-01 16:31:00,3.83,5.0,0.23399999999999999,0.6207455429497569
2026-02-01 16:32:00,3.84,5.0,0.23200000000000004,0.6233766233766234
2026-02-01 16:33:00,3.8,5.0,0.24000000000000005,0.6129032258064516
2026-02-01 16:34:00,3.86,5.0,0.22800000000000004,0.6286644951140066
2026-02-01 16:35:00,3.8,5.0,0.24000000000000005,0.6129032258064516
2026-02-01 16:36:00,3.72,5.0,0.25599999999999995,0.5923566878980892
2026-02-01 16:37:00,3.79,5.0,0.242,0.6103059581320451
2026-02-01 16:38:00,3.9,5.0,0.22000000000000003,0.639344262295082
2026-02-01 16:39:00,3.77,5.0,0.246,0.6051364365971108
2026-02-01 16:40:00,3.91,5.0,0.21799999999999997,0.6420361247947455
2026-02-01 16:41:00,3.95,5.0,0.20999999999999996,0.6528925619834711
2026-02-01 16:42:00,4.04,5.0,0.192,0.6778523489932886
2026-02-01 16:43:00,3.99,5.0,0.20199999999999996,0.6638935108153079
2026-02-01 16:44:00,4.02,5.0,0.1960000000000001,0.6722408026755852
2026-02-01 16:45:00,4.13,5.0,0.17400000000000002,0.7035775127768313
2026-02-01 16:46:00,4.11,5.0,0.17799999999999994,0.6977928692699492
2026-02-01 16:47:00,4.14,5.0,0.17200000000000007,0.7064846416382251
2026-02-01 16:48:00,4.18,5.0,0.16400000000000006,0.7182130584192439
2026-02-01 16:49:00,4.16,5.0,0.16799999999999998,0.7123287671232877
2026-02-01 16:50:00,4.09,5.0,0.18200000000000002,0.6920473773265652
2026-02-01 16:51:00,4.1,5.0,0.18000000000000008,0.694915254237288
2026-02-01 16:52:00,4.17,5.0,0.166,0.7152658662092625
2026-02-01 16:53:00,4.15,5.0,0.16999999999999993,0.7094017094017095
2026-02-01 16:54:00,4.15,5.0,0.16999999999999993,0.7094017094017095
2026-02-01 16:55:00,4.18,5.0,0.16400000000000006,0.7182130584192439
2026-02-01 16:56:00,4.12,5.0,0.176,0.7006802721088436
2026-02-01 16:57:00,4.16,5.0,0.16799999999999998,0.7123287671232877
2026-02-01 16:58:00,4.14,5.0,0.17200000000000007,0.7064846416382251
2026-02-01 16:59:00,4.16,5.0,0.16799999999999998,0.7123287671232877
2026-02-01 17:00:00,4.17,5.0,0.166,0.7152658662092625
2026-02-01 17:01:00,4.18,5.0,0.16400000000000006,0.7182130584192439
2026-02-01 17:02:00,4.17,5.0,0.166,0.7152658662092625
2026-02-01 17:03:00,4.18,5.0,0.16400000000000006,0.7182130584192439
2026-02-01 17:04:00,4.11,5.0,0.17799999999999994,0.6977928692699492
2026-02-01 17:05:00,4.21,5.0,0.158,0.7271157167530224
2026-02-01 17:06:00,4.29,5.0,0.142,0.7513134851138354
2026-02-01 17:07:00,4.36,5.0,0.12799999999999995,0.773049645390071
2026-02-01 17:08:00,4.3,5.0,0.14000000000000004,0.7543859649122806
2026-02-01 17:09:00,4.32,5.0,0.13599999999999995,0.7605633802816903
2026-02-01 17:10:00,4.3,5.0,0.14000000000000004,0.7543859649122806
2026-02-01 17:11:00,4.24,5.0,0.15199999999999997,0.7361111111111113
2026-02-01 17:12:00,4.27,5.0,0.14600000000000007,0.745200698080279
2026-02-01 17:13:00,4.22,5.0,0.15600000000000006,0.7301038062283736
2026-02-01 17:15:00,4.15,5.0,0.16999999999999993,0.7094017094017095
2026-02-01 17:16:00,4.08,5.0,0.184,0.6891891891891893
2026-02-01 17:17:00,4.13,5.0,0.17400000000000002,0.7035775127768313
2026-02-01 17:18:00,4.15,5.0,0.16999999999999993,0.7094017094017095
2026-02-01 17:19:00,4.08,5.0,0.184,0.6891891891891893
2026-02-01 17:20:00,4.03,5.0,0.19399999999999995,0.6750418760469012
2026-02-01 17:21:00,4.01,5.0,0.19800000000000004,0.669449081803005
2026-02-01 17:22:00,3.98,5.0,0.20400000000000001,0.6611295681063124
2026-02-01 17:23:00,3.82,5.0,0.23600000000000004,0.6181229773462783
2026-02-01 17:24:00,3.9,5.0,0.22000000000000003,0.639344262295082
2026-02-01 17:25:00,3.8,5.0,0.24000000000000005,0.6129032258064516
2026-02-01 17:26:00,3.91,5.0,0.21799999999999997,0.6420361247947455
2026-02-01 17:27:00,3.8,5.0,0.24000000000000005,0.6129032258064516
2026-02-01 17:28:00,3.83,5.0,0.23399999999999999,0.6207455429497569
2026-02-01 17:29:00,3.86,5.0,0.22800000000000004,0.6286644951140066
2026-02-01 17:30:00,3.85,5.0,0.22999999999999998,0.6260162601626017
2026-02-01 17:31:00,3.84,5.0,0.23200000000000004,0.6233766233766234
2026-02-01 17:32:00,3.8,5.0,0.24000000000000005,0.6129032258064516
2026-02-01 17:33:00,3.86,5.0,0.22800000000000004,0.6286644951140066
2026-02-01 17:34:00,3.8,5.0,0.24000000000000005,0.6129032258064516
2026-02-01 17:35:00,4.0,5.0,0.2,0.6666666666666667
2026-02-01 17:36:00,3.95,5.0,0.20999999999999996,0.6528925619834711
2026-02-01 17:37:00,3.98,5.0,0.20400000000000001,0.6611295681063124
2026-02-01 17:38:00,3.86,5.0,0.22800000000000004,0.6286644951140066
2026-02-01 17:39:00,3.82,5.0,0.23600000000000004,0.6181229773462783
2026-02-01 17:40:00,3.91,5.0,0.21799999999999997,0.6420361247947455
2026-02-01 17:41:00,3.88,5.0,0.22400000000000003,0.6339869281045752
2026-02-01 17:42:00,3.89,5.0,0.22199999999999998,0.6366612111292963
2026-02-01 17:43:00,3.84,5.0,0.23200000000000004,0.6233766233766234
2026-02-01 17:44:00,3.86,5.0,0.22800000000000004,0.6286644951140066
2026-02-01 17:45:00,3.8,5.0,0.24000000000000005,0.6129032258064516
2026-02-01 17:46:00,3.85,5.0,0.22999999999999998,0.6260162601626017
2026-02-01 17:47:00,3.86,5.0,0.22800000000000004,0.6286644951140066
2026-02-01 17:48:00,3.87,5.0,0.22599999999999998,0.6313213703099511
2026-02-01 17:49:00,3.81,5.0,0.238,0.6155088852988692
2026-02-01 17:50:00,3.79,5.0,0.242,0.6103059581320451
2026-02-01 17:51:00,3.84,5.0,0.23200000000000004,0.6233766233766234
2026-02-01 17:52:00,3.85,5.0,0.22999999999999998,0.6260162601626017
2026-02-01 17:53:00,3.8,5.0,0.24000000000000005,0.6129032258064516
2026-02-01 17:54:00,3.79,5.0,0.242,0.6103059581320451
2026-02-01 17:55:00,3.86,5.0,0.22800000000000004,0.6286644951140066
2026-02-01 17:56:00,3.91,5.0,0.21799999999999997,0.6420361247947455
2026-02-01 17:57:00,3.84,5.0,0.23200000000000004,0.6233766233766234
2026-02-01 17:58:00,3.84,5.0,0.23200000000000004,0.6233766233766234
2026-02-01 17:59:00,3.8,5.0,0.24000000000000005,0.6129032258064516
2026-02-01 18:00:00,3.83,5.0,0.23399999999999999,0.6207455429497569
2026-02-01 18:01:00,3.87,5.0,0.22599999999999998,0.6313213703099511
2026-02-01 18:02:00,3.82,5.0,0.23600000000000004,0.6181229773462783
2026-02-01 18:03:00,3.83,5.0,0.23399999999999999,0.6207455429497569
2026-02-01 18:04:00,3.82,5.0,0.23600000000000004,0.6181229773462783
2026-02-01 18:05:00,3.85,5.0,0.22999999999999998,0.6260162601626017
2026-02-01 18:06:00,3.87,5.0,0.22599999999999998,0.6313213703099511
2026-02-01 18:07:00,3.97,5.0,0.20599999999999996,0.6583747927031509
2026-02-01 18:08:00,4.04,5.0,0.192,0.6778523489932886
2026-02-01 18:09:00,3.95,5.0,0.20999999999999996,0.6528925619834711
2026-02-01 18:10:00,4.0,5.0,0.2,0.6666666666666667
2026-02-01 18:11:00,4.04,5.0,0.192,0.6778523489932886
2026-02-01 18:12:00,4.08,5.0,0.184,0.6891891891891893
2026-02-01 18:13:00,4.1,5.0,0.18000000000000008,0.694915254237288
2026-02-01 18:14:00,4.05,5.0,0.19000000000000003,0.680672268907563
2026-02-01 18:15:00,4.14,5.0,0.17200000000000007,0.7064846416382251
2026-02-01 18:16:00,4.15,5.0,0.16999999999999993,0.7094017094017095
2026-02-01 18:17:00,4.09,5.0,0.18200000000000002,0.6920473773265652
2026-02-01 18:18:00,4.08,5.0,0.184,0.6891891891891893
2026-02-01 18:19:00,4.04,5.0,0.192,0.6778523489932886
2026-02-01 18:20:00,4.14,5.0,0.17200000000000007,0.7064846416382251
2026-02-01 18:21:00,4.13,5.0,0.17400000000000002,0.7035775127768313
2026-02-01 18:22:00,4.16,5.0,0.16799999999999998,0.7123287671232877
2026-02-01 18:23:00,4.12,5.0,0.176,0.7006802721088436
2026-02-01 18:24:00,4.2,5.0,0.15999999999999998,0.7241379310344829
2026-02-01 18:25:00,4.3,5.0,0.14000000000000004,0.7543859649122806
2026-02-01 18:26:00,4.35,5.0,0.13000000000000006,0.7699115044247786
2026-02-01 18:27:00,4.29,5.0,0.142,0.7513134851138354
2026-02-01 18:28:00,4.28,5.0,0.14399999999999996,0.7482517482517484
2026-02-01 18:29:00,4.29,5.0,0.142,0.7513134851138354
2026-02-01 18:30:00,4.21,5.0,0.158,0.7271157167530224
2026-02-01 18:31:00,4.21,5.0,0.158,0.7271157167530224
2026-02-01 18:32:00,4.24,5.0,0.15199999999999997,0.7361111111111113
2026-02-01 18:33:00,4.2,5.0,0.15999999999999998,0.7241379310344829
2026-02-01 18:34:00,4.19,5.0,0.16199999999999992,0.7211703958691912
2026-02-01 18:35:00,4.2,5.0,0.15999999999999998,0.7241379310344829
2026-02-01 18:36:00,4.27,5.0,0.14600000000000007,0.745200698080279
2026-02-01 18:37:00,4.24,5.0,0.15199999999999997,0.7361111111111113
2026-02-01 18:38:00,4.24,5.0,0.15199999999999997,0.7361111111111113
2026-02-01 18:39:00,4.21,5.0,0.158,0.7271157167530224
2026-02-01 18:40:00,4.24,5.0,0.15199999999999997,0.7361111111111113
2026-02-01 18:41:00,4.03,5.0,0.19399999999999995,0.6750418760469012
2026-02-01 18:42:00,4.1,5.0,0.18000000000000008,0.694915254237288
2026-02-01 18:43:00,4.07,5.0,0.18599999999999994,0.6863406408094436
2026-02-01 18:44:00,4.06,5.0,0.18800000000000008,0.6835016835016834
2026-02-01 18:45:00,4.09,5.0,0.18200000000000002,0.6920473773265652
2026-02-01 18:46:00,4.11,5.0,0.17799999999999994,0.6977928692699492
2026-02-01 18:47:00,4.15,5.0,0.16999999999999993,0.7094017094017095
2026-02-01 18:48:00,4.25,5.0,0.15,0.7391304347826088
2026-02-01 18:49:00,4.21,5.0,0.158,0.7271157167530224
2026-02-01 18:50:00,4.26,5.0,0.14800000000000005,0.7421602787456445
2026-02-01 18:51:00,4.24,5.0,0.15199999999999997,0.7361111111111113
2026-02-01 18:52:00,4.19,5.0,0.16199999999999992,0.7211703958691912
2026-02-01 18:53:00,4.14,5.0,0.17200000000000007,0.7064846416382251
2026-02-01 18:54:00,4.18,5.0,0.16400000000000006,0.7182130584192439
2026-02-01 18:55:00,4.17,5.0,0.166,0.7152658662092625
2026-02-01 18:56:00,4.18,5.0,0.16400000000000006,0.7182130584192439
2026-02-01 18:57:00,4.19,5.0,0.16199999999999992,0.7211703958691912
2026-02-01 18:58:00,4.13,5.0,0.17400000000000002,0.7035775127768313
2026-02-01 18:59:00,4.08,5.0,0.184,0.6891891891891893
2026-02-01 19:00:00,4.1,5.0,0.18000000000000008,0.694915254237288
2026-02-01 19:01:00,3.98,5.0,0.20400000000000001,0.6611295681063124
2026-02-01 19:02:00,4.21,5.0,0.158,0.7271157167530224
2026-02-01 19:03:00,4.3,5.0,0.14000000000000004,0.7543859649122806
2026-02-01 19:04:00,4.29,5.0,0.142,0.7513134851138354
2026-02-01 19:05:00,4.25,5.0,0.15,0.7391304347826088
2026-02-01 19:06:00,4.26,5.0,0.14800000000000005,0.7421602787456445
2026-02-01 19:07:00,4.38,5.0,0.12400000000000003,0.7793594306049821
2026-02-01 19:08:00,4.39,5.0,0.12200000000000007,0.7825311942959
2026-02-01 19:09:00,4.45,5.0,0.10999999999999996,0.8018018018018019
2026-02-01 19:10:00,4.38,5.0,0.12400000000000003,0.7793594306049821
2026-02-01 19:11:00,4.43,5.0,0.11400000000000006,0.7953321364452423
2026-02-01 19:12:00,4.48,5.0,0.10399999999999991,0.8115942028985509
2026-02-01 19:13:00,4.55,5.0,0.09000000000000004,0.8348623853211008
2026-02-01 19:14:00,4.63,5.0,0.07400000000000002,0.8621973929236498
2026-02-01 19:15:00,4.56,5.0,0.08800000000000008,0.838235294117647
2026-02-01 19:16:00,4.5,5.0,0.1,0.8181818181818181
2026-02-01 19:17:00,4.54,5.0,0.092,0.8315018315018314
2026-02-01 19:18:00,4.65,5.0,0.06999999999999992,0.8691588785046731
2026-02-01 19:19:00,4.78,5.0,0.04399999999999995,0.9157088122605365
2026-02-01 19:20:00,4.54,5.0,0.092,0.8315018315018314
2026-02-01 19:21:00,3.98,5.0,0.20400000000000001,0.6611295681063124
2026-02-01 19:22:00,4.29,5.0,0.142,0.7513134851138354
2026-02-01 19:23:00,4.41,5.0,0.11799999999999997,0.7889087656529518
2026-02-01 19:24:00,4.41,5.0,0.11799999999999997,0.7889087656529518
2026-02-01 19:25:00,4.26,5.0,0.14800000000000005,0.7421602787456445
2026-02-01 19:26:00,4.23,5.0,0.15399999999999991,0.7331022530329291
2026-02-01 19:27:00,4.16,5.0,0.16799999999999998,0.7123287671232877
2026-02-01 19:28:00,4.22,5.0,0.15600000000000006,0.7301038062283736
2026-02-01 19:29:00,4.22,5.0,0.15600000000000006,0.7301038062283736
2026-02-01 19:30:00,4.16,5.0,0.16799999999999998,0.7123287671232877
2026-02-01 19:31:00,4.24,5.0,0.15199999999999997,0.7361111111111113
2026-02-01 19:32:00,4.14,5.0,0.17200000000000007,0.7064846416382251
2026-02-01 19:33:00,4.23,5.0,0.15399999999999991,0.7331022530329291
2026-02-01 19:34:00,4.23,5.0,0.15399999999999991,0.7331022530329291
2026-02-01 19:35:00,4.29,5.0,0.142,0.7513134851138354
2026-02-01 19:36:00,4.16,5.0,0.16799999999999998,0.7123287671232877
2026-02-01 19:37:00,4.23,5.0,0.15399999999999991,0.7331022530329291
2026-02-01 19:38:00,4.34,5.0,0.13200000000000003,0.7667844522968197
2026-02-01 19:39:00,4.53,5.0,0.09399999999999994,0.8281535648994517
2026-02-01 19:40:00,4.51,5.0,0.09800000000000005,0.8214936247723131
2026-02-01 19:41:00,4.53,5.0,0.09399999999999994,0.8281535648994517
2026-02-01 19:42:00,4.52,5.0,0.09600000000000009,0.8248175182481751
2026-02-01 19:43:00,4.59,5.0,0.08200000000000003,0.8484288354898335
2026-02-01 19:44:00,4.66,5.0,0.06799999999999998,0.8726591760299626
2026-02-01 19:45:00,4.61,5.0,0.07799999999999993,0.855287569573284
2026-02-01 19:46:00,4.68,5.0,0.06400000000000006,0.8796992481203006
2026-02-01 19:47:00,4.69,5.0,0.06199999999999992,0.8832391713747648
2026-02-01 19:48:00,4.61,5.0,0.07799999999999993,0.855287569573284
2026-02-01 19:49:00,4.65,5.0,0.06999999999999992,0.8691588785046731
2026-02-01 19:50:00,4.67,5.0,0.06600000000000002,0.8761726078799249
2026-02-01 19:51:00,4.7,5.0,0.05999999999999996,0.8867924528301887
2026-02-01 19:52:00,4.6,5.0,0.08000000000000007,0.8518518518518517
2026-02-01 19:53:00,4.59,5.0,0.08200000000000003,0.8484288354898335
2026-02-01 19:54:00,4.56,5.0,0.08800000000000008,0.838235294117647
2026-02-01 19:55:00,4.52,5.0,0.09600000000000009,0.8248175182481751
2026-02-01 19:56:00,4.49,5.0,0.10199999999999995,0.8148820326678767
2026-02-01 19:57:00,4.49,5.0,0.10199999999999995,0.8148820326678767
2026-02-01 19:58:00,4.45,5.0,0.10999999999999996,0.8018018018018019
2026-02-01 19:59:00,4.34,5.0,0.13200000000000003,0.7667844522968197
2026-02-01 20:00:00,4.19,5.0,0.16199999999999992,0.7211703958691912
2026-02-01 20:01:00,4.25,5.0,0.15,0.7391304347826088
2026-02-01 20:02:00,4.14,5.0,0.17200000000000007,0.7064846416382251
2026-02-01 20:03:00,4.13,5.0,0.17400000000000002,0.7035775127768313
2026-02-01 20:04:00,4.19,5.0,0.16199999999999992,0.7211703958691912
2026-02-01 20:05:00,4.11,5.0,0.17799999999999994,0.6977928692699492
2026-02-01 20:06:00,4.14,5.0,0.17200000000000007,0.7064846416382251
2026-02-01 20:07:00,4.18,5.0,0.16400000000000006,0.7182130584192439
2026-02-01 20:08:00,4.15,5.0,0.16999999999999993,0.7094017094017095
2026-02-01 20:09:00,4.21,5.0,0.158,0.7271157167530224
2026-02-01 20:10:00,4.23,5.0,0.15399999999999991,0.7331022530329291
2026-02-01 20:11:00,4.17,5.0,0.166,0.7152658662092625
2026-02-01 20:12:00,4.24,5.0,0.15199999999999997,0.7361111111111113
2026-02-01 20:13:00,4.31,5.0,0.13800000000000007,0.7574692442882248
2026-02-01 20:14:00,4.3,5.0,0.14000000000000004,0.7543859649122806
2026-02-01 20:15:00,4.29,5.0,0.142,0.7513134851138354
2026-02-01 20:16:00,4.32,5.0,0.13599999999999995,0.7605633802816903
2026-02-01 20:17:00,4.3,5.0,0.14000000000000004,0.7543859649122806
2026-02-01 20:18:00,4.39,5.0,0.12200000000000007,0.7825311942959
2026-02-01 20:19:00,4.36,5.0,0.12799999999999995,0.773049645390071
2026-02-01 20:20:00,4.22,5.0,0.15600000000000006,0.7301038062283736
2026-02-01 20:21:00,4.27,5.0,0.14600000000000007,0.745200698080279
2026-02-01 20:22:00,4.26,5.0,0.14800000000000005,0.7421602787456445
2026-02-01 20:23:00,4.31,5.0,0.13800000000000007,0.7574692442882248
2026-02-01 20:24:00,4.28,5.0,0.14399999999999996,0.7482517482517484
2026-02-01 20:25:00,4.37,5.0,0.12599999999999997,0.7761989342806395
2026-02-01 20:26:00,4.46,5.0,0.10800000000000001,0.8050541516245486
2026-02-01 20:27:00,4.52,5.0,0.09600000000000009,0.8248175182481751
2026-02-01 20:28:00,4.55,5.0,0.09000000000000004,0.8348623853211008
2026-02-01 20:29:00,4.56,5.0,0.08800000000000008,0.838235294117647
2026-02-01 20:30:00,4.67,5.0,0.06600000000000002,0.8761726078799249
2026-02-01 20:31:00,4.65,5.0,0.06999999999999992,0.8691588785046731
2026-02-01 20:32:00,4.73,5.0,0.053999999999999916,0.8975332068311197
2026-02-01 20:33:00,4.67,5.0,0.06600000000000002,0.8761726078799249
2026-02-01 20:34:00,4.64,5.0,0.07200000000000006,0.8656716417910446
2026-02-01 20:35:00,4.65,5.0,0.06999999999999992,0.8691588785046731
2026-02-01 20:36:00,4.64,5.0,0.07200000000000006,0.8656716417910446
2026-02-01 20:37:00,4.69,5.0,0.06199999999999992,0.8832391713747648
2026-02-01 20:38:00,4.58,5.0,0.08399999999999999,0.8450184501845018
2026-02-01 20:39:00,4.64,5.0,0.07200000000000006,0.8656716417910446
2026-02-01 20:40:00,4.67,5.0,0.06600000000000002,0.8761726078799249
2026-02-01 20:41:00,4.61,5.0,0.07799999999999993,0.855287569573284
2026-02-01 20:42:00,4.46,5.0,0.10800000000000001,0.8050541516245486
2026-02-01 20:43:00,4.59,5.0,0.08200000000000003,0.8484288354898335
2026-02-01 20:44:00,4.71,5.0,0.05800000000000001,0.8903591682419659
2026-02-01 20:45:00,4.64,5.0,0.07200000000000006,0.8656716417910446
2026-02-01 20:46:00,4.6,5.0,0.08000000000000007,0.8518518518518517
2026-02-01 20:47:00,4.64,5.0,0.07200000000000006,0.8656716417910446
2026-02-01 20:48:00,4.69,5.0,0.06199999999999992,0.8832391713747648
2026-02-01 20:49:00,4.68,5.0,0.06400000000000006,0.8796992481203006
2026-02-01 20:50:00,4.67,5.0,0.06600000000000002,0.8761726078799249
2026-02-01 20:51:00,4.74,5.0,0.051999999999999956,0.9011406844106464
2026-02-01 20:52:00,4.68,5.0,0.06400000000000006,0.8796992481203006
2026-02-01 20:53:00,4.76,5.0,0.04800000000000004,0.9083969465648855
2026-02-01 20:54:00,4.74,5.0,0.051999999999999956,0.9011406844106464
2026-02-01 20:55:00,4.83,5.0,0.03399999999999999,0.9342359767891683
2026-02-01 20:56:00,4.78,5.0,0.04399999999999995,0.9157088122605365
2026-02-01 20:57:00,4.79,5.0,0.041999999999999996,0.9193857965451055
2026-02-01 20:58:00,4.78,5.0,0.04399999999999995,0.9157088122605365
2026-02-01 20:59:00,4.75,5.0,0.05,0.9047619047619047
2026-02-01 21:00:00,4.77,5.0,0.04600000000000008,0.9120458891013383
2026-02-01 21:01:00,4.74,5.0,0.051999999999999956,0.9011406844106464
2026-02-01 21:02:00,4.76,5.0,0.04800000000000004,0.9083969465648855
2026-02-01 21:03:00,4.74,5.0,0.051999999999999956,0.9011406844106464
2026-02-01 21:04:00,4.77,5.0,0.04600000000000008,0.9120458891013383
2026-02-01 21:05:00,4.78,5.0,0.04399999999999995,0.9157088122605365
2026-02-01 21:06:00,4.84,5.0,0.03200000000000003,0.937984496124031
2026-02-01 21:07:00,4.84,5.0,0.03200000000000003,0.937984496124031
2026-02-01 21:08:00,4.97,5.0,0.0060000000000000496,0.9880715705765407
2026-02-01 21:09:00,4.9,5.0,0.019999999999999928,0.9607843137254902
2026-02-01 21:10:00,4.78,5.0,0.04399999999999995,0.9157088122605365
2026-02-01 21:11:00,4.83,5.0,0.03399999999999999,0.9342359767891683
2026-02-01 21:12:00,4.8,5.0,0.040000000000000036,0.923076923076923
2026-02-01 21:13:00,4.74,5.0,0.051999999999999956,0.9011406844106464
2026-02-01 21:14:00,3.59,5.0,0.28200000000000003,0.5600624024960998
2026-02-01 21:15:00,4.54,5.0,0.092,0.8315018315018314
2026-02-01 21:16:00,4.71,5.0,0.05800000000000001,0.8903591682419659
2026-02-01 21:17:00,4.52,5.0,0.09600000000000009,0.8248175182481751
2026-02-01 21:18:00,3.8,5.0,0.24000000000000005,0.6129032258064516
2026-02-01 21:19:00,4.97,5.0,0.0060000000000000496,0.9880715705765407
2026-02-01 21:20:00,5.39,5.0,0.07799999999999993,1.0
2026-02-01 21:21:00,5.66,5.0,0.13200000000000003,1.0
2026-02-01 21:22:00,5.51,5.0,0.10199999999999995,1.0
2026-02-01 21:23:00,5.5,5.0,0.1,1.0
2026-02-01 21:24:00,5.58,5.0,0.11600000000000002,1.0
2026-02-01 21:25:00,5.33,5.0,0.06600000000000002,1.0
2026-02-01 21:26:00,5.36,5.0,0.07200000000000006,1.0
2026-02-01 21:27:00,5.16,5.0,0.03200000000000003,1.0
2026-02-01 21:28:00,5.31,5.0,0.06199999999999992,1.0
2026-02-01 21:29:00,4.0,5.0,0.2,0.6666666666666667
2026-02-01 21:30:00,4.15,5.0,0.16999999999999993,0.7094017094017095
2026-02-01 21:31:00,3.9,5.0,0.22000000000000003,0.639344262295082
2026-02-01 21:32:00,3.66,5.0,0.26799999999999996,0.5772870662460567
2026-02-01 21:33:00,3.74,5.0,0.25199999999999995,0.597444089456869
2026-02-01 21:34:00,3.87,5.0,0.22599999999999998,0.6313213703099511
2026-02-01 21:35:00,4.01,5.0,0.19800000000000004,0.669449081803005
2026-02-01 21:36:00,3.94,5.0,0.21200000000000002,0.6501650165016503
2026-02-01 21:37:00,3.71,5.0,0.258,0.589825119236884
2026-02-01 21:38:00,3.71,5.0,0.258,0.589825119236884
2026-02-01 21:39:00,3.8,5.0,0.24000000000000005,0.6129032258064516
2026-02-01 21:40:00,3.86,5.0,0.22800000000000004,0.6286644951140066
2026-02-01 21:41:00,3.95,5.0,0.20999999999999996,0.6528925619834711
2026-02-01 21:42:00,4.05,5.0,0.19000000000000003,0.680672268907563
2026-02-01 21:43:00,3.99,5.0,0.20199999999999996,0.6638935108153079
2026-02-01 21:44:00,4.12,5.0,0.176,0.7006802721088436
2026-02-01 21:45:00,4.1,5.0,0.18000000000000008,0.694915254237288
2026-02-01 21:46:00,4.08,5.0,0.184,0.6891891891891893
2026-02-01 21:47:00,4.04,5.0,0.192,0.6778523489932886
2026-02-01 21:48:00,3.97,5.0,0.20599999999999996,0.6583747927031509
2026-02-01 21:49:00,3.88,5.0,0.22400000000000003,0.6339869281045752
2026-02-01 21:50:00,3.94,5.0,0.21200000000000002,0.6501650165016503
2026-02-01 21:51:00,3.87,5.0,0.22599999999999998,0.6313213703099511
2026-02-01 21:52:00,3.89,5.0,0.22199999999999998,0.6366612111292963
2026-02-01 21:53:00,4.11,5.0,0.17799999999999994,0.6977928692699492
2026-02-01 21:54:00,4.36,5.0,0.12799999999999995,0.773049645390071
2026-02-01 21:55:00,4.44,5.0,0.11199999999999992,0.7985611510791369
2026-02-01 21:56:00,4.4,5.0,0.11999999999999993,0.7857142857142859
2026-02-01 21:57:00,4.44,5.0,0.11199999999999992,0.7985611510791369
2026-02-01 21:58:00,4.51,5.0,0.09800000000000005,0.8214936247723131
2026-02-01 22:00:00,4.56,5.0,0.08800000000000008,0.838235294117647
2026-02-01 22:01:00,4.6,5.0,0.08000000000000007,0.8518518518518517
2026-02-01 22:02:00,4.61,5.0,0.07799999999999993,0.855287569573284
2026-02-01 22:03:00,4.58,5.0,0.08399999999999999,0.8450184501845018
2026-02-01 22:04:00,4.52,5.0,0.09600000000000009,0.8248175182481751
2026-02-01 22:05:00,4.58,5.0,0.08399999999999999,0.8450184501845018
2026-02-01 22:06:00,4.59,5.0,0.08200000000000003,0.8484288354898335
2026-02-01 22:07:00,4.52,5.0,0.09600000000000009,0.8248175182481751
2026-02-01 22:08:00,4.54,5.0,0.092,0.8315018315018314
2026-02-01 22:09:00,4.64,5.0,0.07200000000000006,0.8656716417910446
2026-02-01 22:10:00,4.62,5.0,0.07599999999999998,0.8587360594795539
2026-02-01 22:11:00,4.61,5.0,0.07799999999999993,0.855287569573284
2026-02-01 22:12:00,4.52,5.0,0.09600000000000009,0.8248175182481751
2026-02-01 22:13:00,4.46,5.0,0.10800000000000001,0.8050541516245486
2026-02-01 22:14:00,4.51,5.0,0.09800000000000005,0.8214936247723131
2026-02-01 22:15:00,4.42,5.0,0.11600000000000002,0.7921146953405017
2026-02-01 22:16:00,4.01,5.0,0.19800000000000004,0.669449081803005
2026-02-01 22:17:00,3.67,5.0,0.266,0.5797788309636651
2026-02-01 22:18:00,3.92,5.0,0.21600000000000003,0.6447368421052632
2026-02-01 22:19:00,3.42,5.0,0.316,0.519756838905775
2026-02-01 22:20:00,3.74,5.0,0.25199999999999995,0.597444089456869
2026-02-01 22:21:00,3.83,5.0,0.23399999999999999,0.6207455429497569
2026-02-01 22:22:00,3.54,5.0,0.292,0.5479876160990712
2026-02-01 22:23:00,4.0,5.0,0.2,0.6666666666666667
2026-02-01 22:24:00,3.99,5.0,0.20199999999999996,0.6638935108153079
2026-02-01 22:25:00,4.14,5.0,0.17200000000000007,0.7064846416382251
2026-02-01 22:26:00,4.58,5.0,0.08399999999999999,0.8450184501845018
2026-02-01 22:27:00,4.65,5.0,0.06999999999999992,0.8691588785046731
2026-02-01 22:28:00,4.53,5.0,0.09399999999999994,0.8281535648994517
2026-02-01 22:29:00,4.74,5.0,0.051999999999999956,0.9011406844106464
2026-02-01 22:30:00,4.75,5.0,0.05,0.9047619047619047
2026-02-01 22:31:00,4.67,5.0,0.06600000000000002,0.8761726078799249
2026-02-01 22:32:00,4.57,5.0,0.08599999999999994,0.8416206261510131
2026-02-01 22:33:00,4.48,5.0,0.10399999999999991,0.8115942028985509
2026-02-01 22:34:00,4.37,5.0,0.12599999999999997,0.7761989342806395
2026-02-01 22:35:00,4.91,5.0,0.01799999999999997,0.9646365422396856
2026-02-01 22:36:00,4.89,5.0,0.022000000000000065,0.9569471624266145
2026-02-01 22:37:00,4.96,5.0,0.008000000000000007,0.9841269841269841
2026-02-01 22:38:00,4.76,5.0,0.04800000000000004,0.9083969465648855
2026-02-01 22:39:00,4.77,5.0,0.04600000000000008,0.9120458891013383
2026-02-01 22:40:00,4.78,5.0,0.04399999999999995,0.9157088122605365
2026-02-01 22:41:00,4.84,5.0,0.03200000000000003,0.937984496124031
2026-02-01 22:42:00,4.87,5.0,0.025999999999999978,0.949317738791423
2026-02-01 22:43:00,4.8,5.0,0.040000000000000036,0.923076923076923
2026-02-01 22:44:00,4.95,5.0,0.009999999999999964,0.9801980198019802
2026-02-01 22:45:00,5.02,5.0,0.003999999999999915,1.0
2026-02-01 22:46:00,5.14,5.0,0.027999999999999935,1.0
2026-02-01 22:47:00,5.23,5.0,0.04600000000000008,1.0
2026-02-01 22:48:00,5.4,5.0,0.08000000000000007,1.0
2026-02-01 22:49:00,5.47,5.0,0.09399999999999994,1.0
2026-02-01 22:50:00,5.39,5.0,0.07799999999999993,1.0
2026-02-01 22:51:00,5.43,5.0,0.08599999999999994,1.0
2026-02-01 22:52:00,5.43,5.0,0.08599999999999994,1.0
2026-02-01 22:53:00,5.43,5.0,0.08599999999999994,1.0
2026-02-01 22:54:00,5.35,5.0,0.06999999999999992,1.0
2026-02-01 22:55:00,5.31,5.0,0.06199999999999992,1.0
2026-02-01 22:56:00,5.31,5.0,0.06199999999999992,1.0
2026-02-01 22:57:00,5.34,5.0,0.06799999999999998,1.0
2026-02-01 22:58:00,5.35,5.0,0.06999999999999992,1.0
2026-02-01 22:59:00,5.32,5.0,0.06400000000000006,1.0
2026-02-01 23:00:00,5.39,5.0,0.07799999999999993,1.0
2026-02-01 23:01:00,5.57,5.0,0.11400000000000006,1.0
2026-02-01 23:02:00,5.62,5.0,0.12400000000000003,1.0
2026-02-01 23:03:00,5.59,5.0,0.11799999999999997,1.0
2026-02-01 23:04:00,5.56,5.0,0.11199999999999992,1.0
2026-02-01 23:05:00,5.47,5.0,0.09399999999999994,1.0
2026-02-01 23:06:00,5.5,5.0,0.1,1.0
2026-02-01 23:07:00,5.55,5.0,0.10999999999999996,1.0
2026-02-01 23:08:00,5.52,5.0,0.10399999999999991,1.0
2026-02-01 23:09:00,5.52,5.0,0.10399999999999991,1.0
2026-02-01 23:10:00,5.5,5.0,0.1,1.0
2026-02-01 23:11:00,5.47,5.0,0.09399999999999994,1.0
2026-02-01 23:12:00,5.48,5.0,0.09600000000000009,1.0
2026-02-01 23:13:00,5.54,5.0,0.10800000000000001,1.0
2026-02-01 23:14:00,5.51,5.0,0.10199999999999995,1.0
2026-02-01 23:15:00,5.52,5.0,0.10399999999999991,1.0
2026-02-01 23:16:00,5.46,5.0,0.092,1.0
2026-02-01 23:17:00,5.51,5.0,0.10199999999999995,1.0
2026-02-01 23:18:00,5.56,5.0,0.11199999999999992,1.0
2026-02-01 23:19:00,5.73,5.0,0.14600000000000007,1.0
2026-02-01 23:20:00,5.63,5.0,0.12599999999999997,1.0
2026-02-01 23:21:00,5.63,5.0,0.12599999999999997,1.0
2026-02-01 23:22:00,5.57,5.0,0.11400000000000006,1.0
2026-02-01 23:23:00,5.61,5.0,0.12200000000000007,1.0
2026-02-01 23:24:00,5.68,5.0,0.13599999999999995,1.0
2026-02-01 23:25:00,5.71,5.0,0.142,1.0
2026-02-01 23:26:00,5.74,5.0,0.14800000000000005,1.0
2026-02-01 23:27:00,5.78,5.0,0.15600000000000006,1.0
2026-02-01 23:28:00,5.88,5.0,0.176,1.0
2026-02-01 23:29:00,5.94,5.0,0.18800000000000008,1.0
2026-02-01 23:30:00,5.82,5.0,0.16400000000000006,1.0
2026-02-01 23:31:00,5.89,5.0,0.17799999999999994,1.0
2026-02-01 23:32:00,5.88,5.0,0.176,1.0
2026-02-01 23:33:00,5.75,5.0,0.15,1.0
2026-02-01 23:34:00,5.78,5.0,0.15600000000000006,1.0
2026-02-01 23:35:00,5.93,5.0,0.18599999999999994,1.0
2026-02-01 23:36:00,6.09,5.0,0.21799999999999997,1.0
2026-02-01 23:37:00,6.18,5.0,0.23599999999999993,1.0
2026-02-01 23:38:00,6.22,5.0,0.24399999999999994,1.0
2026-02-01 23:39:00,6.23,5.0,0.24600000000000008,1.0
2026-02-01 23:40:00,6.2,5.0,0.24000000000000005,1.0
2026-02-01 23:41:00,6.27,5.0,0.2539999999999999,1.0
2026-02-01 23:42:00,6.48,5.0,0.2960000000000001,1.0
2026-02-01 23:43:00,6.5,5.0,0.3,1.0
2026-02-01 23:44:00,6.38,5.0,0.27599999999999997,1.0
2026-02-01 23:45:00,6.51,5.0,0.30199999999999994,1.0
2026-02-01 23:46:00,6.58,5.0,0.316,1.0
2026-02-01 23:47:00,6.57,5.0,0.31400000000000006,1.0
2026-02-01 23:48:00,6.53,5.0,0.30600000000000005,1.0
2026-02-01 23:49:00,6.55,5.0,0.30999999999999994,1.0
2026-02-01 23:51:00,6.55,5.0,0.30999999999999994,1.0
2026-02-01 23:52:00,6.52,5.0,0.30399999999999994,1.0
2026-02-01 23:53:00,6.51,5.0,0.30199999999999994,1.0
2026-02-01 23:54:00,6.58,5.0,0.316,1.0
2026-02-01 23:55:00,6.6,5.0,0.31999999999999995,1.0
2026-02-01 23:56:00,6.64,5.0,0.32799999999999996,1.0
2026-02-01 23:57:00,6.34,5.0,0.26799999999999996,1.0
2026-02-01 23:58:00,6.28,5.0,0.25600000000000006,1.0
2026-02-01 23:59:00,6.34,5.0,0.26799999999999996,1.0
2026-02-02 00:00:00,6.47,5.0,0.29399999999999993,1.0
2026-02-02 00:01:00,6.46,5.0,0.292,1.0
2026-02-02 00:02:00,6.44,5.0,0.2880000000000001,1.0
2026-02-02 00:03:00,6.41,5.0,0.28200000000000003,1.0
2026-02-02 00:04:00,6.35,5.0,0.2699999999999999,1.0
2026-02-02 00:05:00,6.27,5.0,0.2539999999999999,1.0
2026-02-02 00:06:00,6.26,5.0,0.25199999999999995,1.0
2026-02-02 00:07:00,6.27,5.0,0.2539999999999999,1.0
2026-02-02 00:08:00,6.15,5.0,0.23000000000000007,1.0
2026-02-02 00:09:00,6.15,5.0,0.23000000000000007,1.0
2026-02-02 00:10:00,6.13,5.0,0.22599999999999998,1.0
2026-02-02 00:11:00,6.09,5.0,0.21799999999999997,1.0
2026-02-02 00:12:00,6.2,5.0,0.24000000000000005,1.0
2026-02-02 00:13:00,6.16,5.0,0.23200000000000004,1.0
2026-02-02 00:14:00,6.19,5.0,0.23800000000000007,1.0
2026-02-02 00:16:00,6.01,5.0,0.20199999999999996,1.0
2026-02-02 00:17:00,6.06,5.0,0.2119999999999999,1.0
2026-02-02 00:18:00,5.79,5.0,0.158,1.0
2026-02-02 00:19:00,5.76,5.0,0.15199999999999997,1.0
2026-02-02 00:20:00,5.99,5.0,0.19800000000000004,1.0
2026-02-02 00:21:00,6.08,5.0,0.21600000000000003,1.0
2026-02-02 00:22:00,5.95,5.0,0.19000000000000003,1.0
2026-02-02 00:23:00,6.08,5.0,0.21600000000000003,1.0
2026-02-02 00:24:00,6.03,5.0,0.20600000000000004,1.0
2026-02-02 00:25:00,6.0,5.0,0.2,1.0
2026-02-02 00:26:00,5.92,5.0,0.184,1.0
2026-02-02 00:27:00,5.93,5.0,0.18599999999999994,1.0
2026-02-02 00:28:00,5.95,5.0,0.19000000000000003,1.0
2026-02-02 00:29:00,6.05,5.0,0.20999999999999996,1.0
2026-02-02 00:30:00,6.06,5.0,0.2119999999999999,1.0
2026-02-02 00:31:00,6.0,5.0,0.2,1.0
2026-02-02 00:32:00,6.04,5.0,0.20800000000000002,1.0
2026-02-02 00:33:00,6.08,5.0,0.21600000000000003,1.0
2026-02-02 00:34:00,6.1,5.0,0.21999999999999992,1.0
2026-02-02 00:35:00,6.17,5.0,0.23399999999999999,1.0
2026-02-02 00:36:00,6.1,5.0,0.21999999999999992,1.0
2026-02-02 00:37:00,6.06,5.0,0.2119999999999999,1.0
2026-02-02 00:38:00,6.05,5.0,0.20999999999999996,1.0
2026-02-02 00:39:00,6.01,5.0,0.20199999999999996,1.0
2026-02-02 00:40:00,5.97,5.0,0.19399999999999995,1.0
2026-02-02 00:41:00,5.92,5.0,0.184,1.0
2026-02-02 00:42:00,6.01,5.0,0.20199999999999996,1.0
2026-02-02 00:43:00,6.34,5.0,0.26799999999999996,1.0
2026-02-02 00:44:00,6.24,5.0,0.24800000000000005,1.0
2026-02-02 00:45:00,6.18,5.0,0.23599999999999993,1.0
2026-02-02 00:46:00,6.06,5.0,0.2119999999999999,1.0
2026-02-02 00:47:00,6.06,5.0,0.2119999999999999,1.0
2026-02-02 00:48:00,5.72,5.0,0.14399999999999996,1.0
2026-02-02 00:49:00,5.53,5.0,0.10600000000000005,1.0
2026-02-02 00:50:00,5.53,5.0,0.10600000000000005,1.0
2026-02-02 00:51:00,5.58,5.0,0.11600000000000002,1.0
2026-02-02 00:52:00,5.68,5.0,0.13599999999999995,1.0
2026-02-02 00:53:00,5.63,5.0,0.12599999999999997,1.0
2026-02-02 00:54:00,5.63,5.0,0.12599999999999997,1.0
2026-02-02 00:55:00,5.69,5.0,0.13800000000000007,1.0
2026-02-02 00:56:00,5.67,5.0,0.13399999999999998,1.0
2026-02-02 00:57:00,5.54,5.0,0.10800000000000001,1.0
2026-02-02 00:58:00,5.55,5.0,0.10999999999999996,1.0
2026-02-02 00:59:00,5.59,5.0,0.11799999999999997,1.0
2026-02-02 01:00:00,5.58,5.0,0.11600000000000002,1.0
2026-02-02 01:01:00,5.41,5.0,0.08200000000000003,1.0
2026-02-02 01:02:00,5.43,5.0,0.08599999999999994,1.0
2026-02-02 01:03:00,5.39,5.0,0.07799999999999993,1.0
2026-02-02 01:04:00,5.48,5.0,0.09600000000000009,1.0
2026-02-02 01:05:00,5.58,5.0,0.11600000000000002,1.0
2026-02-02 01:06:00,5.65,5.0,0.13000000000000006,1.0
2026-02-02 01:07:00,5.65,5.0,0.13000000000000006,1.0
2026-02-02 01:08:00,5.77,5.0,0.15399999999999991,1.0
2026-02-02 01:09:00,5.87,5.0,0.17400000000000002,1.0
2026-02-02 01:10:00,5.68,5.0,0.13599999999999995,1.0
2026-02-02 01:11:00,5.61,5.0,0.12200000000000007,1.0
2026-02-02 01:12:00,5.57,5.0,0.11400000000000006,1.0
2026-02-02 01:13:00,5.78,5.0,0.15600000000000006,1.0
2026-02-02 01:14:00,5.76,5.0,0.15199999999999997,1.0
2026-02-02 01:15:00,5.84,5.0,0.16799999999999998,1.0
2026-02-02 01:16:00,5.74,5.0,0.14800000000000005,1.0
2026-02-02 01:17:00,5.62,5.0,0.12400000000000003,1.0
2026-02-02 01:18:00,5.57,5.0,0.11400000000000006,1.0
2026-02-02 01:19:00,5.7,5.0,0.14000000000000004,1.0
2026-02-02 01:20:00,5.59,5.0,0.11799999999999997,1.0
2026-02-02 01:21:00,5.62,5.0,0.12400000000000003,1.0
2026-02-02 01:22:00,5.62,5.0,0.12400000000000003,1.0
2026-02-02 01:23:00,5.6,5.0,0.11999999999999993,1.0
2026-02-02 01:24:00,5.36,5.0,0.07200000000000006,1.0
2026-02-02 01:25:00,5.77,5.0,0.15399999999999991,1.0
2026-02-02 01:26:00,5.62,5.0,0.12400000000000003,1.0
2026-02-02 01:27:00,5.41,5.0,0.08200000000000003,1.0
2026-02-02 01:28:00,5.41,5.0,0.08200000000000003,1.0
2026-02-02 01:29:00,5.56,5.0,0.11199999999999992,1.0
2026-02-02 01:30:00,5.46,5.0,0.092,1.0
2026-02-02 01:31:00,5.31,5.0,0.06199999999999992,1.0
2026-02-02 01:32:00,5.42,5.0,0.08399999999999999,1.0
2026-02-02 01:33:00,5.47,5.0,0.09399999999999994,1.0
2026-02-02 02:36:00,6.18,5.0,0.23599999999999993,1.0
2026-02-02 09:19:00,6.13,5.0,0.22599999999999998,1.0
2026-02-02 09:20:00,6.21,5.0,0.242,1.0
2026-02-02 09:21:00,6.22,5.0,0.24399999999999994,1.0
2026-02-02 09:22:00,6.18,5.0,0.23599999999999993,1.0
2026-02-02 09:23:00,5.99,5.0,0.19800000000000004,1.0
2026-02-02 09:24:00,5.91,5.0,0.18200000000000002,1.0
2026-02-02 09:25:00,5.85,5.0,0.16999999999999993,1.0
2026-02-02 09:26:00,5.88,5.0,0.176,1.0
2026-02-02 09:27:00,5.91,5.0,0.18200000000000002,1.0
2026-02-02 09:28:00,5.89,5.0,0.17799999999999994,1.0
2026-02-02 09:29:00,5.98,5.0,0.1960000000000001,1.0
2026-02-02 09:30:00,5.94,5.0,0.18800000000000008,1.0
2026-02-02 09:31:00,5.91,5.0,0.18200000000000002,1.0
2026-02-02 09:32:00,5.92,5.0,0.184,1.0
2026-02-02 09:33:00,5.9,5.0,0.18000000000000008,1.0
2026-02-02 09:34:00,5.88,5.0,0.176,1.0
2026-02-02 09:35:00,5.92,5.0,0.184,1.0
2026-02-02 09:36:00,6.02,5.0,0.2039999999999999,1.0
2026-02-02 09:37:00,6.11,5.0,0.22200000000000006,1.0
2026-02-02 09:38:00,6.02,5.0,0.2039999999999999,1.0
2026-02-02 09:39:00,6.02,5.0,0.2039999999999999,1.0
2026-02-02 09:40:00,6.1,5.0,0.21999999999999992,1.0
2026-02-02 09:41:00,6.13,5.0,0.22599999999999998,1.0
2026-02-02 09:42:00,6.1,5.0,0.21999999999999992,1.0
2026-02-02 09:43:00,6.11,5.0,0.22200000000000006,1.0
2026-02-02 09:48:00,6.12,5.0,0.22400000000000003,1.0
2026-02-02 09:49:00,6.1,5.0,0.21999999999999992,1.0
2026-02-02 09:50:00,6.15,5.0,0.23000000000000007,1.0
2026-02-02 09:51:00,6.25,5.0,0.25,1.0
2026-02-02 09:52:00,6.23,5.0,0.24600000000000008,1.0
2026-02-02 09:53:00,6.19,5.0,0.23800000000000007,1.0
2026-02-02 09:54:00,6.21,5.0,0.242,1.0
2026-02-02 09:55:00,6.25,5.0,0.25,1.0
2026-02-02 09:56:00,6.22,5.0,0.24399999999999994,1.0
2026-02-02 09:57:00,6.11,5.0,0.22200000000000006,1.0
2026-02-02 10:02:00,6.09,5.0,0.21799999999999997,1.0
2026-02-02 10:03:00,6.09,5.0,0.21799999999999997,1.0
2026-02-02 10:04:00,6.03,5.0,0.20600000000000004,1.0
2026-02-02 10:05:00,6.01,5.0,0.20199999999999996,1.0
2026-02-02 10:06:00,5.99,5.0,0.19800000000000004,1.0
2026-02-02 10:07:00,5.96,5.0,0.192,1.0
2026-02-02 10:08:00,5.96,5.0,0.192,1.0
2026-02-02 10:09:00,5.99,5.0,0.19800000000000004,1.0
2026-02-02 10:10:00,6.0,5.0,0.2,1.0
2026-02-02 10:11:00,6.04,5.0,0.20800000000000002,1.0
2026-02-02 10:12:00,5.91,5.0,0.18200000000000002,1.0
2026-02-02 10:13:00,5.98,5.0,0.1960000000000001,1.0
2026-02-02 10:14:00,5.85,5.0,0.16999999999999993,1.0
2026-02-02 10:15:00,5.78,5.0,0.15600000000000006,1.0
2026-02-02 10:16:00,5.72,5.0,0.14399999999999996,1.0
2026-02-02 10:17:00,5.71,5.0,0.142,1.0
2026-02-02 10:18:00,5.71,5.0,0.142,1.0
2026-02-02 10:21:00,5.77,5.0,0.15399999999999991,1.0
2026-02-02 10:22:00,5.79,5.0,0.158,1.0
2026-02-02 10:23:00,5.78,5.0,0.15600000000000006,1.0
2026-02-02 10:24:00,5.75,5.0,0.15,1.0
2026-02-02 10:25:00,5.69,5.0,0.13800000000000007,1.0
2026-02-02 10:26:00,5.76,5.0,0.15199999999999997,1.0
2026-02-02 10:27:00,5.7,5.0,0.14000000000000004,1.0
2026-02-02 10:28:00,5.74,5.0,0.14800000000000005,1.0
2026-02-02 10:29:00,5.66,5.0,0.13200000000000003,1.0
2026-02-02 10:30:00,5.77,5.0,0.15399999999999991,1.0
2026-02-02 10:31:00,5.74,5.0,0.14800000000000005,1.0
2026-02-02 10:32:00,5.73,5.0,0.14600000000000007,1.0
2026-02-02 10:33:00,5.61,5.0,0.12200000000000007,1.0
2026-02-02 10:34:00,5.66,5.0,0.13200000000000003,1.0
2026-02-02 10:35:00,5.6,5.0,0.11999999999999993,1.0
2026-02-02 10:36:00,5.56,5.0,0.11199999999999992,1.0
2026-02-02 10:37:00,5.64,5.0,0.12799999999999995,1.0
2026-02-02 10:38:00,5.9,5.0,0.18000000000000008,1.0
2026-02-02 10:39:00,5.87,5.0,0.17400000000000002,1.0
2026-02-02 10:40:00,5.91,5.0,0.18200000000000002,1.0
2026-02-02 10:41:00,6.57,5.0,0.31400000000000006,1.0
2026-02-02 10:42:00,6.52,5.0,0.30399999999999994,1.0
2026-02-02 10:43:00,6.54,5.0,0.308,1.0
2026-02-02 10:44:00,6.56,5.0,0.31199999999999994,1.0
2026-02-02 10:45:00,6.58,5.0,0.316,1.0
2026-02-02 10:46:00,6.59,5.0,0.31799999999999995,1.0
2026-02-02 10:47:00,6.51,5.0,0.30199999999999994,1.0
2026-02-02 10:48:00,6.19,5.0,0.23800000000000007,1.0
2026-02-02 10:49:00,6.21,5.0,0.242,1.0
2026-02-02 10:50:00,5.79,5.0,0.158,1.0
2026-02-02 10:51:00,5.91,5.0,0.18200000000000002,1.0
2026-02-02 10:54:00,6.47,5.0,0.29399999999999993,1.0
2026-02-02 10:55:00,6.64,5.0,0.32799999999999996,1.0
2026-02-02 10:56:00,6.71,5.0,0.34199999999999997,1.0
2026-02-02 10:57:00,6.77,5.0,0.3539999999999999,1.0
2026-02-02 10:58:00,6.8,5.0,0.36,1.0
2026-02-02 10:59:00,6.93,5.0,0.38599999999999995,1.0
2026-02-02 11:00:00,6.73,5.0,0.3460000000000001,1.0
2026-02-02 11:01:00,6.77,5.0,0.3539999999999999,1.0
2026-02-02 11:02:00,6.69,5.0,0.3380000000000001,1.0
2026-02-02 11:03:00,6.88,5.0,0.376,1.0
2026-02-02 11:04:00,6.92,5.0,0.384,1.0
2026-02-02 11:05:00,6.91,5.0,0.382,1.0
2026-02-02 11:06:00,6.94,5.0,0.38800000000000007,1.0
2026-02-02 11:07:00,6.71,5.0,0.34199999999999997,1.0
2026-02-02 11:08:00,6.67,5.0,0.33399999999999996,1.0
2026-02-02 11:09:00,6.75,5.0,0.35,1.0
2026-02-02 11:10:00,6.56,5.0,0.31199999999999994,1.0
2026-02-02 11:11:00,6.48,5.0,0.2960000000000001,1.0
2026-02-02 11:12:00,6.51,5.0,0.30199999999999994,1.0
2026-02-02 11:13:00,6.63,5.0,0.32599999999999996,1.0
2026-02-02 11:14:00,6.64,5.0,0.32799999999999996,1.0
2026-02-02 11:15:00,6.7,5.0,0.34,1.0
2026-02-02 11:16:00,6.64,5.0,0.32799999999999996,1.0
2026-02-02 11:17:00,6.57,5.0,0.31400000000000006,1.0
2026-02-02 11:18:00,6.6,5.0,0.31999999999999995,1.0
2026-02-02 11:19:00,6.5,5.0,0.3,1.0
2026-02-02 11:20:00,6.55,5.0,0.30999999999999994,1.0
2026-02-02 11:21:00,6.59,5.0,0.31799999999999995,1.0
2026-02-02 11:22:00,6.6,5.0,0.31999999999999995,1.0
2026-02-02 11:23:00,6.63,5.0,0.32599999999999996,1.0
2026-02-02 11:24:00,6.64,5.0,0.32799999999999996,1.0
2026-02-02 11:27:00,6.4,5.0,0.2800000000000001,1.0
2026-02-02 11:28:00,6.47,5.0,0.29399999999999993,1.0
2026-02-02 11:29:00,6.3,5.0,0.25999999999999995,1.0
2026-02-02 11:30:00,6.2,5.0,0.24000000000000005,1.0
2026-02-02 11:31:00,6.23,5.0,0.24600000000000008,1.0
2026-02-02 11:32:00,6.15,5.0,0.23000000000000007,1.0
2026-02-02 11:33:00,6.02,5.0,0.2039999999999999,1.0
2026-02-02 11:34:00,6.06,5.0,0.2119999999999999,1.0
2026-02-02 11:35:00,6.17,5.0,0.23399999999999999,1.0
2026-02-02 11:36:00,6.27,5.0,0.2539999999999999,1.0
2026-02-02 11:37:00,6.31,5.0,0.2619999999999999,1.0
2026-02-02 11:38:00,6.39,5.0,0.2779999999999999,1.0
2026-02-02 11:39:00,6.35,5.0,0.2699999999999999,1.0
2026-02-02 11:40:00,6.29,5.0,0.258,1.0
2026-02-02 11:41:00,6.3,5.0,0.25999999999999995,1.0
2026-02-02 11:42:00,6.29,5.0,0.258,1.0
2026-02-02 11:43:00,6.29,5.0,0.258,1.0
2026-02-02 11:44:00,6.05,5.0,0.20999999999999996,1.0
2026-02-02 11:45:00,6.87,5.0,0.374,1.0
2026-02-02 11:46:00,6.11,5.0,0.22200000000000006,1.0
2026-02-02 11:47:00,6.12,5.0,0.22400000000000003,1.0
2026-02-02 11:48:00,6.12,5.0,0.22400000000000003,1.0
2026-02-02 11:49:00,6.2,5.0,0.24000000000000005,1.0
2026-02-02 11:50:00,6.15,5.0,0.23000000000000007,1.0
2026-02-02 11:51:00,6.1,5.0,0.21999999999999992,1.0
2026-02-02 11:52:00,6.11,5.0,0.22200000000000006,1.0
2026-02-02 11:53:00,6.14,5.0,0.22799999999999992,1.0
2026-02-02 11:54:00,6.27,5.0,0.2539999999999999,1.0
2026-02-02 11:55:00,6.18,5.0,0.23599999999999993,1.0
2026-02-02 11:56:00,6.33,5.0,0.266,1.0
2026-02-02 11:57:00,6.38,5.0,0.27599999999999997,1.0
2026-02-02 11:58:00,6.27,5.0,0.2539999999999999,1.0
2026-02-02 11:59:00,6.18,5.0,0.23599999999999993,1.0
2026-02-02 12:00:00,6.09,5.0,0.21799999999999997,1.0
2026-02-02 12:01:00,6.16,5.0,0.23200000000000004,1.0
2026-02-02 12:02:00,6.07,5.0,0.21400000000000005,1.0
2026-02-02 12:03:00,6.0,5.0,0.2,1.0
2026-02-02 12:04:00,5.99,5.0,0.19800000000000004,1.0
2026-02-02 12:05:00,5.96,5.0,0.192,1.0
2026-02-02 12:06:00,6.07,5.0,0.21400000000000005,1.0
2026-02-02 12:07:00,6.04,5.0,0.20800000000000002,1.0
2026-02-02 12:08:00,6.04,5.0,0.20800000000000002,1.0
2026-02-02 12:09:00,5.95,5.0,0.19000000000000003,1.0
2026-02-02 12:10:00,5.92,5.0,0.184,1.0
2026-02-02 12:11:00,5.94,5.0,0.18800000000000008,1.0
2026-02-02 12:12:00,5.86,5.0,0.17200000000000007,1.0
2026-02-02 12:13:00,5.98,5.0,0.1960000000000001,1.0
2026-02-02 12:14:00,6.02,5.0,0.2039999999999999,1.0
2026-02-02 12:15:00,6.09,5.0,0.21799999999999997,1.0
2026-02-02 12:16:00,6.12,5.0,0.22400000000000003,1.0
2026-02-02 12:17:00,6.06,5.0,0.2119999999999999,1.0
2026-02-02 12:18:00,5.94,5.0,0.18800000000000008,1.0
2026-02-02 12:19:00,5.91,5.0,0.18200000000000002,1.0
2026-02-02 12:20:00,5.99,5.0,0.19800000000000004,1.0
2026-02-02 12:21:00,6.01,5.0,0.20199999999999996,1.0
2026-02-02 12:22:00,5.96,5.0,0.192,1.0
2026-02-02 12:23:00,6.07,5.0,0.21400000000000005,1.0
2026-02-02 12:24:00,6.12,5.0,0.22400000000000003,1.0
2026-02-02 12:25:00,6.1,5.0,0.21999999999999992,1.0
2026-02-02 12:26:00,6.06,5.0,0.2119999999999999,1.0
2026-02-02 12:27:00,6.08,5.0,0.21600000000000003,1.0
2026-02-02 12:28:00,6.17,5.0,0.23399999999999999,1.0
2026-02-02 12:29:00,6.04,5.0,0.20800000000000002,1.0
2026-02-02 12:30:00,5.8,5.0,0.15999999999999998,1.0
2026-02-02 12:31:00,5.93,5.0,0.18599999999999994,1.0
2026-02-02 12:32:00,5.95,5.0,0.19000000000000003,1.0
2026-02-02 12:33:00,5.92,5.0,0.184,1.0
2026-02-02 12:34:00,5.9,5.0,0.18000000000000008,1.0
2026-02-02 12:35:00,5.71,5.0,0.142,1.0
2026-02-02 12:36:00,6.05,5.0,0.20999999999999996,1.0
2026-02-02 12:37:00,6.01,5.0,0.20199999999999996,1.0
2026-02-02 12:38:00,6.16,5.0,0.23200000000000004,1.0
2026-02-02 12:39:00,6.12,5.0,0.22400000000000003,1.0
2026-02-02 12:40:00,6.02,5.0,0.2039999999999999,1.0
2026-02-02 12:41:00,5.9,5.0,0.18000000000000008,1.0
2026-02-02 12:42:00,5.85,5.0,0.16999999999999993,1.0
2026-02-02 12:43:00,5.81,5.0,0.16199999999999992,1.0
2026-02-02 12:44:00,5.89,5.0,0.17799999999999994,1.0
2026-02-02 12:45:00,5.91,5.0,0.18200000000000002,1.0
2026-02-02 12:46:00,5.88,5.0,0.176,1.0
2026-02-02 12:47:00,5.84,5.0,0.16799999999999998,1.0
2026-02-02 12:48:00,6.02,5.0,0.2039999999999999,1.0
2026-02-02 12:49:00,6.01,5.0,0.20199999999999996,1.0
2026-02-02 12:50:00,6.15,5.0,0.23000000000000007,1.0
2026-02-02 12:51:00,6.09,5.0,0.21799999999999997,1.0
2026-02-02 12:52:00,6.01,5.0,0.20199999999999996,1.0
2026-02-02 12:53:00,6.05,5.0,0.20999999999999996,1.0
2026-02-02 12:54:00,6.01,5.0,0.20199999999999996,1.0
2026-02-02 12:55:00,5.97,5.0,0.19399999999999995,1.0
2026-02-02 12:56:00,6.0,5.0,0.2,1.0
2026-02-02 12:57:00,5.88,5.0,0.176,1.0
2026-02-02 12:58:00,5.64,5.0,0.12799999999999995,1.0
2026-02-02 12:59:00,5.78,5.0,0.15600000000000006,1.0
2026-02-02 13:00:00,5.75,5.0,0.15,1.0
2026-02-02 13:01:00,5.75,5.0,0.15,1.0
2026-02-02 13:02:00,5.75,5.0,0.15,1.0
2026-02-02 13:03:00,5.7,5.0,0.14000000000000004,1.0
2026-02-02 13:04:00,5.73,5.0,0.14600000000000007,1.0
2026-02-02 13:05:00,5.79,5.0,0.158,1.0
2026-02-02 13:06:00,5.59,5.0,0.11799999999999997,1.0
2026-02-02 13:07:00,5.57,5.0,0.11400000000000006,1.0
2026-02-02 13:08:00,5.67,5.0,0.13399999999999998,1.0
2026-02-02 13:09:00,5.62,5.0,0.12400000000000003,1.0
2026-02-02 13:10:00,5.62,5.0,0.12400000000000003,1.0
2026-02-02 13:11:00,5.49,5.0,0.09800000000000005,1.0
2026-02-02 13:12:00,5.53,5.0,0.10600000000000005,1.0
2026-02-02 13:13:00,5.51,5.0,0.10199999999999995,1.0
2026-02-02 13:14:00,5.52,5.0,0.10399999999999991,1.0
2026-02-02 13:15:00,5.51,5.0,0.10199999999999995,1.0
2026-02-02 13:16:00,5.57,5.0,0.11400000000000006,1.0
2026-02-02 13:17:00,5.57,5.0,0.11400000000000006,1.0
2026-02-02 13:18:00,5.52,5.0,0.10399999999999991,1.0
2026-02-02 13:19:00,5.52,5.0,0.10399999999999991,1.0
2026-02-02 13:20:00,5.57,5.0,0.11400000000000006,1.0
2026-02-02 13:21:00,5.53,5.0,0.10600000000000005,1.0
2026-02-02 13:22:00,5.55,5.0,0.10999999999999996,1.0
2026-02-02 13:23:00,5.54,5.0,0.10800000000000001,1.0
2026-02-02 13:24:00,5.61,5.0,0.12200000000000007,1.0
2026-02-02 13:25:00,5.65,5.0,0.13000000000000006,1.0
2026-02-02 13:26:00,5.59,5.0,0.11799999999999997,1.0
2026-02-02 13:27:00,5.3,5.0,0.05999999999999996,1.0
2026-02-02 13:28:00,5.38,5.0,0.07599999999999998,1.0
2026-02-02 13:29:00,5.38,5.0,0.07599999999999998,1.0
2026-02-02 13:30:00,5.35,5.0,0.06999999999999992,1.0
2026-02-02 13:31:00,5.39,5.0,0.07799999999999993,1.0
2026-02-02 13:32:00,5.19,5.0,0.038000000000000075,1.0
2026-02-02 13:33:00,5.31,5.0,0.06199999999999992,1.0
2026-02-02 13:34:00,5.3,5.0,0.05999999999999996,1.0
2026-02-02 13:35:00,5.29,5.0,0.05800000000000001,1.0
2026-02-02 13:36:00,5.31,5.0,0.06199999999999992,1.0
2026-02-02 13:37:00,5.34,5.0,0.06799999999999998,1.0
2026-02-02 13:38:00,5.34,5.0,0.06799999999999998,1.0
2026-02-02 13:41:00,5.22,5.0,0.04399999999999995,1.0
2026-02-02 13:42:00,5.24,5.0,0.04800000000000004,1.0
2026-02-02 13:43:00,5.18,5.0,0.03599999999999994,1.0
2026-02-02 13:44:00,5.19,5.0,0.038000000000000075,1.0
2026-02-02 13:45:00,5.15,5.0,0.030000000000000072,1.0
2026-02-02 13:46:00,5.28,5.0,0.05600000000000005,1.0
2026-02-02 13:47:00,5.25,5.0,0.05,1.0
2026-02-02 13:48:00,5.25,5.0,0.05,1.0
2026-02-02 13:49:00,5.33,5.0,0.06600000000000002,1.0
2026-02-02 13:50:00,5.23,5.0,0.04600000000000008,1.0
2026-02-02 13:51:00,5.28,5.0,0.05600000000000005,1.0
2026-02-02 13:52:00,5.53,5.0,0.10600000000000005,1.0
2026-02-02 13:53:00,5.72,5.0,0.14399999999999996,1.0
2026-02-02 13:54:00,5.76,5.0,0.15199999999999997,1.0
2026-02-02 13:55:00,5.7,5.0,0.14000000000000004,1.0
2026-02-02 13:56:00,5.68,5.0,0.13599999999999995,1.0
2026-02-02 13:57:00,5.68,5.0,0.13599999999999995,1.0
2026-02-02 13:58:00,5.69,5.0,0.13800000000000007,1.0
2026-02-02 13:59:00,5.67,5.0,0.13399999999999998,1.0
2026-02-02 14:00:00,5.71,5.0,0.142,1.0
2026-02-02 14:01:00,5.67,5.0,0.13399999999999998,1.0
2026-02-02 14:02:00,5.65,5.0,0.13000000000000006,1.0
2026-02-02 14:03:00,5.64,5.0,0.12799999999999995,1.0
2026-02-02 14:04:00,5.7,5.0,0.14000000000000004,1.0
2026-02-02 14:05:00,5.63,5.0,0.12599999999999997,1.0
2026-02-02 14:06:00,5.64,5.0,0.12799999999999995,1.0
2026-02-02 14:07:00,5.65,5.0,0.13000000000000006,1.0
2026-02-02 14:08:00,5.49,5.0,0.09800000000000005,1.0
2026-02-02 14:09:00,5.51,5.0,0.10199999999999995,1.0
2026-02-02 14:10:00,5.47,5.0,0.09399999999999994,1.0
2026-02-02 14:11:00,5.46,5.0,0.092,1.0
2026-02-02 14:14:00,5.5,5.0,0.1,1.0
2026-02-02 14:15:00,5.56,5.0,0.11199999999999992,1.0
2026-02-02 14:16:00,5.46,5.0,0.092,1.0
2026-02-02 14:17:00,5.63,5.0,0.12599999999999997,1.0
2026-02-02 14:18:00,5.6,5.0,0.11999999999999993,1.0
2026-02-02 14:19:00,5.61,5.0,0.12200000000000007,1.0
2026-02-02 14:20:00,5.61,5.0,0.12200000000000007,1.0
2026-02-02 14:21:00,5.53,5.0,0.10600000000000005,1.0
2026-02-02 14:22:00,5.53,5.0,0.10600000000000005,1.0
2026-02-02 14:23:00,5.56,5.0,0.11199999999999992,1.0
2026-02-02 14:24:00,5.5,5.0,0.1,1.0
2026-02-02 14:25:00,5.53,5.0,0.10600000000000005,1.0
2026-02-02 14:26:00,5.54,5.0,0.10800000000000001,1.0
2026-02-02 14:27:00,5.62,5.0,0.12400000000000003,1.0
2026-02-02 14:28:00,5.67,5.0,0.13399999999999998,1.0
2026-02-02 14:29:00,5.6,5.0,0.11999999999999993,1.0
2026-02-02 14:30:00,5.66,5.0,0.13200000000000003,1.0
2026-02-02 14:31:00,5.69,5.0,0.13800000000000007,1.0
2026-02-02 14:32:00,5.67,5.0,0.13399999999999998,1.0
2026-02-02 14:33:00,5.73,5.0,0.14600000000000007,1.0
2026-02-02 14:34:00,5.73,5.0,0.14600000000000007,1.0
2026-02-02 14:35:00,5.81,5.0,0.16199999999999992,1.0
2026-02-02 14:36:00,5.81,5.0,0.16199999999999992,1.0
2026-02-02 14:37:00,5.81,5.0,0.16199999999999992,1.0
2026-02-02 14:38:00,5.82,5.0,0.16400000000000006,1.0
2026-02-02 14:39:00,5.86,5.0,0.17200000000000007,1.0
2026-02-02 14:40:00,5.85,5.0,0.16999999999999993,1.0
2026-02-02 14:41:00,5.85,5.0,0.16999999999999993,1.0
2026-02-02 14:42:00,5.85,5.0,0.16999999999999993,1.0
2026-02-02 14:43:00,5.83,5.0,0.166,1.0
2026-02-02 14:44:00,5.88,5.0,0.176,1.0
2026-02-02 14:47:00,5.9,5.0,0.18000000000000008,1.0
2026-02-02 14:48:00,5.88,5.0,0.176,1.0
2026-02-02 14:49:00,5.85,5.0,0.16999999999999993,1.0
2026-02-02 14:50:00,5.78,5.0,0.15600000000000006,1.0
2026-02-02 14:51:00,5.77,5.0,0.15399999999999991,1.0
2026-02-02 14:52:00,5.79,5.0,0.158,1.0
2026-02-02 14:53:00,5.82,5.0,0.16400000000000006,1.0
2026-02-02 14:54:00,5.8,5.0,0.15999999999999998,1.0
2026-02-02 14:55:00,5.82,5.0,0.16400000000000006,1.0
2026-02-02 14:56:00,5.8,5.0,0.15999999999999998,1.0
2026-02-02 14:57:00,5.79,5.0,0.158,1.0
2026-02-02 14:58:00,5.75,5.0,0.15,1.0
2026-02-02 14:59:00,5.77,5.0,0.15399999999999991,1.0
2026-02-02 15:00:00,5.7,5.0,0.14000000000000004,1.0
2026-02-02 15:01:00,5.68,5.0,0.13599999999999995,1.0
2026-02-02 15:02:00,5.84,5.0,0.16799999999999998,1.0
2026-02-02 15:03:00,5.81,5.0,0.16199999999999992,1.0
2026-02-02 15:04:00,5.8,5.0,0.15999999999999998,1.0
2026-02-02 15:05:00,5.78,5.0,0.15600000000000006,1.0
2026-02-02 15:06:00,5.73,5.0,0.14600000000000007,1.0
2026-02-02 15:07:00,5.73,5.0,0.14600000000000007,1.0
2026-02-02 15:08:00,5.68,5.0,0.13599999999999995,1.0
2026-02-02 15:09:00,5.64,5.0,0.12799999999999995,1.0
2026-02-02 15:10:00,5.59,5.0,0.11799999999999997,1.0
2026-02-02 15:11:00,5.52,5.0,0.10399999999999991,1.0
2026-02-02 15:12:00,5.44,5.0,0.08800000000000008,1.0
2026-02-02 15:13:00,5.44,5.0,0.08800000000000008,1.0
2026-02-02 15:14:00,5.52,5.0,0.10399999999999991,1.0
2026-02-02 15:15:00,5.38,5.0,0.07599999999999998,1.0
2026-02-02 15:16:00,5.5,5.0,0.1,1.0
2026-02-02 15:17:00,5.52,5.0,0.10399999999999991,1.0
2026-02-02 15:19:00,5.46,5.0,0.092,1.0
2026-02-02 15:20:00,5.4,5.0,0.08000000000000007,1.0
2026-02-02 15:21:00,5.39,5.0,0.07799999999999993,1.0
2026-02-02 15:22:00,5.41,5.0,0.08200000000000003,1.0
2026-02-02 15:23:00,5.46,5.0,0.092,1.0
2026-02-02 15:24:00,5.46,5.0,0.092,1.0
2026-02-02 15:25:00,5.47,5.0,0.09399999999999994,1.0
2026-02-02 15:26:00,5.43,5.0,0.08599999999999994,1.0
2026-02-02 15:27:00,5.47,5.0,0.09399999999999994,1.0
2026-02-02 15:28:00,5.5,5.0,0.1,1.0
2026-02-02 15:29:00,5.38,5.0,0.07599999999999998,1.0
2026-02-02 15:30:00,5.64,5.0,0.12799999999999995,1.0
2026-02-02 15:31:00,5.58,5.0,0.11600000000000002,1.0
2026-02-02 15:32:00,5.5,5.0,0.1,1.0
2026-02-02 15:33:00,5.39,5.0,0.07799999999999993,1.0
2026-02-02 15:34:00,5.43,5.0,0.08599999999999994,1.0
2026-02-02 15:35:00,5.56,5.0,0.11199999999999992,1.0
2026-02-02 15:36:00,5.5,5.0,0.1,1.0
2026-02-02 15:37:00,5.46,5.0,0.092,1.0
2026-02-02 15:38:00,5.53,5.0,0.10600000000000005,1.0
2026-02-02 15:39:00,5.45,5.0,0.09000000000000004,1.0
2026-02-02 15:40:00,5.43,5.0,0.08599999999999994,1.0
2026-02-02 15:41:00,5.41,5.0,0.08200000000000003,1.0
2026-02-02 15:42:00,5.39,5.0,0.07799999999999993,1.0
2026-02-02 15:43:00,5.36,5.0,0.07200000000000006,1.0
2026-02-02 15:44:00,5.35,5.0,0.06999999999999992,1.0
2026-02-02 15:45:00,5.35,5.0,0.06999999999999992,1.0
2026-02-02 15:46:00,5.36,5.0,0.07200000000000006,1.0
2026-02-02 15:47:00,5.46,5.0,0.092,1.0
2026-02-02 15:48:00,5.46,5.0,0.092,1.0
2026-02-02 15:49:00,5.37,5.0,0.07400000000000002,1.0
2026-02-02 15:50:00,5.4,5.0,0.08000000000000007,1.0
2026-02-02 15:51:00,5.37,5.0,0.07400000000000002,1.0
2026-02-02 15:52:00,5.33,5.0,0.06600000000000002,1.0
2026-02-02 15:53:00,5.36,5.0,0.07200000000000006,1.0
2026-02-02 15:54:00,5.43,5.0,0.08599999999999994,1.0
2026-02-02 15:55:00,5.41,5.0,0.08200000000000003,1.0
2026-02-02 15:56:00,5.33,5.0,0.06600000000000002,1.0
2026-02-02 15:57:00,5.27,5.0,0.053999999999999916,1.0
2026-02-02 15:58:00,5.23,5.0,0.04600000000000008,1.0
2026-02-02 16:00:00,5.19,5.0,0.038000000000000075,1.0
2026-02-02 16:01:00,5.2,5.0,0.040000000000000036,1.0
2026-02-02 16:02:00,5.08,5.0,0.016000000000000014,1.0
2026-02-02 16:03:00,5.06,5.0,0.011999999999999922,1.0
2026-02-02 16:04:00,5.04,5.0,0.008000000000000007,1.0
2026-02-02 16:05:00,5.01,5.0,0.0019999999999999575,1.0
2026-02-02 16:06:00,5.12,5.0,0.02400000000000002,1.0
2026-02-02 16:07:00,5.07,5.0,0.014000000000000058,1.0
2026-02-02 16:08:00,5.3,5.0,0.05999999999999996,1.0
2026-02-02 16:09:00,5.39,5.0,0.07799999999999993,1.0
2026-02-02 16:10:00,5.34,5.0,0.06799999999999998,1.0
2026-02-02 16:11:00,4.97,5.0,0.0060000000000000496,0.9880715705765407
2026-02-02 16:12:00,5.02,5.0,0.003999999999999915,1.0
2026-02-02 16:13:00,5.04,5.0,0.008000000000000007,1.0
2026-02-02 16:14:00,5.11,5.0,0.022000000000000065,1.0
2026-02-02 16:15:00,5.13,5.0,0.025999999999999978,1.0
2026-02-02 16:16:00,5.24,5.0,0.04800000000000004,1.0
2026-02-02 16:17:00,5.21,5.0,0.041999999999999996,1.0
2026-02-02 16:18:00,5.16,5.0,0.03200000000000003,1.0
2026-02-02 16:19:00,5.16,5.0,0.03200000000000003,1.0
2026-02-02 16:20:00,5.07,5.0,0.014000000000000058,1.0
2026-02-02 16:21:00,5.17,5.0,0.03399999999999999,1.0
2026-02-02 16:22:00,5.12,5.0,0.02400000000000002,1.0
2026-02-02 16:23:00,5.04,5.0,0.008000000000000007,1.0
2026-02-02 16:24:00,5.04,5.0,0.008000000000000007,1.0
2026-02-02 16:25:00,5.14,5.0,0.027999999999999935,1.0
2026-02-02 16:26:00,5.44,5.0,0.08800000000000008,1.0
2026-02-02 16:27:00,5.46,5.0,0.092,1.0
2026-02-02 16:28:00,5.44,5.0,0.08800000000000008,1.0
2026-02-02 16:29:00,5.46,5.0,0.092,1.0
2026-02-02 16:30:00,5.44,5.0,0.08800000000000008,1.0
2026-02-02 16:31:00,5.41,5.0,0.08200000000000003,1.0
2026-02-02 16:32:00,5.32,5.0,0.06400000000000006,1.0
2026-02-02 16:33:00,5.25,5.0,0.05,1.0
2026-02-02 16:34:00,5.06,5.0,0.011999999999999922,1.0
2026-02-02 16:35:00,5.03,5.0,0.0060000000000000496,1.0
2026-02-02 16:36:00,5.19,5.0,0.038000000000000075,1.0
2026-02-02 16:37:00,5.28,5.0,0.05600000000000005,1.0
2026-02-02 16:38:00,5.28,5.0,0.05600000000000005,1.0
2026-02-02 16:39:00,5.17,5.0,0.03399999999999999,1.0
2026-02-02 16:40:00,5.2,5.0,0.040000000000000036,1.0
2026-02-02 16:41:00,5.09,5.0,0.01799999999999997,1.0
2026-02-02 16:42:00,5.14,5.0,0.027999999999999935,1.0
2026-02-02 16:43:00,5.13,5.0,0.025999999999999978,1.0
2026-02-02 16:44:00,5.17,5.0,0.03399999999999999,1.0
2026-02-02 16:45:00,5.0,5.0,0.0,1.0
2026-02-02 16:46:00,4.85,5.0,0.030000000000000072,0.9417475728155339
2026-02-02 16:47:00,5.31,5.0,0.06199999999999992,1.0
2026-02-02 16:48:00,5.25,5.0,0.05,1.0
2026-02-02 16:49:00,5.2,5.0,0.040000000000000036,1.0
2026-02-02 16:50:00,5.28,5.0,0.05600000000000005,1.0
2026-02-02 16:51:00,5.07,5.0,0.014000000000000058,1.0
2026-02-02 16:52:00,5.13,5.0,0.025999999999999978,1.0
2026-02-02 16:53:00,5.29,5.0,0.05800000000000001,1.0
2026-02-02 16:54:00,5.25,5.0,0.05,1.0
2026-02-02 16:55:00,4.88,5.0,0.02400000000000002,0.953125
2026-02-02 16:56:00,5.32,5.0,0.06400000000000006,1.0
2026-02-02 16:57:00,5.26,5.0,0.051999999999999956,1.0
2026-02-02 16:59:00,5.23,5.0,0.04600000000000008,1.0
2026-02-02 17:00:00,5.12,5.0,0.02400000000000002,1.0
2026-02-02 17:01:00,5.15,5.0,0.030000000000000072,1.0
2026-02-02 17:02:00,5.21,5.0,0.041999999999999996,1.0
2026-02-02 17:03:00,5.2,5.0,0.040000000000000036,1.0
2026-02-02 17:04:00,5.19,5.0,0.038000000000000075,1.0
2026-02-02 17:05:00,5.15,5.0,0.030000000000000072,1.0
2026-02-02 17:06:00,5.09,5.0,0.01799999999999997,1.0
2026-02-02 17:07:00,4.98,5.0,0.003999999999999915,0.9920318725099603
2026-02-02 17:08:00,4.94,5.0,0.011999999999999922,0.9762845849802373
2026-02-02 17:09:00,4.99,5.0,0.0019999999999999575,0.9960079840319361
2026-02-02 17:10:00,5.11,5.0,0.022000000000000065,1.0
2026-02-02 17:11:00,5.49,5.0,0.09800000000000005,1.0
2026-02-02 17:12:00,5.67,5.0,0.13399999999999998,1.0
2026-02-02 17:13:00,5.99,5.0,0.19800000000000004,1.0
2026-02-02 17:14:00,5.95,5.0,0.19000000000000003,1.0
2026-02-02 17:15:00,5.84,5.0,0.16799999999999998,1.0
2026-02-02 17:16:00,5.84,5.0,0.16799999999999998,1.0
2026-02-02 17:17:00,5.88,5.0,0.176,1.0
2026-02-02 17:18:00,5.64,5.0,0.12799999999999995,1.0
2026-02-02 17:19:00,4.72,5.0,0.05600000000000005,0.8939393939393938
2026-02-02 17:20:00,4.53,5.0,0.09399999999999994,0.8281535648994517
2026-02-02 17:21:00,4.44,5.0,0.11199999999999992,0.7985611510791369
2026-02-02 17:22:00,4.8,5.0,0.040000000000000036,0.923076923076923
2026-02-02 17:23:00,4.78,5.0,0.04399999999999995,0.9157088122605365
2026-02-02 17:24:00,4.45,5.0,0.10999999999999996,0.8018018018018019
2026-02-02 17:25:00,4.56,5.0,0.08800000000000008,0.838235294117647
2026-02-02 17:26:00,4.7,5.0,0.05999999999999996,0.8867924528301887
2026-02-02 17:27:00,4.87,5.0,0.025999999999999978,0.949317738791423
2026-02-02 17:28:00,5.01,5.0,0.0019999999999999575,1.0
2026-02-02 17:29:00,5.05,5.0,0.009999999999999964,1.0
2026-02-02 17:30:00,5.03,5.0,0.0060000000000000496,1.0
2026-02-02 17:31:00,5.03,5.0,0.0060000000000000496,1.0
2026-02-02 17:32:00,5.06,5.0,0.011999999999999922,1.0
2026-02-02 17:33:00,5.13,5.0,0.025999999999999978,1.0
2026-02-02 17:34:00,5.14,5.0,0.027999999999999935,1.0
2026-02-02 17:35:00,5.08,5.0,0.016000000000000014,1.0
2026-02-02 17:36:00,5.11,5.0,0.022000000000000065,1.0
2026-02-02 17:37:00,5.14,5.0,0.027999999999999935,1.0
2026-02-02 17:38:00,5.21,5.0,0.041999999999999996,1.0
2026-02-02 17:39:00,5.09,5.0,0.01799999999999997,1.0
2026-02-02 17:40:00,5.13,5.0,0.025999999999999978,1.0
2026-02-02 17:41:00,5.13,5.0,0.025999999999999978,1.0
2026-02-02 17:42:00,5.1,5.0,0.019999999999999928,1.0
2026-02-02 17:43:00,4.54,5.0,0.092,0.8315018315018314
2026-02-02 17:44:00,4.8,5.0,0.040000000000000036,0.923076923076923
2026-02-02 17:45:00,5.28,5.0,0.05600000000000005,1.0
2026-02-02 17:46:00,5.36,5.0,0.07200000000000006,1.0
2026-02-02 17:47:00,5.39,5.0,0.07799999999999993,1.0
2026-02-02 17:48:00,5.3,5.0,0.05999999999999996,1.0
2026-02-02 17:49:00,5.3,5.0,0.05999999999999996,1.0
2026-02-02 17:50:00,5.35,5.0,0.06999999999999992,1.0
2026-02-02 17:51:00,5.27,5.0,0.053999999999999916,1.0
2026-02-02 17:52:00,5.38,5.0,0.07599999999999998,1.0
2026-02-02 17:53:00,5.36,5.0,0.07200000000000006,1.0
2026-02-02 17:54:00,5.36,5.0,0.07200000000000006,1.0
2026-02-02 17:55:00,4.93,5.0,0.014000000000000058,0.9723865877712031
2026-02-02 17:56:00,4.67,5.0,0.06600000000000002,0.8761726078799249
2026-02-02 17:57:00,4.71,5.0,0.05800000000000001,0.8903591682419659
2026-02-02 17:58:00,4.81,5.0,0.038000000000000075,0.9267822736030827
2026-02-02 17:59:00,4.48,5.0,0.10399999999999991,0.8115942028985509
2026-02-02 18:00:00,4.72,5.0,0.05600000000000005,0.8939393939393938
2026-02-02 18:01:00,4.75,5.0,0.05,0.9047619047619047
2026-02-02 18:02:00,4.82,5.0,0.03599999999999994,0.9305019305019305
2026-02-02 18:03:00,4.86,5.0,0.027999999999999935,0.9455252918287939
2026-02-02 18:04:00,4.77,5.0,0.04600000000000008,0.9120458891013383
2026-02-02 18:05:00,4.97,5.0,0.0060000000000000496,0.9880715705765407
2026-02-02 18:06:00,4.98,5.0,0.003999999999999915,0.9920318725099603
2026-02-02 18:07:00,4.95,5.0,0.009999999999999964,0.9801980198019802
2026-02-02 18:08:00,4.97,5.0,0.0060000000000000496,0.9880715705765407
2026-02-02 18:09:00,4.99,5.0,0.0019999999999999575,0.9960079840319361
2026-02-02 18:10:00,5.06,5.0,0.011999999999999922,1.0
2026-02-02 18:11:00,5.04,5.0,0.008000000000000007,1.0
2026-02-02 18:12:00,4.97,5.0,0.0060000000000000496,0.9880715705765407
2026-02-02 18:13:00,4.94,5.0,0.011999999999999922,0.9762845849802373
2026-02-02 18:14:00,4.99,5.0,0.0019999999999999575,0.9960079840319361
2026-02-02 18:15:00,4.95,5.0,0.009999999999999964,0.9801980198019802
2026-02-02 18:16:00,4.98,5.0,0.003999999999999915,0.9920318725099603
2026-02-02 18:17:00,4.99,5.0,0.0019999999999999575,0.9960079840319361
2026-02-02 18:18:00,4.99,5.0,0.0019999999999999575,0.9960079840319361
2026-02-02 18:19:00,5.06,5.0,0.011999999999999922,1.0
2026-02-02 18:20:00,5.11,5.0,0.022000000000000065,1.0
2026-02-02 18:21:00,5.06,5.0,0.011999999999999922,1.0
2026-02-02 18:22:00,5.14,5.0,0.027999999999999935,1.0
2026-02-02 18:23:00,5.14,5.0,0.027999999999999935,1.0
2026-02-02 18:24:00,5.28,5.0,0.05600000000000005,1.0
2026-02-02 18:25:00,5.3,5.0,0.05999999999999996,1.0
2026-02-02 18:26:00,5.33,5.0,0.06600000000000002,1.0
2026-02-02 18:27:00,5.46,5.0,0.092,1.0
2026-02-02 18:28:00,5.67,5.0,0.13399999999999998,1.0
2026-02-02 18:29:00,5.68,5.0,0.13599999999999995,1.0
2026-02-02 18:30:00,5.69,5.0,0.13800000000000007,1.0
2026-02-02 18:31:00,5.72,5.0,0.14399999999999996,1.0
2026-02-02 18:32:00,5.66,5.0,0.13200000000000003,1.0
2026-02-02 18:33:00,5.64,5.0,0.12799999999999995,1.0
2026-02-02 18:34:00,5.66,5.0,0.13200000000000003,1.0
2026-02-02 18:35:00,5.67,5.0,0.13399999999999998,1.0
2026-02-02 18:36:00,5.63,5.0,0.12599999999999997,1.0
2026-02-02 18:37:00,5.58,5.0,0.11600000000000002,1.0
2026-02-02 18:38:00,5.41,5.0,0.08200000000000003,1.0
2026-02-02 18:39:00,5.47,5.0,0.09399999999999994,1.0
2026-02-02 18:40:00,5.5,5.0,0.1,1.0
2026-02-02 18:41:00,5.33,5.0,0.06600000000000002,1.0
2026-02-02 18:42:00,5.48,5.0,0.09600000000000009,1.0
2026-02-02 18:43:00,5.46,5.0,0.092,1.0
2026-02-02 18:44:00,5.56,5.0,0.11199999999999992,1.0
2026-02-02 18:45:00,5.53,5.0,0.10600000000000005,1.0
2026-02-02 18:46:00,5.51,5.0,0.10199999999999995,1.0
2026-02-02 18:47:00,5.51,5.0,0.10199999999999995,1.0
2026-02-02 18:48:00,5.49,5.0,0.09800000000000005,1.0
2026-02-02 18:49:00,5.56,5.0,0.11199999999999992,1.0
2026-02-02 18:50:00,5.49,5.0,0.09800000000000005,1.0
2026-02-02 18:51:00,5.64,5.0,0.12799999999999995,1.0
2026-02-02 18:52:00,5.46,5.0,0.092,1.0
2026-02-02 18:53:00,5.51,5.0,0.10199999999999995,1.0
2026-02-02 18:54:00,5.59,5.0,0.11799999999999997,1.0
2026-02-02 18:55:00,5.55,5.0,0.10999999999999996,1.0
2026-02-02 18:56:00,5.56,5.0,0.11199999999999992,1.0
2026-02-02 18:57:00,5.56,5.0,0.11199999999999992,1.0
2026-02-02 18:58:00,5.38,5.0,0.07599999999999998,1.0
2026-02-02 18:59:00,5.46,5.0,0.092,1.0
2026-02-02 19:00:00,5.55,5.0,0.10999999999999996,1.0
2026-02-02 19:01:00,5.53,5.0,0.10600000000000005,1.0
2026-02-02 19:02:00,5.42,5.0,0.08399999999999999,1.0
2026-02-02 19:03:00,5.45,5.0,0.09000000000000004,1.0
2026-02-02 19:04:00,5.41,5.0,0.08200000000000003,1.0
2026-02-02 19:05:00,5.51,5.0,0.10199999999999995,1.0
2026-02-02 19:06:00,5.42,5.0,0.08399999999999999,1.0
2026-02-02 19:07:00,5.41,5.0,0.08200000000000003,1.0
2026-02-02 19:08:00,5.51,5.0,0.10199999999999995,1.0
2026-02-02 19:09:00,5.54,5.0,0.10800000000000001,1.0
2026-02-02 19:12:00,5.52,5.0,0.10399999999999991,1.0
2026-02-02 19:13:00,5.49,5.0,0.09800000000000005,1.0
2026-02-02 19:14:00,5.45,5.0,0.09000000000000004,1.0
2026-02-02 19:15:00,5.49,5.0,0.09800000000000005,1.0
2026-02-02 19:16:00,5.51,5.0,0.10199999999999995,1.0
2026-02-02 19:17:00,5.57,5.0,0.11400000000000006,1.0
2026-02-02 19:18:00,5.63,5.0,0.12599999999999997,1.0
2026-02-02 19:19:00,5.62,5.0,0.12400000000000003,1.0
2026-02-02 19:20:00,5.54,5.0,0.10800000000000001,1.0
2026-02-02 19:21:00,5.62,5.0,0.12400000000000003,1.0
2026-02-02 19:22:00,5.67,5.0,0.13399999999999998,1.0
2026-02-02 19:23:00,5.69,5.0,0.13800000000000007,1.0
2026-02-02 19:24:00,5.64,5.0,0.12799999999999995,1.0
2026-02-02 19:25:00,5.6,5.0,0.11999999999999993,1.0
2026-02-02 19:26:00,5.79,5.0,0.158,1.0
2026-02-02 19:27:00,5.81,5.0,0.16199999999999992,1.0
2026-02-02 19:28:00,5.79,5.0,0.158,1.0
2026-02-02 19:29:00,5.51,5.0,0.10199999999999995,1.0
2026-02-02 19:30:00,5.69,5.0,0.13800000000000007,1.0
2026-02-02 19:31:00,5.76,5.0,0.15199999999999997,1.0
2026-02-02 19:32:00,5.64,5.0,0.12799999999999995,1.0
2026-02-02 19:33:00,5.78,5.0,0.15600000000000006,1.0
2026-02-02 19:34:00,5.7,5.0,0.14000000000000004,1.0
2026-02-02 19:35:00,5.75,5.0,0.15,1.0
2026-02-02 19:36:00,5.7,5.0,0.14000000000000004,1.0
2026-02-02 19:37:00,5.83,5.0,0.166,1.0
2026-02-02 19:38:00,5.97,5.0,0.19399999999999995,1.0
2026-02-02 19:39:00,5.91,5.0,0.18200000000000002,1.0
2026-02-02 19:40:00,5.91,5.0,0.18200000000000002,1.0
2026-02-02 19:41:00,5.92,5.0,0.184,1.0
2026-02-02 19:42:00,5.9,5.0,0.18000000000000008,1.0
2026-02-02 19:43:00,5.96,5.0,0.192,1.0
2026-02-02 19:44:00,5.89,5.0,0.17799999999999994,1.0
2026-02-02 19:45:00,5.77,5.0,0.15399999999999991,1.0
2026-02-02 19:46:00,5.82,5.0,0.16400000000000006,1.0
2026-02-02 19:47:00,5.86,5.0,0.17200000000000007,1.0
2026-02-02 19:48:00,5.84,5.0,0.16799999999999998,1.0
2026-02-02 19:49:00,5.73,5.0,0.14600000000000007,1.0
2026-02-02 19:50:00,5.7,5.0,0.14000000000000004,1.0
2026-02-02 19:51:00,5.71,5.0,0.142,1.0
2026-02-02 19:52:00,5.66,5.0,0.13200000000000003,1.0
2026-02-02 19:53:00,5.66,5.0,0.13200000000000003,1.0
2026-02-02 19:54:00,5.6,5.0,0.11999999999999993,1.0
2026-02-02 19:55:00,5.51,5.0,0.10199999999999995,1.0
2026-02-02 19:56:00,5.49,5.0,0.09800000000000005,1.0
2026-02-02 19:57:00,5.45,5.0,0.09000000000000004,1.0
2026-02-02 19:58:00,5.48,5.0,0.09600000000000009,1.0
2026-02-02 19:59:00,5.54,5.0,0.10800000000000001,1.0
2026-02-02 20:00:00,5.41,5.0,0.08200000000000003,1.0
2026-02-02 20:01:00,5.32,5.0,0.06400000000000006,1.0
2026-02-02 20:02:00,5.36,5.0,0.07200000000000006,1.0
2026-02-02 20:03:00,5.5,5.0,0.1,1.0
2026-02-02 20:04:00,5.46,5.0,0.092,1.0
2026-02-02 20:05:00,5.53,5.0,0.10600000000000005,1.0
2026-02-02 20:06:00,5.5,5.0,0.1,1.0
2026-02-02 20:07:00,5.15,5.0,0.030000000000000072,1.0
2026-02-02 20:08:00,5.38,5.0,0.07599999999999998,1.0
2026-02-02 20:09:00,5.42,5.0,0.08399999999999999,1.0
2026-02-02 20:10:00,5.3,5.0,0.05999999999999996,1.0
2026-02-02 20:11:00,4.78,5.0,0.04399999999999995,0.9157088122605365
2026-02-02 20:12:00,4.78,5.0,0.04399999999999995,0.9157088122605365
2026-02-02 20:13:00,4.83,5.0,0.03399999999999999,0.9342359767891683
2026-02-02 20:14:00,4.8,5.0,0.040000000000000036,0.923076923076923
2026-02-02 20:15:00,4.8,5.0,0.040000000000000036,0.923076923076923
2026-02-02 20:16:00,4.86,5.0,0.027999999999999935,0.9455252918287939
2026-02-02 20:17:00,4.84,5.0,0.03200000000000003,0.937984496124031
2026-02-02 20:18:00,4.79,5.0,0.041999999999999996,0.9193857965451055
2026-02-02 20:19:00,4.73,5.0,0.053999999999999916,0.8975332068311197
2026-02-02 20:20:00,4.81,5.0,0.038000000000000075,0.9267822736030827
2026-02-02 20:21:00,4.69,5.0,0.06199999999999992,0.8832391713747648
2026-02-02 20:22:00,4.71,5.0,0.05800000000000001,0.8903591682419659
2026-02-02 20:23:00,4.69,5.0,0.06199999999999992,0.8832391713747648
2026-02-02 20:24:00,4.64,5.0,0.07200000000000006,0.8656716417910446
2026-02-02 20:25:00,4.71,5.0,0.05800000000000001,0.8903591682419659
2026-02-02 20:26:00,4.66,5.0,0.06799999999999998,0.8726591760299626
2026-02-02 20:27:00,4.72,5.0,0.05600000000000005,0.8939393939393938
2026-02-02 20:28:00,4.56,5.0,0.08800000000000008,0.838235294117647
2026-02-02 20:29:00,4.47,5.0,0.10600000000000005,0.8083182640144664
2026-02-02 20:30:00,4.45,5.0,0.10999999999999996,0.8018018018018019
2026-02-02 20:31:00,4.34,5.0,0.13200000000000003,0.7667844522968197
2026-02-02 20:32:00,4.45,5.0,0.10999999999999996,0.8018018018018019
2026-02-02 20:33:00,3.94,5.0,0.21200000000000002,0.6501650165016503
2026-02-02 20:34:00,5.36,5.0,0.07200000000000006,1.0
2026-02-02 20:35:00,5.58,5.0,0.11600000000000002,1.0
2026-02-02 20:36:00,5.5,5.0,0.1,1.0
2026-02-02 20:37:00,5.79,5.0,0.158,1.0
2026-02-02 20:38:00,5.67,5.0,0.13399999999999998,1.0
2026-02-02 20:39:00,5.62,5.0,0.12400000000000003,1.0
2026-02-02 20:40:00,5.73,5.0,0.14600000000000007,1.0
2026-02-02 20:41:00,5.8,5.0,0.15999999999999998,1.0
2026-02-02 20:42:00,6.14,5.0,0.22799999999999992,1.0
2026-02-02 20:43:00,6.18,5.0,0.23599999999999993,1.0
2026-02-02 20:44:00,6.1,5.0,0.21999999999999992,1.0
2026-02-02 20:45:00,5.97,5.0,0.19399999999999995,1.0
2026-02-02 20:46:00,5.99,5.0,0.19800000000000004,1.0
2026-02-02 20:47:00,6.0,5.0,0.2,1.0
2026-02-02 20:48:00,6.11,5.0,0.22200000000000006,1.0
2026-02-02 20:49:00,6.16,5.0,0.23200000000000004,1.0
2026-02-02 20:50:00,6.2,5.0,0.24000000000000005,1.0
2026-02-02 20:51:00,6.04,5.0,0.20800000000000002,1.0
2026-02-02 20:52:00,5.89,5.0,0.17799999999999994,1.0
2026-02-02 20:53:00,6.3,5.0,0.25999999999999995,1.0
2026-02-02 20:54:00,6.29,5.0,0.258,1.0
2026-02-02 20:55:00,6.29,5.0,0.258,1.0
2026-02-02 20:56:00,6.25,5.0,0.25,1.0
2026-02-02 20:57:00,6.31,5.0,0.2619999999999999,1.0
2026-02-02 20:58:00,6.23,5.0,0.24600000000000008,1.0
2026-02-02 20:59:00,6.16,5.0,0.23200000000000004,1.0
2026-02-02 21:00:00,6.13,5.0,0.22599999999999998,1.0
2026-02-02 21:01:00,6.2,5.0,0.24000000000000005,1.0
2026-02-02 21:02:00,6.08,5.0,0.21600000000000003,1.0
2026-02-02 21:03:00,6.07,5.0,0.21400000000000005,1.0
2026-02-02 21:04:00,6.14,5.0,0.22799999999999992,1.0
2026-02-02 21:05:00,6.1,5.0,0.21999999999999992,1.0
2026-02-02 21:06:00,5.69,5.0,0.13800000000000007,1.0
2026-02-02 21:07:00,6.08,5.0,0.21600000000000003,1.0
2026-02-02 21:08:00,6.03,5.0,0.20600000000000004,1.0
2026-02-02 21:09:00,6.05,5.0,0.20999999999999996,1.0
2026-02-02 21:10:00,6.08,5.0,0.21600000000000003,1.0
2026-02-02 21:11:00,6.06,5.0,0.2119999999999999,1.0
2026-02-02 21:12:00,5.94,5.0,0.18800000000000008,1.0
2026-02-02 21:13:00,6.04,5.0,0.20800000000000002,1.0
2026-02-02 21:14:00,6.17,5.0,0.23399999999999999,1.0
2026-02-02 21:15:00,6.16,5.0,0.23200000000000004,1.0
2026-02-02 21:16:00,6.12,5.0,0.22400000000000003,1.0
2026-02-02 21:17:00,6.11,5.0,0.22200000000000006,1.0
2026-02-02 21:18:00,6.11,5.0,0.22200000000000006,1.0
2026-02-02 21:19:00,6.06,5.0,0.2119999999999999,1.0
2026-02-02 21:20:00,6.18,5.0,0.23599999999999993,1.0
2026-02-02 21:21:00,6.2,5.0,0.24000000000000005,1.0
2026-02-02 21:22:00,6.17,5.0,0.23399999999999999,1.0
2026-02-02 21:23:00,6.06,5.0,0.2119999999999999,1.0
2026-02-02 21:24:00,6.07,5.0,0.21400000000000005,1.0
2026-02-02 21:25:00,6.21,5.0,0.242,1.0
2026-02-02 21:26:00,6.19,5.0,0.23800000000000007,1.0
2026-02-02 21:27:00,6.18,5.0,0.23599999999999993,1.0
2026-02-02 21:28:00,6.12,5.0,0.22400000000000003,1.0
2026-02-02 21:29:00,6.1,5.0,0.21999999999999992,1.0
2026-02-02 21:30:00,6.01,5.0,0.20199999999999996,1.0
2026-02-02 21:31:00,6.07,5.0,0.21400000000000005,1.0
2026-02-02 21:32:00,6.09,5.0,0.21799999999999997,1.0
2026-02-02 21:33:00,6.14,5.0,0.22799999999999992,1.0
2026-02-02 21:34:00,5.8,5.0,0.15999999999999998,1.0
2026-02-02 21:35:00,6.06,5.0,0.2119999999999999,1.0
2026-02-02 21:36:00,6.17,5.0,0.23399999999999999,1.0
2026-02-02 21:37:00,5.99,5.0,0.19800000000000004,1.0
2026-02-02 21:38:00,5.84,5.0,0.16799999999999998,1.0
2026-02-02 21:39:00,5.85,5.0,0.16999999999999993,1.0
2026-02-02 21:40:00,5.82,5.0,0.16400000000000006,1.0
2026-02-02 21:41:00,5.82,5.0,0.16400000000000006,1.0
2026-02-02 21:42:00,5.85,5.0,0.16999999999999993,1.0
2026-02-02 21:43:00,5.83,5.0,0.166,1.0
2026-02-02 21:44:00,5.83,5.0,0.166,1.0
2026-02-02 21:45:00,5.84,5.0,0.16799999999999998,1.0
2026-02-02 21:46:00,5.84,5.0,0.16799999999999998,1.0
2026-02-02 21:47:00,5.9,5.0,0.18000000000000008,1.0
2026-02-02 21:48:00,5.92,5.0,0.184,1.0
2026-02-02 21:49:00,5.97,5.0,0.19399999999999995,1.0
2026-02-02 21:50:00,5.82,5.0,0.16400000000000006,1.0
2026-02-02 21:51:00,5.79,5.0,0.158,1.0
2026-02-02 21:52:00,5.84,5.0,0.16799999999999998,1.0
2026-02-02 21:53:00,5.88,5.0,0.176,1.0
2026-02-02 21:54:00,5.91,5.0,0.18200000000000002,1.0
2026-02-02 21:55:00,5.56,5.0,0.11199999999999992,1.0
2026-02-02 21:56:00,5.5,5.0,0.1,1.0
2026-02-02 21:57:00,5.49,5.0,0.09800000000000005,1.0
2026-02-02 21:58:00,5.46,5.0,0.092,1.0
2026-02-02 22:00:00,5.47,5.0,0.09399999999999994,1.0
2026-02-02 22:01:00,5.35,5.0,0.06999999999999992,1.0
2026-02-02 22:02:00,4.75,5.0,0.05,0.9047619047619047
2026-02-02 22:03:00,5.83,5.0,0.166,1.0
2026-02-02 22:04:00,5.79,5.0,0.158,1.0
2026-02-02 22:05:00,5.99,5.0,0.19800000000000004,1.0
2026-02-02 22:06:00,5.96,5.0,0.192,1.0
2026-02-02 22:07:00,5.95,5.0,0.19000000000000003,1.0
2026-02-02 22:08:00,5.91,5.0,0.18200000000000002,1.0
2026-02-02 22:09:00,5.9,5.0,0.18000000000000008,1.0
2026-02-02 22:10:00,5.9,5.0,0.18000000000000008,1.0
2026-02-02 22:11:00,5.95,5.0,0.19000000000000003,1.0
2026-02-02 22:12:00,5.87,5.0,0.17400000000000002,1.0
2026-02-02 22:13:00,5.78,5.0,0.15600000000000006,1.0
2026-02-02 22:14:00,5.82,5.0,0.16400000000000006,1.0
2026-02-02 22:15:00,5.82,5.0,0.16400000000000006,1.0
2026-02-02 22:16:00,5.97,5.0,0.19399999999999995,1.0
2026-02-02 22:17:00,6.23,5.0,0.24600000000000008,1.0
2026-02-02 22:18:00,6.12,5.0,0.22400000000000003,1.0
2026-02-02 22:19:00,5.78,5.0,0.15600000000000006,1.0
2026-02-02 22:20:00,5.82,5.0,0.16400000000000006,1.0
2026-02-02 22:21:00,5.62,5.0,0.12400000000000003,1.0
2026-02-02 22:22:00,5.0,5.0,0.0,1.0
2026-02-02 22:23:00,5.52,5.0,0.10399999999999991,1.0
2026-02-02 22:24:00,5.51,5.0,0.10199999999999995,1.0
2026-02-02 22:25:00,5.53,5.0,0.10600000000000005,1.0
2026-02-02 22:26:00,5.74,5.0,0.14800000000000005,1.0
2026-02-02 22:27:00,5.68,5.0,0.13599999999999995,1.0
2026-02-02 22:28:00,5.58,5.0,0.11600000000000002,1.0
2026-02-02 22:29:00,5.64,5.0,0.12799999999999995,1.0
2026-02-02 22:30:00,5.59,5.0,0.11799999999999997,1.0
2026-02-02 22:31:00,5.56,5.0,0.11199999999999992,1.0
2026-02-02 22:33:00,5.88,5.0,0.176,1.0
2026-02-02 22:34:00,5.91,5.0,0.18200000000000002,1.0
2026-02-02 22:35:00,5.62,5.0,0.12400000000000003,1.0
2026-02-02 22:36:00,5.18,5.0,0.03599999999999994,1.0
2026-02-02 22:37:00,5.88,5.0,0.176,1.0
2026-02-02 22:38:00,5.88,5.0,0.176,1.0
2026-02-02 22:39:00,5.84,5.0,0.16799999999999998,1.0
2026-02-02 22:40:00,5.82,5.0,0.16400000000000006,1.0
2026-02-02 22:41:00,5.87,5.0,0.17400000000000002,1.0
2026-02-02 22:42:00,5.9,5.0,0.18000000000000008,1.0
2026-02-02 22:43:00,6.0,5.0,0.2,1.0
2026-02-02 22:44:00,6.0,5.0,0.2,1.0
2026-02-02 22:45:00,6.09,5.0,0.21799999999999997,1.0
2026-02-02 22:46:00,6.13,5.0,0.22599999999999998,1.0
2026-02-02 22:47:00,6.1,5.0,0.21999999999999992,1.0
2026-02-02 22:48:00,6.1,5.0,0.21999999999999992,1.0
2026-02-02 22:49:00,5.88,5.0,0.176,1.0
2026-02-02 22:50:00,5.81,5.0,0.16199999999999992,1.0
2026-02-02 22:51:00,5.83,5.0,0.166,1.0
2026-02-02 22:52:00,5.84,5.0,0.16799999999999998,1.0
2026-02-02 22:53:00,5.92,5.0,0.184,1.0
2026-02-02 22:54:00,6.22,5.0,0.24399999999999994,1.0
2026-02-02 22:55:00,6.22,5.0,0.24399999999999994,1.0
2026-02-02 22:56:00,5.98,5.0,0.1960000000000001,1.0
2026-02-02 22:57:00,5.71,5.0,0.142,1.0
2026-02-02 22:58:00,5.74,5.0,0.14800000000000005,1.0
2026-02-02 22:59:00,6.29,5.0,0.258,1.0
2026-02-02 23:00:00,6.24,5.0,0.24800000000000005,1.0
2026-02-02 23:01:00,6.29,5.0,0.258,1.0
2026-02-02 23:02:00,6.28,5.0,0.25600000000000006,1.0
2026-02-02 23:03:00,6.12,5.0,0.22400000000000003,1.0
2026-02-02 23:04:00,6.15,5.0,0.23000000000000007,1.0
2026-02-02 23:05:00,6.26,5.0,0.25199999999999995,1.0
2026-02-02 23:06:00,6.26,5.0,0.25199999999999995,1.0
2026-02-02 23:07:00,6.28,5.0,0.25600000000000006,1.0
2026-02-02 23:08:00,6.28,5.0,0.25600000000000006,1.0
2026-02-02 23:09:00,6.26,5.0,0.25199999999999995,1.0
2026-02-02 23:10:00,6.32,5.0,0.26400000000000007,1.0
2026-02-02 23:11:00,6.35,5.0,0.2699999999999999,1.0
2026-02-02 23:12:00,6.25,5.0,0.25,1.0
2026-02-02 23:13:00,6.23,5.0,0.24600000000000008,1.0
2026-02-02 23:14:00,6.2,5.0,0.24000000000000005,1.0
2026-02-02 23:15:00,6.18,5.0,0.23599999999999993,1.0
2026-02-02 23:16:00,6.31,5.0,0.2619999999999999,1.0
2026-02-02 23:17:00,6.29,5.0,0.258,1.0
2026-02-02 23:18:00,6.25,5.0,0.25,1.0
2026-02-02 23:19:00,6.24,5.0,0.24800000000000005,1.0
2026-02-02 23:20:00,6.18,5.0,0.23599999999999993,1.0
2026-02-02 23:21:00,6.16,5.0,0.23200000000000004,1.0
2026-02-02 23:22:00,6.13,5.0,0.22599999999999998,1.0
2026-02-02 23:23:00,6.12,5.0,0.22400000000000003,1.0
2026-02-02 23:24:00,6.1,5.0,0.21999999999999992,1.0
2026-02-02 23:25:00,6.09,5.0,0.21799999999999997,1.0
2026-02-02 23:26:00,6.13,5.0,0.22599999999999998,1.0
2026-02-02 23:27:00,6.19,5.0,0.23800000000000007,1.0
2026-02-02 23:28:00,6.07,5.0,0.21400000000000005,1.0
2026-02-02 23:29:00,6.03,5.0,0.20600000000000004,1.0
2026-02-02 23:30:00,6.13,5.0,0.22599999999999998,1.0
2026-02-02 23:31:00,6.04,5.0,0.20800000000000002,1.0
2026-02-02 23:32:00,6.1,5.0,0.21999999999999992,1.0
2026-02-02 23:33:00,6.18,5.0,0.23599999999999993,1.0
2026-02-02 23:35:00,6.16,5.0,0.23200000000000004,1.0
2026-02-02 23:36:00,6.11,5.0,0.22200000000000006,1.0
2026-02-02 23:37:00,6.07,5.0,0.21400000000000005,1.0
2026-02-02 23:38:00,6.01,5.0,0.20199999999999996,1.0
2026-02-02 23:39:00,6.1,5.0,0.21999999999999992,1.0
2026-02-02 23:40:00,6.07,5.0,0.21400000000000005,1.0
2026-02-02 23:41:00,6.16,5.0,0.23200000000000004,1.0
2026-02-02 23:42:00,6.28,5.0,0.25600000000000006,1.0
2026-02-02 23:43:00,6.28,5.0,0.25600000000000006,1.0
2026-02-02 23:44:00,6.27,5.0,0.2539999999999999,1.0
2026-02-02 23:45:00,6.32,5.0,0.26400000000000007,1.0
2026-02-02 23:46:00,6.32,5.0,0.26400000000000007,1.0
2026-02-02 23:47:00,6.29,5.0,0.258,1.0
2026-02-02 23:48:00,6.15,5.0,0.23000000000000007,1.0
2026-02-02 23:49:00,6.13,5.0,0.22599999999999998,1.0
2026-02-02 23:50:00,6.11,5.0,0.22200000000000006,1.0
2026-02-02 23:51:00,6.1,5.0,0.21999999999999992,1.0
2026-02-02 23:52:00,6.09,5.0,0.21799999999999997,1.0
2026-02-02 23:53:00,6.09,5.0,0.21799999999999997,1.0
2026-02-02 23:54:00,6.13,5.0,0.22599999999999998,1.0
2026-02-02 23:55:00,6.08,5.0,0.21600000000000003,1.0
2026-02-02 23:56:00,6.06,5.0,0.2119999999999999,1.0
2026-02-02 23:57:00,6.0,5.0,0.2,1.0
2026-02-02 23:58:00,5.35,5.0,0.06999999999999992,1.0
2026-02-02 23:59:00,5.36,5.0,0.07200000000000006,1.0
2026-02-03 00:00:00,5.37,5.0,0.07400000000000002,1.0
2026-02-03 00:01:00,5.34,5.0,0.06799999999999998,1.0
2026-02-03 00:02:00,5.63,5.0,0.12599999999999997,1.0
2026-02-03 00:03:00,5.54,5.0,0.10800000000000001,1.0
2026-02-03 00:04:00,5.83,5.0,0.166,1.0
2026-02-03 00:05:00,5.83,5.0,0.166,1.0
2026-02-03 00:06:00,5.86,5.0,0.17200000000000007,1.0
2026-02-03 00:07:00,5.87,5.0,0.17400000000000002,1.0
2026-02-03 00:08:00,5.45,5.0,0.09000000000000004,1.0
2026-02-03 00:09:00,5.45,5.0,0.09000000000000004,1.0
2026-02-03 00:10:00,5.96,5.0,0.192,1.0
2026-02-03 00:11:00,5.94,5.0,0.18800000000000008,1.0
2026-02-03 00:12:00,5.88,5.0,0.176,1.0
2026-02-03 00:13:00,5.84,5.0,0.16799999999999998,1.0
2026-02-03 00:14:00,5.84,5.0,0.16799999999999998,1.0
2026-02-03 00:15:00,5.93,5.0,0.18599999999999994,1.0
2026-02-03 00:16:00,6.02,5.0,0.2039999999999999,1.0
2026-02-03 00:17:00,6.02,5.0,0.2039999999999999,1.0
2026-02-03 00:18:00,6.0,5.0,0.2,1.0
2026-02-03 00:19:00,6.01,5.0,0.20199999999999996,1.0
2026-02-03 00:20:00,6.1,5.0,0.21999999999999992,1.0
2026-02-03 00:21:00,6.09,5.0,0.21799999999999997,1.0
2026-02-03 00:22:00,6.04,5.0,0.20800000000000002,1.0
2026-02-03 00:23:00,6.0,5.0,0.2,1.0
2026-02-03 00:24:00,5.96,5.0,0.192,1.0
2026-02-03 00:25:00,5.99,5.0,0.19800000000000004,1.0
2026-02-03 00:26:00,5.94,5.0,0.18800000000000008,1.0
2026-02-03 00:27:00,5.96,5.0,0.192,1.0
2026-02-03 00:28:00,5.96,5.0,0.192,1.0
2026-02-03 00:29:00,6.04,5.0,0.20800000000000002,1.0
2026-02-03 00:30:00,6.05,5.0,0.20999999999999996,1.0
2026-02-03 00:31:00,6.1,5.0,0.21999999999999992,1.0
2026-02-03 00:32:00,6.09,5.0,0.21799999999999997,1.0
2026-02-03 00:33:00,6.03,5.0,0.20600000000000004,1.0
2026-02-03 00:34:00,6.09,5.0,0.21799999999999997,1.0
2026-02-03 00:35:00,6.27,5.0,0.2539999999999999,1.0
2026-02-03 00:36:00,6.2,5.0,0.24000000000000005,1.0
2026-02-03 00:37:00,6.16,5.0,0.23200000000000004,1.0
2026-02-03 00:38:00,6.16,5.0,0.23200000000000004,1.0
2026-02-03 00:39:00,6.13,5.0,0.22599999999999998,1.0
2026-02-03 00:40:00,6.16,5.0,0.23200000000000004,1.0
2026-02-03 00:41:00,6.22,5.0,0.24399999999999994,1.0
2026-02-03 00:42:00,6.22,5.0,0.24399999999999994,1.0
2026-02-03 00:43:00,6.18,5.0,0.23599999999999993,1.0
2026-02-03 00:44:00,6.26,5.0,0.25199999999999995,1.0
2026-02-03 00:45:00,6.17,5.0,0.23399999999999999,1.0
2026-02-03 00:46:00,6.21,5.0,0.242,1.0
2026-02-03 00:47:00,6.17,5.0,0.23399999999999999,1.0
2026-02-03 00:48:00,5.92,5.0,0.184,1.0
2026-02-03 00:49:00,5.92,5.0,0.184,1.0
2026-02-03 00:50:00,5.85,5.0,0.16999999999999993,1.0
2026-02-03 00:51:00,5.95,5.0,0.19000000000000003,1.0
2026-02-03 00:52:00,5.75,5.0,0.15,1.0
2026-02-03 00:53:00,5.92,5.0,0.184,1.0
2026-02-03 00:54:00,5.85,5.0,0.16999999999999993,1.0
2026-02-03 00:55:00,5.88,5.0,0.176,1.0
2026-02-03 00:56:00,5.87,5.0,0.17400000000000002,1.0
2026-02-03 00:57:00,5.91,5.0,0.18200000000000002,1.0
2026-02-03 00:58:00,5.88,5.0,0.176,1.0
2026-02-03 00:59:00,5.94,5.0,0.18800000000000008,1.0
2026-02-03 01:00:00,5.93,5.0,0.18599999999999994,1.0
2026-02-03 01:01:00,5.96,5.0,0.192,1.0
2026-02-03 01:02:00,6.03,5.0,0.20600000000000004,1.0
2026-02-03 01:03:00,6.07,5.0,0.21400000000000005,1.0
2026-02-03 01:04:00,6.09,5.0,0.21799999999999997,1.0
2026-02-03 01:05:00,6.06,5.0,0.2119999999999999,1.0
2026-02-03 01:06:00,6.11,5.0,0.22200000000000006,1.0
2026-02-03 01:07:00,6.12,5.0,0.22400000000000003,1.0
2026-02-03 01:08:00,6.13,5.0,0.22599999999999998,1.0
2026-02-03 01:09:00,6.15,5.0,0.23000000000000007,1.0
2026-02-03 01:10:00,6.09,5.0,0.21799999999999997,1.0
2026-02-03 01:11:00,6.09,5.0,0.21799999999999997,1.0
2026-02-03 01:12:00,6.1,5.0,0.21999999999999992,1.0
2026-02-03 01:13:00,6.16,5.0,0.23200000000000004,1.0
2026-02-03 01:14:00,6.15,5.0,0.23000000000000007,1.0
2026-02-03 01:15:00,6.17,5.0,0.23399999999999999,1.0
2026-02-03 01:16:00,6.16,5.0,0.23200000000000004,1.0
2026-02-03 01:17:00,6.25,5.0,0.25,1.0
2026-02-03 01:18:00,6.08,5.0,0.21600000000000003,1.0
2026-02-03 01:19:00,5.98,5.0,0.1960000000000001,1.0
2026-02-03 01:20:00,6.02,5.0,0.2039999999999999,1.0
2026-02-03 01:21:00,6.12,5.0,0.22400000000000003,1.0
2026-02-03 01:22:00,6.0,5.0,0.2,1.0
2026-02-03 01:23:00,6.1,5.0,0.21999999999999992,1.0
2026-02-03 01:24:00,6.18,5.0,0.23599999999999993,1.0
2026-02-03 01:25:00,6.12,5.0,0.22400000000000003,1.0
2026-02-03 01:26:00,6.11,5.0,0.22200000000000006,1.0
2026-02-03 01:27:00,6.2,5.0,0.24000000000000005,1.0
2026-02-03 01:28:00,6.1,5.0,0.21999999999999992,1.0
2026-02-03 01:29:00,6.15,5.0,0.23000000000000007,1.0
2026-02-03 01:30:00,6.03,5.0,0.20600000000000004,1.0
2026-02-03 01:31:00,5.97,5.0,0.19399999999999995,1.0
2026-02-03 01:32:00,6.0,5.0,0.2,1.0
2026-02-03 01:33:00,5.95,5.0,0.19000000000000003,1.0
2026-02-03 01:34:00,5.96,5.0,0.192,1.0
2026-02-03 01:35:00,5.97,5.0,0.19399999999999995,1.0
2026-02-03 01:36:00,5.98,5.0,0.1960000000000001,1.0
2026-02-03 01:37:00,5.87,5.0,0.17400000000000002,1.0
2026-02-03 01:38:00,5.91,5.0,0.18200000000000002,1.0
2026-02-03 01:39:00,6.0,5.0,0.2,1.0
2026-02-03 01:40:00,5.94,5.0,0.18800000000000008,1.0
2026-02-03 01:41:00,5.94,5.0,0.18800000000000008,1.0
2026-02-03 01:42:00,5.89,5.0,0.17799999999999994,1.0
2026-02-03 01:43:00,5.92,5.0,0.184,1.0
2026-02-03 01:44:00,5.9,5.0,0.18000000000000008,1.0
2026-02-03 01:45:00,5.82,5.0,0.16400000000000006,1.0
2026-02-03 01:46:00,5.74,5.0,0.14800000000000005,1.0
2026-02-03 01:47:00,5.74,5.0,0.14800000000000005,1.0
2026-02-03 01:48:00,5.83,5.0,0.166,1.0
2026-02-03 01:49:00,5.75,5.0,0.15,1.0
2026-02-03 01:50:00,5.64,5.0,0.12799999999999995,1.0
2026-02-03 01:51:00,5.64,5.0,0.12799999999999995,1.0
2026-02-03 01:52:00,5.62,5.0,0.12400000000000003,1.0
2026-02-03 01:53:00,5.58,5.0,0.11600000000000002,1.0
2026-02-03 01:54:00,5.64,5.0,0.12799999999999995,1.0
2026-02-03 01:55:00,5.61,5.0,0.12200000000000007,1.0
2026-02-03 01:56:00,5.58,5.0,0.11600000000000002,1.0
2026-02-03 01:57:00,5.57,5.0,0.11400000000000006,1.0
2026-02-03 01:58:00,5.66,5.0,0.13200000000000003,1.0
2026-02-03 01:59:00,5.68,5.0,0.13599999999999995,1.0
2026-02-03 02:00:00,5.67,5.0,0.13399999999999998,1.0
2026-02-03 02:01:00,5.64,5.0,0.12799999999999995,1.0
2026-02-03 02:02:00,5.58,5.0,0.11600000000000002,1.0
2026-02-03 02:03:00,5.56,5.0,0.11199999999999992,1.0
2026-02-03 02:04:00,5.47,5.0,0.09399999999999994,1.0
2026-02-03 02:05:00,5.47,5.0,0.09399999999999994,1.0
2026-02-03 02:06:00,5.44,5.0,0.08800000000000008,1.0
2026-02-03 02:07:00,5.47,5.0,0.09399999999999994,1.0
2026-02-03 02:08:00,5.4,5.0,0.08000000000000007,1.0
2026-02-03 02:09:00,5.34,5.0,0.06799999999999998,1.0
2026-02-03 02:10:00,5.39,5.0,0.07799999999999993,1.0
2026-02-03 02:11:00,5.33,5.0,0.06600000000000002,1.0
2026-02-03 02:12:00,5.39,5.0,0.07799999999999993,1.0
2026-02-03 02:13:00,5.3,5.0,0.05999999999999996,1.0
2026-02-03 02:14:00,5.24,5.0,0.04800000000000004,1.0
2026-02-03 02:15:00,5.22,5.0,0.04399999999999995,1.0
2026-02-03 02:16:00,5.32,5.0,0.06400000000000006,1.0
2026-02-03 02:17:00,5.27,5.0,0.053999999999999916,1.0
2026-02-03 02:18:00,5.4,5.0,0.08000000000000007,1.0
2026-02-03 02:19:00,5.33,5.0,0.06600000000000002,1.0
2026-02-03 02:20:00,5.38,5.0,0.07599999999999998,1.0
2026-02-03 02:21:00,5.26,5.0,0.051999999999999956,1.0
2026-02-03 02:22:00,5.32,5.0,0.06400000000000006,1.0
2026-02-03 02:23:00,5.16,5.0,0.03200000000000003,1.0
2026-02-03 02:24:00,5.35,5.0,0.06999999999999992,1.0
2026-02-03 02:25:00,5.24,5.0,0.04800000000000004,1.0
2026-02-03 02:26:00,5.16,5.0,0.03200000000000003,1.0
2026-02-03 02:27:00,5.2,5.0,0.040000000000000036,1.0
2026-02-03 02:28:00,5.22,5.0,0.04399999999999995,1.0
2026-02-03 02:29:00,5.26,5.0,0.051999999999999956,1.0
2026-02-03 02:30:00,5.29,5.0,0.05800000000000001,1.0
2026-02-03 02:31:00,5.13,5.0,0.025999999999999978,1.0
2026-02-03 02:32:00,5.32,5.0,0.06400000000000006,1.0
2026-02-03 02:33:00,5.19,5.0,0.038000000000000075,1.0
2026-02-03 02:34:00,5.16,5.0,0.03200000000000003,1.0
2026-02-03 02:35:00,5.13,5.0,0.025999999999999978,1.0
2026-02-03 02:36:00,5.06,5.0,0.011999999999999922,1.0
2026-02-03 02:37:00,5.15,5.0,0.030000000000000072,1.0
2026-02-03 02:38:00,5.17,5.0,0.03399999999999999,1.0
2026-02-03 02:39:00,5.13,5.0,0.025999999999999978,1.0
2026-02-03 02:40:00,5.15,5.0,0.030000000000000072,1.0
2026-02-03 02:41:00,5.18,5.0,0.03599999999999994,1.0
2026-02-03 02:42:00,5.18,5.0,0.03599999999999994,1.0
2026-02-03 02:43:00,5.09,5.0,0.01799999999999997,1.0
2026-02-03 02:44:00,5.13,5.0,0.025999999999999978,1.0
2026-02-03 02:45:00,5.12,5.0,0.02400000000000002,1.0
2026-02-03 02:46:00,5.14,5.0,0.027999999999999935,1.0
2026-02-03 02:47:00,5.19,5.0,0.038000000000000075,1.0
2026-02-03 02:48:00,5.19,5.0,0.038000000000000075,1.0
2026-02-03 02:49:00,5.2,5.0,0.040000000000000036,1.0
2026-02-03 02:50:00,5.33,5.0,0.06600000000000002,1.0
2026-02-03 02:51:00,5.2,5.0,0.040000000000000036,1.0
2026-02-03 02:52:00,5.21,5.0,0.041999999999999996,1.0
2026-02-03 02:53:00,5.15,5.0,0.030000000000000072,1.0
2026-02-03 02:54:00,5.1,5.0,0.019999999999999928,1.0
2026-02-03 02:55:00,5.13,5.0,0.025999999999999978,1.0
2026-02-03 02:56:00,5.14,5.0,0.027999999999999935,1.0
2026-02-03 02:57:00,5.02,5.0,0.003999999999999915,1.0
2026-02-03 02:58:00,5.04,5.0,0.008000000000000007,1.0
2026-02-03 02:59:00,4.99,5.0,0.0019999999999999575,0.9960079840319361
2026-02-03 03:00:00,5.02,5.0,0.003999999999999915,1.0
2026-02-03 03:01:00,5.06,5.0,0.011999999999999922,1.0
2026-02-03 03:02:00,4.98,5.0,0.003999999999999915,0.9920318725099603
2026-02-03 03:03:00,4.86,5.0,0.027999999999999935,0.9455252918287939
2026-02-03 03:04:00,4.87,5.0,0.025999999999999978,0.949317738791423
2026-02-03 03:05:00,4.9,5.0,0.019999999999999928,0.9607843137254902
2026-02-03 03:06:00,4.81,5.0,0.038000000000000075,0.9267822736030827
2026-02-03 03:07:00,4.81,5.0,0.038000000000000075,0.9267822736030827
2026-02-03 03:08:00,4.74,5.0,0.051999999999999956,0.9011406844106464
2026-02-03 03:09:00,4.75,5.0,0.05,0.9047619047619047
2026-02-03 03:10:00,4.76,5.0,0.04800000000000004,0.9083969465648855
2026-02-03 03:11:00,4.74,5.0,0.051999999999999956,0.9011406844106464
2026-02-03 03:12:00,4.78,5.0,0.04399999999999995,0.9157088122605365
2026-02-03 03:13:00,4.71,5.0,0.05800000000000001,0.8903591682419659
2026-02-03 03:14:00,4.68,5.0,0.06400000000000006,0.8796992481203006
2026-02-03 03:15:00,4.69,5.0,0.06199999999999992,0.8832391713747648
2026-02-03 03:16:00,4.72,5.0,0.05600000000000005,0.8939393939393938
2026-02-03 03:17:00,4.75,5.0,0.05,0.9047619047619047
2026-02-03 03:18:00,4.78,5.0,0.04399999999999995,0.9157088122605365
2026-02-03 03:19:00,4.83,5.0,0.03399999999999999,0.9342359767891683
2026-02-03 03:20:00,4.84,5.0,0.03200000000000003,0.937984496124031
2026-02-03 03:21:00,4.76,5.0,0.04800000000000004,0.9083969465648855
2026-02-03 03:22:00,4.71,5.0,0.05800000000000001,0.8903591682419659
2026-02-03 03:23:00,4.78,5.0,0.04399999999999995,0.9157088122605365
2026-02-03 03:24:00,4.76,5.0,0.04800000000000004,0.9083969465648855
2026-02-03 03:25:00,4.74,5.0,0.051999999999999956,0.9011406844106464
2026-02-03 03:26:00,4.8,5.0,0.040000000000000036,0.923076923076923
2026-02-03 03:27:00,4.76,5.0,0.04800000000000004,0.9083969465648855
2026-02-03 03:28:00,4.83,5.0,0.03399999999999999,0.9342359767891683
2026-02-03 03:29:00,4.84,5.0,0.03200000000000003,0.937984496124031
2026-02-03 03:30:00,4.86,5.0,0.027999999999999935,0.9455252918287939
2026-02-03 03:31:00,4.82,5.0,0.03599999999999994,0.9305019305019305
2026-02-03 03:32:00,4.87,5.0,0.025999999999999978,0.949317738791423
2026-02-03 03:33:00,4.89,5.0,0.022000000000000065,0.9569471624266145
2026-02-03 03:34:00,4.87,5.0,0.025999999999999978,0.949317738791423
2026-02-03 03:35:00,4.88,5.0,0.02400000000000002,0.953125
2026-02-03 03:36:00,4.87,5.0,0.025999999999999978,0.949317738791423
2026-02-03 03:37:00,4.9,5.0,0.019999999999999928,0.9607843137254902
2026-02-03 03:38:00,4.95,5.0,0.009999999999999964,0.9801980198019802
2026-02-03 03:39:00,4.86,5.0,0.027999999999999935,0.9455252918287939
2026-02-03 03:40:00,4.85,5.0,0.030000000000000072,0.9417475728155339
2026-02-03 03:41:00,4.87,5.0,0.025999999999999978,0.949317738791423
2026-02-03 03:42:00,4.94,5.0,0.011999999999999922,0.9762845849802373
2026-02-03 03:43:00,4.91,5.0,0.01799999999999997,0.9646365422396856
2026-02-03 03:44:00,4.91,5.0,0.01799999999999997,0.9646365422396856
2026-02-03 03:45:00,4.94,5.0,0.011999999999999922,0.9762845849802373
2026-02-03 03:46:00,4.88,5.0,0.02400000000000002,0.953125
2026-02-03 03:47:00,4.85,5.0,0.030000000000000072,0.9417475728155339
2026-02-03 03:48:00,4.89,5.0,0.022000000000000065,0.9569471624266145
2026-02-03 03:49:00,4.88,5.0,0.02400000000000002,0.953125
2026-02-03 03:50:00,4.55,5.0,0.09000000000000004,0.8348623853211008
2026-02-03 03:51:00,4.56,5.0,0.08800000000000008,0.838235294117647
2026-02-03 03:52:00,4.6,5.0,0.08000000000000007,0.8518518518518517
2026-02-03 03:53:00,4.58,5.0,0.08399999999999999,0.8450184501845018
2026-02-03 03:54:00,4.56,5.0,0.08800000000000008,0.838235294117647
2026-02-03 03:55:00,4.67,5.0,0.06600000000000002,0.8761726078799249
2026-02-03 03:56:00,4.68,5.0,0.06400000000000006,0.8796992481203006
2026-02-03 03:57:00,4.67,5.0,0.06600000000000002,0.8761726078799249
2026-02-03 04:00:00,4.55,5.0,0.09000000000000004,0.8348623853211008
2026-02-03 04:01:00,4.54,5.0,0.092,0.8315018315018314
2026-02-03 04:02:00,4.72,5.0,0.05600000000000005,0.8939393939393938
2026-02-03 04:03:00,4.65,5.0,0.06999999999999992,0.8691588785046731
2026-02-03 04:04:00,4.69,5.0,0.06199999999999992,0.8832391713747648
2026-02-03 04:05:00,4.74,5.0,0.051999999999999956,0.9011406844106464
2026-02-03 04:06:00,4.6,5.0,0.08000000000000007,0.8518518518518517
2026-02-03 04:07:00,4.6,5.0,0.08000000000000007,0.8518518518518517
2026-02-03 04:08:00,4.61,5.0,0.07799999999999993,0.855287569573284
2026-02-03 04:09:00,4.6,5.0,0.08000000000000007,0.8518518518518517
2026-02-03 04:10:00,4.59,5.0,0.08200000000000003,0.8484288354898335
2026-02-03 04:11:00,4.55,5.0,0.09000000000000004,0.8348623853211008
2026-02-03 04:12:00,4.57,5.0,0.08599999999999994,0.8416206261510131
2026-02-03 04:13:00,4.57,5.0,0.08599999999999994,0.8416206261510131
2026-02-03 04:14:00,4.58,5.0,0.08399999999999999,0.8450184501845018
2026-02-03 04:15:00,4.6,5.0,0.08000000000000007,0.8518518518518517
2026-02-03 04:16:00,4.59,5.0,0.08200000000000003,0.8484288354898335
2026-02-03 04:17:00,4.54,5.0,0.092,0.8315018315018314
2026-02-03 04:18:00,4.58,5.0,0.08399999999999999,0.8450184501845018
2026-02-03 04:19:00,4.62,5.0,0.07599999999999998,0.8587360594795539
2026-02-03 04:20:00,4.61,5.0,0.07799999999999993,0.855287569573284
2026-02-03 04:21:00,4.59,5.0,0.08200000000000003,0.8484288354898335
2026-02-03 04:22:00,4.69,5.0,0.06199999999999992,0.8832391713747648
2026-02-03 04:23:00,4.57,5.0,0.08599999999999994,0.8416206261510131
2026-02-03 04:24:00,4.5,5.0,0.1,0.8181818181818181
2026-02-03 04:25:00,4.49,5.0,0.10199999999999995,0.8148820326678767
2026-02-03 04:26:00,4.54,5.0,0.092,0.8315018315018314
2026-02-03 04:27:00,4.5,5.0,0.1,0.8181818181818181
2026-02-03 04:28:00,4.5,5.0,0.1,0.8181818181818181
2026-02-03 04:29:00,4.51,5.0,0.09800000000000005,0.8214936247723131
2026-02-03 04:30:00,4.99,5.0,0.0019999999999999575,0.9960079840319361
2026-02-03 04:31:00,5.41,5.0,0.08200000000000003,1.0
2026-02-03 04:32:00,5.53,5.0,0.10600000000000005,1.0
2026-02-03 04:33:00,5.51,5.0,0.10199999999999995,1.0
2026-02-03 04:34:00,5.39,5.0,0.07799999999999993,1.0
2026-02-03 04:35:00,5.35,5.0,0.06999999999999992,1.0
2026-02-03 04:36:00,5.37,5.0,0.07400000000000002,1.0
2026-02-03 04:37:00,5.34,5.0,0.06799999999999998,1.0
2026-02-03 04:38:00,5.29,5.0,0.05800000000000001,1.0
2026-02-03 04:39:00,5.26,5.0,0.051999999999999956,1.0
2026-02-03 04:40:00,5.17,5.0,0.03399999999999999,1.0
2026-02-03 04:41:00,5.14,5.0,0.027999999999999935,1.0
2026-02-03 04:42:00,5.25,5.0,0.05,1.0
2026-02-03 04:43:00,5.24,5.0,0.04800000000000004,1.0
2026-02-03 04:44:00,5.22,5.0,0.04399999999999995,1.0
2026-02-03 04:45:00,5.22,5.0,0.04399999999999995,1.0
2026-02-03 04:46:00,5.28,5.0,0.05600000000000005,1.0
2026-02-03 04:47:00,5.31,5.0,0.06199999999999992,1.0
2026-02-03 04:48:00,5.21,5.0,0.041999999999999996,1.0
2026-02-03 04:49:00,5.12,5.0,0.02400000000000002,1.0
2026-02-03 04:50:00,5.11,5.0,0.022000000000000065,1.0
2026-02-03 04:51:00,5.22,5.0,0.04399999999999995,1.0
2026-02-03 04:52:00,5.18,5.0,0.03599999999999994,1.0
2026-02-03 04:53:00,5.05,5.0,0.009999999999999964,1.0
2026-02-03 04:54:00,5.08,5.0,0.016000000000000014,1.0
2026-02-03 04:55:00,5.07,5.0,0.014000000000000058,1.0
2026-02-03 04:56:00,5.13,5.0,0.025999999999999978,1.0
2026-02-03 04:57:00,5.24,5.0,0.04800000000000004,1.0
2026-02-03 04:58:00,5.21,5.0,0.041999999999999996,1.0
2026-02-03 04:59:00,5.19,5.0,0.038000000000000075,1.0
2026-02-03 05:00:00,5.18,5.0,0.03599999999999994,1.0
2026-02-03 05:01:00,5.25,5.0,0.05,1.0
2026-02-03 05:02:00,5.26,5.0,0.051999999999999956,1.0
2026-02-03 05:03:00,5.24,5.0,0.04800000000000004,1.0
2026-02-03 05:04:00,5.11,5.0,0.022000000000000065,1.0
2026-02-03 05:05:00,4.88,5.0,0.02400000000000002,0.953125
2026-02-03 05:06:00,4.88,5.0,0.02400000000000002,0.953125
2026-02-03 05:07:00,4.97,5.0,0.0060000000000000496,0.9880715705765407
2026-02-03 05:08:00,4.91,5.0,0.01799999999999997,0.9646365422396856
2026-02-03 05:09:00,5.01,5.0,0.0019999999999999575,1.0
2026-02-03 05:10:00,4.8,5.0,0.040000000000000036,0.923076923076923
2026-02-03 05:11:00,4.45,5.0,0.10999999999999996,0.8018018018018019
2026-02-03 05:12:00,4.47,5.0,0.10600000000000005,0.8083182640144664
2026-02-03 05:13:00,4.29,5.0,0.142,0.7513134851138354
2026-02-03 05:14:00,4.52,5.0,0.09600000000000009,0.8248175182481751
2026-02-03 05:15:00,4.47,5.0,0.10600000000000005,0.8083182640144664
2026-02-03 05:16:00,4.33,5.0,0.13399999999999998,0.763668430335097
2026-02-03 05:17:00,4.58,5.0,0.08399999999999999,0.8450184501845018
2026-02-03 05:18:00,4.44,5.0,0.11199999999999992,0.7985611510791369
2026-02-03 05:19:00,4.31,5.0,0.13800000000000007,0.7574692442882248
2026-02-03 05:20:00,4.48,5.0,0.10399999999999991,0.8115942028985509
2026-02-03 05:21:00,4.71,5.0,0.05800000000000001,0.8903591682419659
2026-02-03 05:22:00,4.62,5.0,0.07599999999999998,0.8587360594795539
2026-02-03 05:23:00,4.7,5.0,0.05999999999999996,0.8867924528301887
2026-02-03 05:24:00,4.38,5.0,0.12400000000000003,0.7793594306049821
2026-02-03 05:25:00,4.4,5.0,0.11999999999999993,0.7857142857142859
2026-02-03 05:26:00,4.36,5.0,0.12799999999999995,0.773049645390071
2026-02-03 05:27:00,4.44,5.0,0.11199999999999992,0.7985611510791369
2026-02-03 05:28:00,4.4,5.0,0.11999999999999993,0.7857142857142859
2026-02-03 05:29:00,4.36,5.0,0.12799999999999995,0.773049645390071
2026-02-03 05:30:00,4.55,5.0,0.09000000000000004,0.8348623853211008
2026-02-03 05:31:00,4.48,5.0,0.10399999999999991,0.8115942028985509
2026-02-03 05:32:00,4.51,5.0,0.09800000000000005,0.8214936247723131
2026-02-03 05:33:00,4.53,5.0,0.09399999999999994,0.8281535648994517
2026-02-03 05:34:00,4.58,5.0,0.08399999999999999,0.8450184501845018
2026-02-03 05:35:00,4.5,5.0,0.1,0.8181818181818181
2026-02-03 05:36:00,4.32,5.0,0.13599999999999995,0.7605633802816903
2026-02-03 05:37:00,4.28,5.0,0.14399999999999996,0.7482517482517484
2026-02-03 05:38:00,4.4,5.0,0.11999999999999993,0.7857142857142859
2026-02-03 05:39:00,4.47,5.0,0.10600000000000005,0.8083182640144664
2026-02-03 05:40:00,4.74,5.0,0.051999999999999956,0.9011406844106464
2026-02-03 05:41:00,4.55,5.0,0.09000000000000004,0.8348623853211008
2026-02-03 05:42:00,4.72,5.0,0.05600000000000005,0.8939393939393938
2026-02-03 05:43:00,4.77,5.0,0.04600000000000008,0.9120458891013383
2026-02-03 05:44:00,4.84,5.0,0.03200000000000003,0.937984496124031
2026-02-03 05:45:00,4.83,5.0,0.03399999999999999,0.9342359767891683
2026-02-03 05:46:00,4.82,5.0,0.03599999999999994,0.9305019305019305
2026-02-03 05:47:00,4.83,5.0,0.03399999999999999,0.9342359767891683
2026-02-03 05:48:00,4.92,5.0,0.016000000000000014,0.968503937007874
2026-02-03 05:49:00,4.87,5.0,0.025999999999999978,0.949317738791423
2026-02-03 05:50:00,4.81,5.0,0.038000000000000075,0.9267822736030827
2026-02-03 05:51:00,4.88,5.0,0.02400000000000002,0.953125
2026-02-03 05:52:00,4.88,5.0,0.02400000000000002,0.953125
2026-02-03 05:53:00,4.94,5.0,0.011999999999999922,0.9762845849802373
2026-02-03 05:54:00,4.92,5.0,0.016000000000000014,0.968503937007874
2026-02-03 05:55:00,4.92,5.0,0.016000000000000014,0.968503937007874
2026-02-03 05:56:00,4.89,5.0,0.022000000000000065,0.9569471624266145
2026-02-03 05:57:00,4.97,5.0,0.0060000000000000496,0.9880715705765407
2026-02-03 05:58:00,4.9,5.0,0.019999999999999928,0.9607843137254902
2026-02-03 05:59:00,4.89,5.0,0.022000000000000065,0.9569471624266145
2026-02-03 06:00:00,4.9,5.0,0.019999999999999928,0.9607843137254902
2026-02-03 06:01:00,4.91,5.0,0.01799999999999997,0.9646365422396856
2026-02-03 06:02:00,4.93,5.0,0.014000000000000058,0.9723865877712031
2026-02-03 06:03:00,4.93,5.0,0.014000000000000058,0.9723865877712031
2026-02-03 06:04:00,4.96,5.0,0.008000000000000007,0.9841269841269841
2026-02-03 06:05:00,5.06,5.0,0.011999999999999922,1.0
2026-02-03 06:06:00,4.94,5.0,0.011999999999999922,0.9762845849802373
2026-02-03 06:07:00,4.99,5.0,0.0019999999999999575,0.9960079840319361
2026-02-03 06:08:00,5.07,5.0,0.014000000000000058,1.0
2026-02-03 06:09:00,5.07,5.0,0.014000000000000058,1.0
2026-02-03 06:10:00,4.94,5.0,0.011999999999999922,0.9762845849802373
2026-02-03 06:11:00,4.86,5.0,0.027999999999999935,0.9455252918287939
2026-02-03 06:12:00,4.9,5.0,0.019999999999999928,0.9607843137254902
2026-02-03 06:13:00,4.86,5.0,0.027999999999999935,0.9455252918287939
2026-02-03 06:14:00,4.76,5.0,0.04800000000000004,0.9083969465648855
2026-02-03 06:15:00,4.86,5.0,0.027999999999999935,0.9455252918287939
2026-02-03 06:16:00,4.86,5.0,0.027999999999999935,0.9455252918287939
2026-02-03 06:17:00,4.84,5.0,0.03200000000000003,0.937984496124031
2026-02-03 06:18:00,4.83,5.0,0.03399999999999999,0.9342359767891683
2026-02-03 06:19:00,4.82,5.0,0.03599999999999994,0.9305019305019305
2026-02-03 06:20:00,4.77,5.0,0.04600000000000008,0.9120458891013383
2026-02-03 06:21:00,4.8,5.0,0.040000000000000036,0.923076923076923
2026-02-03 06:22:00,4.97,5.0,0.0060000000000000496,0.9880715705765407
2026-02-03 06:23:00,5.0,5.0,0.0,1.0
2026-02-03 06:24:00,4.94,5.0,0.011999999999999922,0.9762845849802373
2026-02-03 06:25:00,4.93,5.0,0.014000000000000058,0.9723865877712031
2026-02-03 06:26:00,5.03,5.0,0.0060000000000000496,1.0
2026-02-03 06:27:00,5.02,5.0,0.003999999999999915,1.0
2026-02-03 06:28:00,4.99,5.0,0.0019999999999999575,0.9960079840319361
2026-02-03 06:29:00,5.01,5.0,0.0019999999999999575,1.0
2026-02-03 06:30:00,5.13,5.0,0.025999999999999978,1.0
2026-02-03 06:31:00,5.0,5.0,0.0,1.0
2026-02-03 06:32:00,4.97,5.0,0.0060000000000000496,0.9880715705765407
2026-02-03 06:33:00,5.04,5.0,0.008000000000000007,1.0
2026-02-03 06:34:00,5.1,5.0,0.019999999999999928,1.0
2026-02-03 06:35:00,5.03,5.0,0.0060000000000000496,1.0
2026-02-03 06:36:00,5.06,5.0,0.011999999999999922,1.0
2026-02-03 06:37:00,5.0,5.0,0.0,1.0
2026-02-03 06:38:00,5.01,5.0,0.0019999999999999575,1.0
2026-02-03 06:39:00,5.05,5.0,0.009999999999999964,1.0
2026-02-03 06:40:00,5.0,5.0,0.0,1.0
2026-02-03 06:41:00,4.9,5.0,0.019999999999999928,0.9607843137254902
2026-02-03 06:42:00,4.92,5.0,0.016000000000000014,0.968503937007874
2026-02-03 06:43:00,4.92,5.0,0.016000000000000014,0.968503937007874
2026-02-03 06:44:00,4.88,5.0,0.02400000000000002,0.953125
2026-02-03 06:45:00,4.79,5.0,0.041999999999999996,0.9193857965451055
2026-02-03 06:46:00,4.81,5.0,0.038000000000000075,0.9267822736030827
2026-02-03 06:47:00,4.76,5.0,0.04800000000000004,0.9083969465648855
2026-02-03 06:48:00,4.86,5.0,0.027999999999999935,0.9455252918287939
2026-02-03 06:49:00,4.77,5.0,0.04600000000000008,0.9120458891013383
2026-02-03 06:50:00,4.79,5.0,0.041999999999999996,0.9193857965451055
2026-02-03 06:51:00,4.76,5.0,0.04800000000000004,0.9083969465648855
2026-02-03 06:52:00,4.55,5.0,0.09000000000000004,0.8348623853211008
2026-02-03 06:53:00,4.53,5.0,0.09399999999999994,0.8281535648994517
2026-02-03 06:54:00,4.61,5.0,0.07799999999999993,0.855287569573284
2026-02-03 06:55:00,4.59,5.0,0.08200000000000003,0.8484288354898335
2026-02-03 06:56:00,4.53,5.0,0.09399999999999994,0.8281535648994517
2026-02-03 06:57:00,4.5,5.0,0.1,0.8181818181818181
2026-02-03 06:58:00,4.57,5.0,0.08599999999999994,0.8416206261510131
2026-02-03 06:59:00,4.65,5.0,0.06999999999999992,0.8691588785046731
2026-02-03 07:00:00,4.54,5.0,0.092,0.8315018315018314
2026-02-03 07:01:00,4.59,5.0,0.08200000000000003,0.8484288354898335
2026-02-03 07:02:00,4.68,5.0,0.06400000000000006,0.8796992481203006
2026-02-03 07:03:00,4.7,5.0,0.05999999999999996,0.8867924528301887
2026-02-03 07:04:00,4.7,5.0,0.05999999999999996,0.8867924528301887
2026-02-03 07:05:00,4.5,5.0,0.1,0.8181818181818181
2026-02-03 07:52:00,3.97,5.0,0.20599999999999996,0.6583747927031509
2026-02-03 07:53:00,3.93,5.0,0.21399999999999997,0.6474464579901154
2026-02-03 07:54:00,3.87,5.0,0.22599999999999998,0.6313213703099511
2026-02-03 07:55:00,3.88,5.0,0.22400000000000003,0.6339869281045752
2026-02-03 07:56:00,3.84,5.0,0.23200000000000004,0.6233766233766234
2026-02-03 07:57:00,4.0,5.0,0.2,0.6666666666666667
2026-02-03 07:58:00,4.07,5.0,0.18599999999999994,0.6863406408094436
2026-02-03 07:59:00,3.9,5.0,0.22000000000000003,0.639344262295082
2026-02-03 08:00:00,4.02,5.0,0.1960000000000001,0.6722408026755852
2026-02-03 08:01:00,4.14,5.0,0.17200000000000007,0.7064846416382251
2026-02-03 08:02:00,4.12,5.0,0.176,0.7006802721088436
2026-02-03 08:03:00,4.11,5.0,0.17799999999999994,0.6977928692699492
2026-02-03 08:04:00,4.03,5.0,0.19399999999999995,0.6750418760469012
2026-02-03 08:05:00,3.97,5.0,0.20599999999999996,0.6583747927031509
2026-02-03 08:06:00,4.07,5.0,0.18599999999999994,0.6863406408094436
2026-02-03 08:07:00,4.16,5.0,0.16799999999999998,0.7123287671232877
2026-02-03 08:08:00,4.34,5.0,0.13200000000000003,0.7667844522968197
2026-02-03 08:09:00,4.26,5.0,0.14800000000000005,0.7421602787456445
2026-02-03 08:10:00,4.3,5.0,0.14000000000000004,0.7543859649122806
2026-02-03 08:11:00,4.43,5.0,0.11400000000000006,0.7953321364452423
2026-02-03 08:12:00,4.25,5.0,0.15,0.7391304347826088
2026-02-03 08:13:00,4.51,5.0,0.09800000000000005,0.8214936247723131
2026-02-03 08:14:00,4.7,5.0,0.05999999999999996,0.8867924528301887
2026-02-03 08:15:00,4.84,5.0,0.03200000000000003,0.937984496124031
2026-02-03 08:16:00,4.81,5.0,0.038000000000000075,0.9267822736030827
2026-02-03 08:17:00,4.72,5.0,0.05600000000000005,0.8939393939393938
2026-02-03 08:18:00,4.42,5.0,0.11600000000000002,0.7921146953405017
2026-02-03 08:19:00,4.33,5.0,0.13399999999999998,0.763668430335097
2026-02-03 08:20:00,4.33,5.0,0.13399999999999998,0.763668430335097
2026-02-03 08:21:00,4.55,5.0,0.09000000000000004,0.8348623853211008
2026-02-03 08:22:00,4.36,5.0,0.12799999999999995,0.773049645390071
2026-02-03 08:23:00,4.41,5.0,0.11799999999999997,0.7889087656529518
2026-02-03 08:24:00,4.34,5.0,0.13200000000000003,0.7667844522968197
2026-02-03 08:25:00,4.38,5.0,0.12400000000000003,0.7793594306049821
2026-02-03 08:26:00,4.2,5.0,0.15999999999999998,0.7241379310344829
2026-02-03 08:27:00,4.2,5.0,0.15999999999999998,0.7241379310344829
2026-02-03 08:28:00,4.2,5.0,0.15999999999999998,0.7241379310344829
2026-02-03 08:29:00,4.32,5.0,0.13599999999999995,0.7605633802816903
2026-02-03 08:30:00,4.35,5.0,0.13000000000000006,0.7699115044247786
2026-02-03 08:31:00,4.28,5.0,0.14399999999999996,0.7482517482517484
2026-02-03 08:32:00,4.26,5.0,0.14800000000000005,0.7421602787456445
2026-02-03 08:33:00,4.29,5.0,0.142,0.7513134851138354
2026-02-03 08:34:00,4.45,5.0,0.10999999999999996,0.8018018018018019
2026-02-03 08:35:00,4.29,5.0,0.142,0.7513134851138354
2026-02-03 08:36:00,4.24,5.0,0.15199999999999997,0.7361111111111113
2026-02-03 08:37:00,4.34,5.0,0.13200000000000003,0.7667844522968197
2026-02-03 08:38:00,4.3,5.0,0.14000000000000004,0.7543859649122806
2026-02-03 08:39:00,4.35,5.0,0.13000000000000006,0.7699115044247786
2026-02-03 08:40:00,4.28,5.0,0.14399999999999996,0.7482517482517484
2026-02-03 08:41:00,4.24,5.0,0.15199999999999997,0.7361111111111113
2026-02-03 08:42:00,4.26,5.0,0.14800000000000005,0.7421602787456445
2026-02-03 08:43:00,4.15,5.0,0.16999999999999993,0.7094017094017095
2026-02-03 08:44:00,4.36,5.0,0.12799999999999995,0.773049645390071
2026-02-03 08:45:00,4.16,5.0,0.16799999999999998,0.7123287671232877
2026-02-03 08:46:00,4.09,5.0,0.18200000000000002,0.6920473773265652
2026-02-03 08:47:00,4.13,5.0,0.17400000000000002,0.7035775127768313
2026-02-03 08:48:00,4.06,5.0,0.18800000000000008,0.6835016835016834
2026-02-03 08:49:00,4.24,5.0,0.15199999999999997,0.7361111111111113
2026-02-03 08:50:00,4.16,5.0,0.16799999999999998,0.7123287671232877
2026-02-03 08:51:00,4.19,5.0,0.16199999999999992,0.7211703958691912
2026-02-03 08:52:00,4.18,5.0,0.16400000000000006,0.7182130584192439
2026-02-03 08:53:00,4.21,5.0,0.158,0.7271157167530224
2026-02-03 08:54:00,4.24,5.0,0.15199999999999997,0.7361111111111113
2026-02-03 08:55:00,4.28,5.0,0.14399999999999996,0.7482517482517484
2026-02-03 08:56:00,4.23,5.0,0.15399999999999991,0.7331022530329291
2026-02-03 08:57:00,4.22,5.0,0.15600000000000006,0.7301038062283736
2026-02-03 08:58:00,4.2,5.0,0.15999999999999998,0.7241379310344829
2026-02-03 08:59:00,4.06,5.0,0.18800000000000008,0.6835016835016834
2026-02-03 09:00:00,4.13,5.0,0.17400000000000002,0.7035775127768313
2026-02-03 09:01:00,4.14,5.0,0.17200000000000007,0.7064846416382251
2026-02-03 09:02:00,4.14,5.0,0.17200000000000007,0.7064846416382251
2026-02-03 09:03:00,4.12,5.0,0.176,0.7006802721088436
2026-02-03 09:04:00,4.08,5.0,0.184,0.6891891891891893
2026-02-03 09:05:00,4.22,5.0,0.15600000000000006,0.7301038062283736
2026-02-03 09:06:00,4.27,5.0,0.14600000000000007,0.745200698080279
2026-02-03 09:07:00,4.26,5.0,0.14800000000000005,0.7421602787456445
2026-02-03 09:08:00,4.25,5.0,0.15,0.7391304347826088
2026-02-03 09:09:00,4.23,5.0,0.15399999999999991,0.7331022530329291
2026-02-03 09:10:00,4.15,5.0,0.16999999999999993,0.7094017094017095
2026-02-03 09:11:00,4.2,5.0,0.15999999999999998,0.7241379310344829
2026-02-03 09:12:00,4.21,5.0,0.158,0.7271157167530224
2026-02-03 09:13:00,4.12,5.0,0.176,0.7006802721088436
2026-02-03 09:14:00,4.15,5.0,0.16999999999999993,0.7094017094017095
2026-02-03 09:15:00,4.3,5.0,0.14000000000000004,0.7543859649122806
2026-02-03 09:16:00,4.43,5.0,0.11400000000000006,0.7953321364452423
2026-02-03 09:17:00,4.43,5.0,0.11400000000000006,0.7953321364452423
2026-02-03 09:18:00,4.48,5.0,0.10399999999999991,0.8115942028985509
2026-02-03 09:19:00,4.56,5.0,0.08800000000000008,0.838235294117647
2026-02-03 09:20:00,4.41,5.0,0.11799999999999997,0.7889087656529518
2026-02-03 09:21:00,4.38,5.0,0.12400000000000003,0.7793594306049821
2026-02-03 09:22:00,4.41,5.0,0.11799999999999997,0.7889087656529518
2026-02-03 09:23:00,4.5,5.0,0.1,0.8181818181818181
2026-02-03 09:24:00,4.74,5.0,0.051999999999999956,0.9011406844106464
2026-02-03 09:25:00,4.89,5.0,0.022000000000000065,0.9569471624266145
2026-02-03 09:26:00,4.99,5.0,0.0019999999999999575,0.9960079840319361
2026-02-03 09:27:00,5.07,5.0,0.014000000000000058,1.0
2026-02-03 09:28:00,4.99,5.0,0.0019999999999999575,0.9960079840319361
2026-02-03 09:29:00,4.94,5.0,0.011999999999999922,0.9762845849802373
2026-02-03 09:30:00,4.96,5.0,0.008000000000000007,0.9841269841269841
2026-02-03 09:31:00,4.97,5.0,0.0060000000000000496,0.9880715705765407
2026-02-03 09:32:00,5.03,5.0,0.0060000000000000496,1.0
2026-02-03 09:33:00,5.05,5.0,0.009999999999999964,1.0
2026-02-03 09:34:00,5.06,5.0,0.011999999999999922,1.0
2026-02-03 09:35:00,5.02,5.0,0.003999999999999915,1.0
2026-02-03 09:36:00,5.08,5.0,0.016000000000000014,1.0
2026-02-03 09:37:00,5.08,5.0,0.016000000000000014,1.0
2026-02-03 09:38:00,5.04,5.0,0.008000000000000007,1.0
2026-02-03 09:39:00,5.06,5.0,0.011999999999999922,1.0
2026-02-03 09:40:00,5.05,5.0,0.009999999999999964,1.0
2026-02-03 09:41:00,5.09,5.0,0.01799999999999997,1.0
2026-02-03 09:42:00,5.03,5.0,0.0060000000000000496,1.0
2026-02-03 09:43:00,5.04,5.0,0.008000000000000007,1.0
2026-02-03 09:44:00,4.91,5.0,0.01799999999999997,0.9646365422396856
2026-02-03 09:45:00,4.86,5.0,0.027999999999999935,0.9455252918287939
2026-02-03 09:46:00,4.85,5.0,0.030000000000000072,0.9417475728155339
2026-02-03 09:47:00,4.87,5.0,0.025999999999999978,0.949317738791423
2026-02-03 09:48:00,4.93,5.0,0.014000000000000058,0.9723865877712031
2026-02-03 09:49:00,5.06,5.0,0.011999999999999922,1.0
2026-02-03 09:50:00,4.99,5.0,0.0019999999999999575,0.9960079840319361
2026-02-03 09:51:00,4.87,5.0,0.025999999999999978,0.949317738791423
2026-02-03 09:52:00,4.87,5.0,0.025999999999999978,0.949317738791423
2026-02-03 09:53:00,4.96,5.0,0.008000000000000007,0.9841269841269841
2026-02-03 09:54:00,4.84,5.0,0.03200000000000003,0.937984496124031
2026-02-03 09:55:00,4.79,5.0,0.041999999999999996,0.9193857965451055
2026-02-03 09:56:00,4.82,5.0,0.03599999999999994,0.9305019305019305
2026-02-03 09:57:00,4.8,5.0,0.040000000000000036,0.923076923076923
2026-02-03 09:58:00,4.86,5.0,0.027999999999999935,0.9455252918287939
2026-02-03 10:00:00,4.58,5.0,0.08399999999999999,0.8450184501845018
2026-02-03 10:01:00,4.64,5.0,0.07200000000000006,0.8656716417910446
2026-02-03 10:02:00,4.73,5.0,0.053999999999999916,0.8975332068311197
2026-02-03 10:03:00,4.65,5.0,0.06999999999999992,0.8691588785046731
2026-02-03 10:04:00,4.66,5.0,0.06799999999999998,0.8726591760299626
2026-02-03 10:05:00,4.35,5.0,0.13000000000000006,0.7699115044247786
2026-02-03 10:06:00,4.57,5.0,0.08599999999999994,0.8416206261510131
2026-02-03 10:07:00,4.67,5.0,0.06600000000000002,0.8761726078799249
2026-02-03 10:08:00,4.78,5.0,0.04399999999999995,0.9157088122605365
2026-02-03 10:09:00,4.79,5.0,0.041999999999999996,0.9193857965451055
2026-02-03 10:10:00,4.59,5.0,0.08200000000000003,0.8484288354898335
2026-02-03 10:11:00,4.6,5.0,0.08000000000000007,0.8518518518518517
2026-02-03 10:12:00,4.67,5.0,0.06600000000000002,0.8761726078799249
2026-02-03 10:13:00,4.41,5.0,0.11799999999999997,0.7889087656529518
2026-02-03 10:14:00,4.57,5.0,0.08599999999999994,0.8416206261510131
2026-02-03 10:15:00,4.49,5.0,0.10199999999999995,0.8148820326678767
2026-02-03 10:16:00,4.56,5.0,0.08800000000000008,0.838235294117647
2026-02-03 10:17:00,4.62,5.0,0.07599999999999998,0.8587360594795539
2026-02-03 10:18:00,4.62,5.0,0.07599999999999998,0.8587360594795539
2026-02-03 10:19:00,4.46,5.0,0.10800000000000001,0.8050541516245486
2026-02-03 10:20:00,4.37,5.0,0.12599999999999997,0.7761989342806395
2026-02-03 10:21:00,4.5,5.0,0.1,0.8181818181818181
2026-02-03 10:22:00,4.66,5.0,0.06799999999999998,0.8726591760299626
2026-02-03 10:23:00,5.02,5.0,0.003999999999999915,1.0
2026-02-03 10:24:00,4.91,5.0,0.01799999999999997,0.9646365422396856
2026-02-03 10:25:00,4.88,5.0,0.02400000000000002,0.953125
2026-02-03 10:26:00,4.86,5.0,0.027999999999999935,0.9455252918287939
2026-02-03 10:27:00,4.74,5.0,0.051999999999999956,0.9011406844106464
2026-02-03 10:28:00,4.67,5.0,0.06600000000000002,0.8761726078799249
2026-02-03 10:29:00,4.61,5.0,0.07799999999999993,0.855287569573284
2026-02-03 10:30:00,4.55,5.0,0.09000000000000004,0.8348623853211008
2026-02-03 10:31:00,4.53,5.0,0.09399999999999994,0.8281535648994517
2026-02-03 10:32:00,4.62,5.0,0.07599999999999998,0.8587360594795539
2026-02-03 10:33:00,4.76,5.0,0.04800000000000004,0.9083969465648855
2026-02-03 10:34:00,4.97,5.0,0.0060000000000000496,0.9880715705765407
2026-02-03 10:35:00,4.91,5.0,0.01799999999999997,0.9646365422396856
2026-02-03 10:36:00,4.89,5.0,0.022000000000000065,0.9569471624266145
2026-02-03 10:37:00,4.8,5.0,0.040000000000000036,0.923076923076923
2026-02-03 10:38:00,4.84,5.0,0.03200000000000003,0.937984496124031
2026-02-03 10:39:00,4.99,5.0,0.0019999999999999575,0.9960079840319361
2026-02-03 10:40:00,5.2,5.0,0.040000000000000036,1.0
2026-02-03 10:41:00,5.16,5.0,0.03200000000000003,1.0
2026-02-03 10:42:00,5.24,5.0,0.04800000000000004,1.0
2026-02-03 10:43:00,5.31,5.0,0.06199999999999992,1.0
2026-02-03 10:44:00,5.36,5.0,0.07200000000000006,1.0
2026-02-03 10:45:00,5.28,5.0,0.05600000000000005,1.0
2026-02-03 10:46:00,5.13,5.0,0.025999999999999978,1.0
2026-02-03 10:47:00,5.11,5.0,0.022000000000000065,1.0
2026-02-03 10:48:00,5.18,5.0,0.03599999999999994,1.0
2026-02-03 10:49:00,5.16,5.0,0.03200000000000003,1.0
2026-02-03 10:50:00,5.06,5.0,0.011999999999999922,1.0
2026-02-03 10:51:00,4.99,5.0,0.0019999999999999575,0.9960079840319361
2026-02-03 10:52:00,5.02,5.0,0.003999999999999915,1.0
2026-02-03 10:53:00,4.97,5.0,0.0060000000000000496,0.9880715705765407
2026-02-03 10:54:00,4.95,5.0,0.009999999999999964,0.9801980198019802
2026-02-03 10:55:00,5.17,5.0,0.03399999999999999,1.0
2026-02-03 10:56:00,5.22,5.0,0.04399999999999995,1.0
2026-02-03 10:57:00,5.14,5.0,0.027999999999999935,1.0
2026-02-03 10:58:00,5.21,5.0,0.041999999999999996,1.0
2026-02-03 10:59:00,5.21,5.0,0.041999999999999996,1.0
2026-02-03 11:00:00,5.12,5.0,0.02400000000000002,1.0
2026-02-03 11:02:00,5.22,5.0,0.04399999999999995,1.0
2026-02-03 11:03:00,5.16,5.0,0.03200000000000003,1.0
2026-02-03 11:04:00,4.42,5.0,0.11600000000000002,0.7921146953405017
2026-02-03 12:18:00,5.11,5.0,0.022000000000000065,1.0
2026-02-03 12:19:00,5.14,5.0,0.027999999999999935,1.0
2026-02-03 12:20:00,4.93,5.0,0.014000000000000058,0.9723865877712031
2026-02-03 12:21:00,4.96,5.0,0.008000000000000007,0.9841269841269841
2026-02-03 12:22:00,4.93,5.0,0.014000000000000058,0.9723865877712031
2026-02-03 12:23:00,5.0,5.0,0.0,1.0
2026-02-03 12:24:00,5.09,5.0,0.01799999999999997,1.0
2026-02-03 12:25:00,5.03,5.0,0.0060000000000000496,1.0
2026-02-03 12:26:00,5.01,5.0,0.0019999999999999575,1.0
2026-02-03 12:27:00,5.04,5.0,0.008000000000000007,1.0
2026-02-03 12:28:00,4.99,5.0,0.0019999999999999575,0.9960079840319361
2026-02-03 12:29:00,5.12,5.0,0.02400000000000002,1.0
2026-02-03 12:30:00,4.87,5.0,0.025999999999999978,0.949317738791423
2026-02-03 12:31:00,4.81,5.0,0.038000000000000075,0.9267822736030827
2026-02-03 12:32:00,4.96,5.0,0.008000000000000007,0.9841269841269841
2026-02-03 12:33:00,5.04,5.0,0.008000000000000007,1.0
2026-02-03 12:34:00,5.04,5.0,0.008000000000000007,1.0
2026-02-03 12:35:00,5.12,5.0,0.02400000000000002,1.0
2026-02-03 12:36:00,5.28,5.0,0.05600000000000005,1.0
2026-02-03 12:37:00,5.4,5.0,0.08000000000000007,1.0
2026-02-03 12:38:00,5.62,5.0,0.12400000000000003,1.0
2026-02-03 12:39:00,5.77,5.0,0.15399999999999991,1.0
2026-02-03 12:40:00,5.68,5.0,0.13599999999999995,1.0
2026-02-03 12:41:00,5.61,5.0,0.12200000000000007,1.0
2026-02-03 12:42:00,5.61,5.0,0.12200000000000007,1.0
2026-02-03 12:43:00,5.53,5.0,0.10600000000000005,1.0
2026-02-03 12:44:00,5.54,5.0,0.10800000000000001,1.0
2026-02-03 12:45:00,5.53,5.0,0.10600000000000005,1.0
2026-02-03 12:46:00,5.51,5.0,0.10199999999999995,1.0
2026-02-03 12:48:00,5.47,5.0,0.09399999999999994,1.0
2026-02-03 12:49:00,5.38,5.0,0.07599999999999998,1.0
2026-02-03 12:50:00,5.42,5.0,0.08399999999999999,1.0
2026-02-03 12:51:00,5.41,5.0,0.08200000000000003,1.0
2026-02-03 12:52:00,5.23,5.0,0.04600000000000008,1.0
2026-02-03 12:53:00,5.27,5.0,0.053999999999999916,1.0
2026-02-03 12:54:00,5.37,5.0,0.07400000000000002,1.0
2026-02-03 12:55:00,5.4,5.0,0.08000000000000007,1.0
2026-02-03 12:56:00,5.41,5.0,0.08200000000000003,1.0
2026-02-03 12:57:00,5.33,5.0,0.06600000000000002,1.0
2026-02-03 12:58:00,5.48,5.0,0.09600000000000009,1.0
2026-02-03 12:59:00,5.32,5.0,0.06400000000000006,1.0
2026-02-03 13:00:00,5.34,5.0,0.06799999999999998,1.0
2026-02-03 13:01:00,5.43,5.0,0.08599999999999994,1.0
2026-02-03 13:02:00,5.43,5.0,0.08599999999999994,1.0
2026-02-03 13:03:00,5.35,5.0,0.06999999999999992,1.0
2026-02-03 13:04:00,5.49,5.0,0.09800000000000005,1.0
2026-02-03 13:05:00,5.45,5.0,0.09000000000000004,1.0
2026-02-03 13:06:00,5.33,5.0,0.06600000000000002,1.0
2026-02-03 13:07:00,5.41,5.0,0.08200000000000003,1.0
2026-02-03 13:08:00,5.34,5.0,0.06799999999999998,1.0
2026-02-03 13:09:00,5.23,5.0,0.04600000000000008,1.0
2026-02-03 13:10:00,5.27,5.0,0.053999999999999916,1.0
2026-02-03 13:11:00,5.31,5.0,0.06199999999999992,1.0
2026-02-03 13:12:00,5.28,5.0,0.05600000000000005,1.0
2026-02-03 13:13:00,5.24,5.0,0.04800000000000004,1.0
2026-02-03 13:14:00,5.27,5.0,0.053999999999999916,1.0
2026-02-03 13:15:00,5.25,5.0,0.05,1.0
2026-02-03 13:16:00,5.09,5.0,0.01799999999999997,1.0
2026-02-03 13:17:00,5.01,5.0,0.0019999999999999575,1.0
2026-02-03 13:18:00,5.2,5.0,0.040000000000000036,1.0
2026-02-03 13:19:00,5.36,5.0,0.07200000000000006,1.0
2026-02-03 13:21:00,5.37,5.0,0.07400000000000002,1.0
2026-02-03 13:22:00,5.32,5.0,0.06400000000000006,1.0
2026-02-03 13:23:00,4.98,5.0,0.003999999999999915,0.9920318725099603
2026-02-03 13:24:00,4.97,5.0,0.0060000000000000496,0.9880715705765407
2026-02-03 13:25:00,4.81,5.0,0.038000000000000075,0.9267822736030827
2026-02-03 13:26:00,4.91,5.0,0.01799999999999997,0.9646365422396856
2026-02-03 13:27:00,5.25,5.0,0.05,1.0
2026-02-03 13:28:00,5.27,5.0,0.053999999999999916,1.0
2026-02-03 13:29:00,5.29,5.0,0.05800000000000001,1.0
2026-02-03 13:30:00,5.36,5.0,0.07200000000000006,1.0
2026-02-03 13:31:00,5.39,5.0,0.07799999999999993,1.0
2026-02-03 13:32:00,5.43,5.0,0.08599999999999994,1.0
2026-02-03 13:33:00,5.37,5.0,0.07400000000000002,1.0
2026-02-03 13:34:00,5.21,5.0,0.041999999999999996,1.0
2026-02-03 13:35:00,5.18,5.0,0.03599999999999994,1.0
2026-02-03 13:36:00,5.13,5.0,0.025999999999999978,1.0
2026-02-03 13:37:00,5.13,5.0,0.025999999999999978,1.0
2026-02-03 13:38:00,5.08,5.0,0.016000000000000014,1.0
2026-02-03 13:39:00,5.02,5.0,0.003999999999999915,1.0
2026-02-03 13:40:00,4.94,5.0,0.011999999999999922,0.9762845849802373
2026-02-03 13:41:00,4.89,5.0,0.022000000000000065,0.9569471624266145
2026-02-03 13:42:00,4.93,5.0,0.014000000000000058,0.9723865877712031
2026-02-03 13:43:00,4.91,5.0,0.01799999999999997,0.9646365422396856
2026-02-03 13:44:00,4.87,5.0,0.025999999999999978,0.949317738791423
2026-02-03 13:45:00,4.93,5.0,0.014000000000000058,0.9723865877712031
2026-02-03 13:46:00,4.94,5.0,0.011999999999999922,0.9762845849802373
2026-02-03 13:47:00,4.9,5.0,0.019999999999999928,0.9607843137254902
2026-02-03 13:48:00,5.3,5.0,0.05999999999999996,1.0
2026-02-03 13:49:00,5.34,5.0,0.06799999999999998,1.0
2026-02-03 13:50:00,5.4,5.0,0.08000000000000007,1.0
2026-02-03 13:51:00,5.39,5.0,0.07799999999999993,1.0
2026-02-03 13:52:00,5.39,5.0,0.07799999999999993,1.0
2026-02-03 13:54:00,5.25,5.0,0.05,1.0
2026-02-03 13:55:00,5.21,5.0,0.041999999999999996,1.0
2026-02-03 13:56:00,5.21,5.0,0.041999999999999996,1.0
2026-02-03 13:57:00,5.15,5.0,0.030000000000000072,1.0
2026-02-03 13:58:00,5.2,5.0,0.040000000000000036,1.0
2026-02-03 13:59:00,5.26,5.0,0.051999999999999956,1.0
2026-02-03 14:00:00,5.19,5.0,0.038000000000000075,1.0
2026-02-03 14:01:00,5.3,5.0,0.05999999999999996,1.0
2026-02-03 14:02:00,5.3,5.0,0.05999999999999996,1.0
2026-02-03 14:03:00,5.23,5.0,0.04600000000000008,1.0
2026-02-03 14:04:00,5.24,5.0,0.04800000000000004,1.0
2026-02-03 14:05:00,5.29,5.0,0.05800000000000001,1.0
2026-02-03 14:06:00,5.31,5.0,0.06199999999999992,1.0
2026-02-03 14:07:00,5.35,5.0,0.06999999999999992,1.0
2026-02-03 14:08:00,5.54,5.0,0.10800000000000001,1.0
2026-02-03 14:09:00,5.6,5.0,0.11999999999999993,1.0
2026-02-03 14:10:00,5.74,5.0,0.14800000000000005,1.0
2026-02-03 14:11:00,5.75,5.0,0.15,1.0
2026-02-03 14:12:00,5.8,5.0,0.15999999999999998,1.0
2026-02-03 14:13:00,5.84,5.0,0.16799999999999998,1.0
2026-02-03 14:14:00,5.82,5.0,0.16400000000000006,1.0
2026-02-03 14:15:00,5.81,5.0,0.16199999999999992,1.0
2026-02-03 14:16:00,5.64,5.0,0.12799999999999995,1.0
2026-02-03 14:17:00,5.74,5.0,0.14800000000000005,1.0
2026-02-03 14:18:00,5.75,5.0,0.15,1.0
2026-02-03 14:19:00,5.84,5.0,0.16799999999999998,1.0
2026-02-03 14:20:00,5.92,5.0,0.184,1.0
2026-02-03 14:21:00,5.67,5.0,0.13399999999999998,1.0
2026-02-03 14:22:00,5.72,5.0,0.14399999999999996,1.0
2026-02-03 14:23:00,5.85,5.0,0.16999999999999993,1.0
2026-02-03 14:24:00,5.64,5.0,0.12799999999999995,1.0
2026-02-03 14:25:00,5.6,5.0,0.11999999999999993,1.0
2026-02-03 14:27:00,6.34,5.0,0.26799999999999996,1.0
2026-02-03 14:28:00,6.26,5.0,0.25199999999999995,1.0
2026-02-03 14:29:00,6.28,5.0,0.25600000000000006,1.0
2026-02-03 14:31:00,6.21,5.0,0.242,1.0
2026-02-03 14:32:00,6.12,5.0,0.22400000000000003,1.0
2026-02-03 14:33:00,5.84,5.0,0.16799999999999998,1.0
2026-02-03 14:34:00,5.99,5.0,0.19800000000000004,1.0
2026-02-03 14:35:00,6.35,5.0,0.2699999999999999,1.0
2026-02-03 14:36:00,5.99,5.0,0.19800000000000004,1.0
2026-02-03 14:37:00,5.74,5.0,0.14800000000000005,1.0
2026-02-03 14:38:00,5.59,5.0,0.11799999999999997,1.0
2026-02-03 14:39:00,5.72,5.0,0.14399999999999996,1.0
2026-02-03 14:40:00,5.61,5.0,0.12200000000000007,1.0
2026-02-03 14:41:00,5.75,5.0,0.15,1.0
2026-02-03 14:42:00,5.97,5.0,0.19399999999999995,1.0
2026-02-03 14:43:00,6.06,5.0,0.2119999999999999,1.0
2026-02-03 14:44:00,6.11,5.0,0.22200000000000006,1.0
2026-02-03 14:45:00,6.2,5.0,0.24000000000000005,1.0
2026-02-03 14:46:00,5.89,5.0,0.17799999999999994,1.0
2026-02-03 14:47:00,5.69,5.0,0.13800000000000007,1.0
2026-02-03 14:48:00,5.78,5.0,0.15600000000000006,1.0
2026-02-03 14:49:00,5.88,5.0,0.176,1.0
2026-02-03 14:50:00,6.07,5.0,0.21400000000000005,1.0
2026-02-03 14:51:00,6.22,5.0,0.24399999999999994,1.0
2026-02-03 14:52:00,6.18,5.0,0.23599999999999993,1.0
2026-02-03 14:53:00,6.18,5.0,0.23599999999999993,1.0
2026-02-03 14:54:00,6.15,5.0,0.23000000000000007,1.0
2026-02-03 14:55:00,6.13,5.0,0.22599999999999998,1.0
2026-02-03 14:57:00,6.26,5.0,0.25199999999999995,1.0
2026-02-03 14:58:00,6.13,5.0,0.22599999999999998,1.0
2026-02-03 14:59:00,6.08,5.0,0.21600000000000003,1.0
2026-02-03 15:00:00,6.09,5.0,0.21799999999999997,1.0
2026-02-03 15:01:00,6.14,5.0,0.22799999999999992,1.0
2026-02-03 15:02:00,6.05,5.0,0.20999999999999996,1.0
2026-02-03 15:03:00,6.15,5.0,0.23000000000000007,1.0
2026-02-03 15:04:00,6.15,5.0,0.23000000000000007,1.0
2026-02-03 15:05:00,6.05,5.0,0.20999999999999996,1.0
2026-02-03 15:06:00,6.03,5.0,0.20600000000000004,1.0
2026-02-03 15:07:00,6.04,5.0,0.20800000000000002,1.0
2026-02-03 15:08:00,6.03,5.0,0.20600000000000004,1.0
2026-02-03 15:09:00,5.98,5.0,0.1960000000000001,1.0
2026-02-03 15:10:00,5.97,5.0,0.19399999999999995,1.0
2026-02-03 15:11:00,5.89,5.0,0.17799999999999994,1.0
2026-02-03 15:12:00,5.8,5.0,0.15999999999999998,1.0
2026-02-03 15:13:00,5.81,5.0,0.16199999999999992,1.0
2026-02-03 15:14:00,5.67,5.0,0.13399999999999998,1.0
2026-02-03 15:15:00,5.75,5.0,0.15,1.0
2026-02-03 15:16:00,5.72,5.0,0.14399999999999996,1.0
2026-02-03 15:17:00,5.66,5.0,0.13200000000000003,1.0
2026-02-03 15:18:00,5.74,5.0,0.14800000000000005,1.0
2026-02-03 15:19:00,5.68,5.0,0.13599999999999995,1.0
2026-02-03 15:20:00,5.75,5.0,0.15,1.0
2026-02-03 15:21:00,5.71,5.0,0.142,1.0
2026-02-03 15:22:00,5.48,5.0,0.09600000000000009,1.0
2026-02-03 15:23:00,5.7,5.0,0.14000000000000004,1.0
2026-02-03 15:24:00,5.95,5.0,0.19000000000000003,1.0
2026-02-03 15:25:00,5.92,5.0,0.184,1.0
2026-02-03 15:26:00,5.74,5.0,0.14800000000000005,1.0
2026-02-03 15:27:00,5.81,5.0,0.16199999999999992,1.0
2026-02-03 15:28:00,5.89,5.0,0.17799999999999994,1.0
2026-02-03 15:29:00,5.81,5.0,0.16199999999999992,1.0
2026-02-03 15:30:00,5.77,5.0,0.15399999999999991,1.0
2026-02-03 15:31:00,5.94,5.0,0.18800000000000008,1.0
2026-02-03 15:32:00,6.14,5.0,0.22799999999999992,1.0
2026-02-03 15:35:00,6.16,5.0,0.23200000000000004,1.0
2026-02-03 15:36:00,6.4,5.0,0.2800000000000001,1.0
2026-02-03 15:37:00,6.48,5.0,0.2960000000000001,1.0
2026-02-03 15:38:00,6.59,5.0,0.31799999999999995,1.0
2026-02-03 15:39:00,6.63,5.0,0.32599999999999996,1.0
2026-02-03 15:40:00,6.74,5.0,0.34800000000000003,1.0
2026-02-03 15:41:00,6.75,5.0,0.35,1.0
2026-02-03 15:42:00,6.71,5.0,0.34199999999999997,1.0
2026-02-03 15:43:00,6.77,5.0,0.3539999999999999,1.0
2026-02-03 15:44:00,6.75,5.0,0.35,1.0
2026-02-03 15:45:00,7.07,5.0,0.41400000000000003,1.0
2026-02-03 15:46:00,7.05,5.0,0.41,1.0
2026-02-03 15:47:00,7.13,5.0,0.426,1.0
2026-02-03 15:48:00,7.25,5.0,0.45,1.0
2026-02-03 15:49:00,7.51,5.0,0.502,1.0
2026-02-03 15:50:00,7.56,5.0,0.5119999999999999,1.0
2026-02-03 15:51:00,7.53,5.0,0.506,1.0
2026-02-03 15:52:00,7.59,5.0,0.518,1.0
2026-02-03 15:53:00,7.57,5.0,0.514,1.0
2026-02-03 15:54:00,7.48,5.0,0.4960000000000001,1.0
2026-02-03 15:55:00,7.49,5.0,0.49800000000000005,1.0
2026-02-03 15:56:00,7.45,5.0,0.49000000000000005,1.0
2026-02-03 15:57:00,7.44,5.0,0.4880000000000001,1.0
2026-02-03 15:58:00,7.39,5.0,0.4779999999999999,1.0
2026-02-03 16:00:00,7.48,5.0,0.4960000000000001,1.0
2026-02-03 16:01:00,7.43,5.0,0.48599999999999993,1.0
2026-02-03 16:02:00,7.45,5.0,0.49000000000000005,1.0
2026-02-03 16:03:00,7.55,5.0,0.51,1.0
2026-02-03 16:04:00,7.56,5.0,0.5119999999999999,1.0
2026-02-03 16:05:00,7.61,5.0,0.522,1.0
2026-02-03 16:07:00,7.43,5.0,0.48599999999999993,1.0
2026-02-03 16:08:00,7.18,5.0,0.43599999999999994,1.0
2026-02-03 16:09:00,7.34,5.0,0.46799999999999997,1.0
2026-02-03 16:10:00,7.61,5.0,0.522,1.0
2026-02-03 16:11:00,7.43,5.0,0.48599999999999993,1.0
2026-02-03 16:12:00,7.35,5.0,0.4699999999999999,1.0
2026-02-03 16:13:00,7.43,5.0,0.48599999999999993,1.0
2026-02-03 16:14:00,7.51,5.0,0.502,1.0
2026-02-03 16:15:00,7.56,5.0,0.5119999999999999,1.0
2026-02-03 16:16:00,7.5,5.0,0.5,1.0
2026-02-03 16:17:00,7.52,5.0,0.5039999999999999,1.0
2026-02-03 16:18:00,7.5,5.0,0.5,1.0
2026-02-03 16:19:00,7.07,5.0,0.41400000000000003,1.0
2026-02-03 16:20:00,6.89,5.0,0.37799999999999995,1.0
2026-02-03 16:21:00,6.84,5.0,0.368,1.0
2026-02-03 16:22:00,6.69,5.0,0.3380000000000001,1.0
2026-02-03 16:23:00,6.74,5.0,0.34800000000000003,1.0
2026-02-03 16:24:00,6.74,5.0,0.34800000000000003,1.0
2026-02-03 16:25:00,6.77,5.0,0.3539999999999999,1.0
2026-02-03 16:26:00,6.72,5.0,0.344,1.0
2026-02-03 16:27:00,6.82,5.0,0.36400000000000005,1.0
2026-02-03 16:28:00,6.94,5.0,0.38800000000000007,1.0
2026-02-03 16:29:00,6.92,5.0,0.384,1.0
2026-02-03 16:30:00,6.78,5.0,0.35600000000000004,1.0
2026-02-03 16:31:00,6.86,5.0,0.37200000000000005,1.0
2026-02-03 16:32:00,6.85,5.0,0.36999999999999994,1.0
2026-02-03 16:33:00,6.8,5.0,0.36,1.0
2026-02-03 16:34:00,6.79,5.0,0.358,1.0
2026-02-03 16:35:00,7.06,5.0,0.4119999999999999,1.0
2026-02-03 16:36:00,6.79,5.0,0.358,1.0
2026-02-03 16:37:00,6.74,5.0,0.34800000000000003,1.0
2026-02-03 16:38:00,6.79,5.0,0.358,1.0
2026-02-03 16:39:00,6.59,5.0,0.31799999999999995,1.0
2026-02-03 16:40:00,6.64,5.0,0.32799999999999996,1.0
2026-02-03 16:41:00,6.66,5.0,0.332,1.0
2026-02-03 16:42:00,6.67,5.0,0.33399999999999996,1.0
2026-02-03 16:43:00,6.45,5.0,0.29000000000000004,1.0
2026-02-03 16:44:00,6.65,5.0,0.33000000000000007,1.0
2026-02-03 16:45:00,6.59,5.0,0.31799999999999995,1.0
2026-02-03 16:46:00,6.43,5.0,0.2859999999999999,1.0
2026-02-03 16:47:00,6.62,5.0,0.324,1.0
2026-02-03 16:48:00,6.43,5.0,0.2859999999999999,1.0
2026-02-03 16:49:00,6.39,5.0,0.2779999999999999,1.0
2026-02-03 16:50:00,6.37,5.0,0.274,1.0
2026-02-03 16:51:00,6.41,5.0,0.28200000000000003,1.0
2026-02-03 16:52:00,6.34,5.0,0.26799999999999996,1.0
2026-02-03 16:53:00,6.6,5.0,0.31999999999999995,1.0
2026-02-03 16:54:00,6.52,5.0,0.30399999999999994,1.0
2026-02-03 16:55:00,6.69,5.0,0.3380000000000001,1.0
2026-02-03 16:56:00,7.06,5.0,0.4119999999999999,1.0
2026-02-03 16:57:00,7.05,5.0,0.41,1.0
2026-02-03 16:58:00,7.02,5.0,0.4039999999999999,1.0
2026-02-03 16:59:00,7.04,5.0,0.40800000000000003,1.0
2026-02-03 17:00:00,7.07,5.0,0.41400000000000003,1.0
2026-02-03 17:01:00,7.07,5.0,0.41400000000000003,1.0
2026-02-03 17:02:00,7.07,5.0,0.41400000000000003,1.0
2026-02-03 17:03:00,7.03,5.0,0.406,1.0
2026-02-03 17:04:00,6.96,5.0,0.392,1.0
2026-02-03 17:05:00,6.93,5.0,0.38599999999999995,1.0
2026-02-03 17:06:00,6.98,5.0,0.3960000000000001,1.0
2026-02-03 17:07:00,6.9,5.0,0.38000000000000006,1.0
2026-02-03 17:08:00,6.86,5.0,0.37200000000000005,1.0
2026-02-03 17:09:00,6.87,5.0,0.374,1.0
2026-02-03 17:10:00,6.95,5.0,0.39,1.0
2026-02-03 17:11:00,7.11,5.0,0.42200000000000004,1.0
2026-02-03 17:12:00,7.15,5.0,0.43000000000000005,1.0
2026-02-03 17:13:00,7.14,5.0,0.42799999999999994,1.0
2026-02-03 17:14:00,7.06,5.0,0.4119999999999999,1.0
2026-02-03 17:15:00,7.04,5.0,0.40800000000000003,1.0
2026-02-03 17:16:00,7.06,5.0,0.4119999999999999,1.0
2026-02-03 17:17:00,7.03,5.0,0.406,1.0
2026-02-03 17:18:00,6.99,5.0,0.398,1.0
2026-02-03 17:19:00,6.99,5.0,0.398,1.0
2026-02-03 17:20:00,7.0,5.0,0.4,1.0
2026-02-03 17:21:00,7.0,5.0,0.4,1.0
2026-02-03 17:22:00,6.95,5.0,0.39,1.0
2026-02-03 17:23:00,7.05,5.0,0.41,1.0
2026-02-03 17:24:00,7.0,5.0,0.4,1.0
2026-02-03 17:25:00,7.09,5.0,0.418,1.0
2026-02-03 17:26:00,7.12,5.0,0.42400000000000004,1.0
2026-02-03 17:27:00,7.22,5.0,0.44399999999999995,1.0
2026-02-03 17:28:00,6.92,5.0,0.384,1.0
2026-02-03 17:29:00,6.84,5.0,0.368,1.0
2026-02-03 17:30:00,7.14,5.0,0.42799999999999994,1.0
2026-02-03 17:31:00,7.03,5.0,0.406,1.0
2026-02-03 17:32:00,7.01,5.0,0.40199999999999997,1.0
2026-02-03 17:33:00,7.0,5.0,0.4,1.0
2026-02-03 17:34:00,6.77,5.0,0.3539999999999999,1.0
2026-02-03 17:35:00,6.79,5.0,0.358,1.0
2026-02-03 17:36:00,6.71,5.0,0.34199999999999997,1.0
2026-02-03 17:37:00,6.75,5.0,0.35,1.0
2026-02-03 17:38:00,6.66,5.0,0.332,1.0
2026-02-03 17:39:00,6.63,5.0,0.32599999999999996,1.0
2026-02-03 17:40:00,6.43,5.0,0.2859999999999999,1.0
2026-02-03 17:41:00,6.19,5.0,0.23800000000000007,1.0
2026-02-03 17:42:00,6.04,5.0,0.20800000000000002,1.0
2026-02-03 17:43:00,6.13,5.0,0.22599999999999998,1.0
2026-02-03 17:44:00,6.17,5.0,0.23399999999999999,1.0
2026-02-03 17:45:00,6.12,5.0,0.22400000000000003,1.0
2026-02-03 17:47:00,6.18,5.0,0.23599999999999993,1.0
2026-02-03 17:48:00,6.18,5.0,0.23599999999999993,1.0
2026-02-03 17:49:00,6.15,5.0,0.23000000000000007,1.0
2026-02-03 17:50:00,6.14,5.0,0.22799999999999992,1.0
2026-02-03 17:51:00,5.99,5.0,0.19800000000000004,1.0
2026-02-03 17:52:00,5.91,5.0,0.18200000000000002,1.0
2026-02-03 17:53:00,5.9,5.0,0.18000000000000008,1.0
2026-02-03 17:54:00,5.99,5.0,0.19800000000000004,1.0
2026-02-03 17:55:00,6.06,5.0,0.2119999999999999,1.0
2026-02-03 17:56:00,6.08,5.0,0.21600000000000003,1.0
2026-02-03 17:57:00,6.23,5.0,0.24600000000000008,1.0
2026-02-03 17:58:00,6.12,5.0,0.22400000000000003,1.0
2026-02-03 17:59:00,6.12,5.0,0.22400000000000003,1.0
2026-02-03 18:00:00,6.16,5.0,0.23200000000000004,1.0
2026-02-03 18:01:00,6.21,5.0,0.242,1.0
2026-02-03 18:02:00,6.27,5.0,0.2539999999999999,1.0
2026-02-03 18:03:00,6.29,5.0,0.258,1.0
2026-02-03 18:04:00,6.18,5.0,0.23599999999999993,1.0
2026-02-03 18:05:00,6.19,5.0,0.23800000000000007,1.0
2026-02-03 18:06:00,6.31,5.0,0.2619999999999999,1.0
2026-02-03 18:07:00,6.33,5.0,0.266,1.0
2026-02-03 18:08:00,6.3,5.0,0.25999999999999995,1.0
2026-02-03 18:09:00,6.35,5.0,0.2699999999999999,1.0
2026-02-03 18:10:00,7.12,5.0,0.42400000000000004,1.0
2026-02-03 18:11:00,7.42,5.0,0.484,1.0
2026-02-03 18:12:00,7.39,5.0,0.4779999999999999,1.0
2026-02-03 18:13:00,7.4,5.0,0.4800000000000001,1.0
2026-02-03 18:14:00,7.52,5.0,0.5039999999999999,1.0
2026-02-03 18:15:00,7.21,5.0,0.442,1.0
2026-02-03 18:16:00,7.07,5.0,0.41400000000000003,1.0
2026-02-03 18:17:00,7.19,5.0,0.43800000000000006,1.0
2026-02-03 18:18:00,7.36,5.0,0.4720000000000001,1.0
2026-02-03 18:19:00,7.4,5.0,0.4800000000000001,1.0
2026-02-03 18:20:00,7.29,5.0,0.458,1.0
2026-02-03 18:21:00,7.39,5.0,0.4779999999999999,1.0
2026-02-03 18:22:00,7.3,5.0,0.45999999999999996,1.0
2026-02-03 18:23:00,7.23,5.0,0.44600000000000006,1.0
2026-02-03 18:24:00,7.08,5.0,0.41600000000000004,1.0
2026-02-03 18:25:00,7.12,5.0,0.42400000000000004,1.0
2026-02-03 18:26:00,7.13,5.0,0.426,1.0
2026-02-03 18:27:00,7.17,5.0,0.434,1.0
2026-02-03 18:28:00,7.09,5.0,0.418,1.0
2026-02-03 18:29:00,7.04,5.0,0.40800000000000003,1.0
2026-02-03 18:30:00,7.02,5.0,0.4039999999999999,1.0
2026-02-03 18:31:00,6.95,5.0,0.39,1.0
2026-02-03 18:32:00,7.03,5.0,0.406,1.0
2026-02-03 18:33:00,7.1,5.0,0.41999999999999993,1.0
2026-02-03 18:34:00,6.82,5.0,0.36400000000000005,1.0
2026-02-03 18:35:00,3.16,5.0,0.368,0.4619883040935673
2026-02-03 18:36:00,2.79,5.0,0.442,0.38696255201109575
2026-02-03 18:37:00,3.23,5.0,0.354,0.4771048744460857
2026-02-03 18:38:00,3.43,5.0,0.31399999999999995,0.5220700152207002
2026-02-03 18:39:00,3.8,5.0,0.24000000000000005,0.6129032258064516
2026-02-03 18:40:00,3.65,5.0,0.27,0.5748031496062992
2026-02-03 18:41:00,3.65,5.0,0.27,0.5748031496062992
2026-02-03 18:42:00,3.73,5.0,0.254,0.594896331738437
2026-02-03 18:43:00,3.6,5.0,0.27999999999999997,0.5625
2026-02-03 18:44:00,3.58,5.0,0.284,0.557632398753894
2026-02-03 18:45:00,3.24,5.0,0.352,0.4792899408284024
2026-02-03 18:46:00,3.18,5.0,0.364,0.46627565982404695
2026-02-03 18:47:00,3.43,5.0,0.31399999999999995,0.5220700152207002
2026-02-03 18:48:00,3.49,5.0,0.30199999999999994,0.5360983102918587
2026-02-03 18:49:00,3.63,5.0,0.274,0.5698587127158555
2026-02-03 18:50:00,4.59,5.0,0.08200000000000003,0.8484288354898335
2026-02-03 18:51:00,5.73,5.0,0.14600000000000007,1.0
2026-02-03 18:52:00,5.97,5.0,0.19399999999999995,1.0
2026-02-03 18:53:00,8.09,5.0,0.618,1.0
2026-02-03 18:54:00,8.34,5.0,0.6679999999999999,1.0
2026-02-03 18:55:00,8.28,5.0,0.6559999999999999,1.0
2026-02-03 18:56:00,8.28,5.0,0.6559999999999999,1.0
2026-02-03 18:57:00,8.53,5.0,0.7059999999999998,1.0
2026-02-03 18:58:00,8.65,5.0,0.7300000000000001,1.0
2026-02-03 18:59:00,8.94,5.0,0.7879999999999999,1.0
2026-02-03 19:00:00,8.91,5.0,0.782,1.0
2026-02-03 19:01:00,8.97,5.0,0.7940000000000002,1.0
2026-02-03 19:02:00,8.95,5.0,0.7899999999999998,1.0
2026-02-03 19:03:00,8.97,5.0,0.7940000000000002,1.0
2026-02-03 19:04:00,9.0,5.0,0.8,1.0
2026-02-03 19:05:00,8.96,5.0,0.7920000000000001,1.0
2026-02-03 19:06:00,8.98,5.0,0.796,1.0
2026-02-03 19:07:00,8.93,5.0,0.7859999999999999,1.0
2026-02-03 19:08:00,8.75,5.0,0.75,1.0
2026-02-03 19:09:00,8.75,5.0,0.75,1.0
2026-02-03 19:10:00,8.8,5.0,0.7600000000000001,1.0
2026-02-03 19:11:00,8.84,5.0,0.768,1.0
2026-02-03 19:12:00,8.89,5.0,0.7780000000000001,1.0
2026-02-03 19:13:00,9.04,5.0,0.8079999999999998,1.0
2026-02-03 19:14:00,9.17,5.0,0.834,1.0
2026-02-03 19:15:00,9.2,5.0,0.8399999999999999,1.0
2026-02-03 19:16:00,9.13,5.0,0.8260000000000002,1.0
2026-02-03 19:17:00,9.11,5.0,0.8219999999999998,1.0
2026-02-03 19:18:00,9.06,5.0,0.812,1.0
2026-02-03 19:19:00,9.06,5.0,0.812,1.0
2026-02-03 19:20:00,9.18,5.0,0.836,1.0
2026-02-03 19:21:00,9.21,5.0,0.8420000000000002,1.0
2026-02-03 19:22:00,9.15,5.0,0.8300000000000001,1.0
2026-02-03 19:23:00,9.2,5.0,0.8399999999999999,1.0
2026-02-03 19:24:00,9.08,5.0,0.8160000000000001,1.0
2026-02-03 19:25:00,9.04,5.0,0.8079999999999998,1.0
2026-02-03 19:26:00,9.16,5.0,0.8320000000000001,1.0
2026-02-03 19:27:00,9.15,5.0,0.8300000000000001,1.0
2026-02-03 19:28:00,9.1,5.0,0.82,1.0
2026-02-03 19:29:00,8.93,5.0,0.7859999999999999,1.0
2026-02-03 19:30:00,8.96,5.0,0.7920000000000001,1.0
2026-02-03 19:31:00,8.98,5.0,0.796,1.0
2026-02-03 19:32:00,8.88,5.0,0.7760000000000001,1.0
2026-02-03 19:33:00,8.84,5.0,0.768,1.0
2026-02-03 19:34:00,8.9,5.0,0.78,1.0
2026-02-03 19:35:00,8.93,5.0,0.7859999999999999,1.0
2026-02-03 19:36:00,8.96,5.0,0.7920000000000001,1.0
2026-02-03 19:37:00,8.91,5.0,0.782,1.0
2026-02-03 19:38:00,8.93,5.0,0.7859999999999999,1.0
2026-02-03 19:39:00,8.95,5.0,0.7899999999999998,1.0
2026-02-03 19:40:00,8.84,5.0,0.768,1.0
2026-02-03 19:41:00,8.9,5.0,0.78,1.0
2026-02-03 19:42:00,8.92,5.0,0.784,1.0
2026-02-03 19:43:00,8.97,5.0,0.7940000000000002,1.0
2026-02-03 19:44:00,8.85,5.0,0.7699999999999999,1.0
2026-02-03 19:45:00,8.85,5.0,0.7699999999999999,1.0
2026-02-03 19:46:00,8.81,5.0,0.7620000000000001,1.0
2026-02-03 19:47:00,8.88,5.0,0.7760000000000001,1.0
2026-02-03 19:48:00,8.93,5.0,0.7859999999999999,1.0
2026-02-03 19:49:00,8.88,5.0,0.7760000000000001,1.0
2026-02-03 19:50:00,8.99,5.0,0.798,1.0
2026-02-03 19:51:00,9.0,5.0,0.8,1.0
2026-02-03 19:52:00,8.82,5.0,0.764,1.0
2026-02-03 19:53:00,8.98,5.0,0.796,1.0
2026-02-03 19:54:00,9.01,5.0,0.8019999999999999,1.0
2026-02-03 19:55:00,8.98,5.0,0.796,1.0
2026-02-03 19:56:00,8.88,5.0,0.7760000000000001,1.0
2026-02-03 19:57:00,8.95,5.0,0.7899999999999998,1.0
2026-02-03 19:58:00,8.98,5.0,0.796,1.0
2026-02-03 19:59:00,8.93,5.0,0.7859999999999999,1.0
2026-02-03 20:00:00,8.91,5.0,0.782,1.0
2026-02-03 20:01:00,8.92,5.0,0.784,1.0
2026-02-03 20:02:00,8.91,5.0,0.782,1.0
2026-02-03 20:03:00,8.94,5.0,0.7879999999999999,1.0
2026-02-03 20:04:00,8.98,5.0,0.796,1.0
2026-02-03 20:05:00,8.94,5.0,0.7879999999999999,1.0
2026-02-03 20:06:00,8.93,5.0,0.7859999999999999,1.0
2026-02-03 20:07:00,8.9,5.0,0.78,1.0
2026-02-03 20:08:00,8.92,5.0,0.784,1.0
2026-02-03 20:09:00,8.78,5.0,0.7559999999999999,1.0
2026-02-03 20:10:00,8.95,5.0,0.7899999999999998,1.0
2026-02-03 20:11:00,8.87,5.0,0.7739999999999998,1.0
2026-02-03 20:12:00,8.83,5.0,0.766,1.0
2026-02-03 20:13:00,8.85,5.0,0.7699999999999999,1.0
2026-02-03 20:14:00,8.95,5.0,0.7899999999999998,1.0
2026-02-03 20:15:00,8.98,5.0,0.796,1.0
2026-02-03 20:16:00,8.96,5.0,0.7920000000000001,1.0
2026-02-03 20:17:00,9.06,5.0,0.812,1.0
2026-02-03 20:18:00,9.01,5.0,0.8019999999999999,1.0
2026-02-03 20:19:00,8.94,5.0,0.7879999999999999,1.0
2026-02-03 20:20:00,8.89,5.0,0.7780000000000001,1.0
2026-02-03 20:21:00,8.94,5.0,0.7879999999999999,1.0
2026-02-03 20:22:00,8.91,5.0,0.782,1.0
2026-02-03 20:23:00,8.99,5.0,0.798,1.0
2026-02-03 20:24:00,8.96,5.0,0.7920000000000001,1.0
2026-02-03 20:25:00,8.96,5.0,0.7920000000000001,1.0
2026-02-03 20:26:00,8.94,5.0,0.7879999999999999,1.0
2026-02-03 20:27:00,8.88,5.0,0.7760000000000001,1.0
2026-02-03 20:28:00,8.87,5.0,0.7739999999999998,1.0
2026-02-03 20:29:00,8.9,5.0,0.78,1.0
2026-02-03 20:30:00,8.86,5.0,0.7719999999999999,1.0
2026-02-03 20:31:00,8.75,5.0,0.75,1.0
2026-02-03 20:32:00,8.68,5.0,0.736,1.0
2026-02-03 20:33:00,8.72,5.0,0.7440000000000001,1.0
2026-02-03 20:34:00,8.81,5.0,0.7620000000000001,1.0
2026-02-03 20:35:00,8.84,5.0,0.768,1.0
2026-02-03 20:36:00,8.78,5.0,0.7559999999999999,1.0
2026-02-03 20:37:00,8.79,5.0,0.7579999999999998,1.0
2026-02-03 20:38:00,8.53,5.0,0.7059999999999998,1.0
2026-02-03 20:39:00,8.78,5.0,0.7559999999999999,1.0
2026-02-03 20:40:00,8.7,5.0,0.7399999999999999,1.0
2026-02-03 20:41:00,8.64,5.0,0.7280000000000001,1.0
2026-02-03 20:42:00,8.74,5.0,0.748,1.0
2026-02-03 20:43:00,8.79,5.0,0.7579999999999998,1.0
2026-02-03 20:44:00,9.0,5.0,0.8,1.0
2026-02-03 20:45:00,8.96,5.0,0.7920000000000001,1.0
2026-02-03 20:46:00,8.8,5.0,0.7600000000000001,1.0
2026-02-03 20:47:00,8.84,5.0,0.768,1.0
2026-02-03 20:48:00,9.03,5.0,0.8059999999999998,1.0
2026-02-03 20:49:00,9.11,5.0,0.8219999999999998,1.0
2026-02-03 20:50:00,9.15,5.0,0.8300000000000001,1.0
2026-02-03 20:51:00,9.19,5.0,0.8379999999999999,1.0
2026-02-03 20:52:00,9.18,5.0,0.836,1.0
2026-02-03 20:53:00,9.2,5.0,0.8399999999999999,1.0
2026-02-03 20:54:00,9.33,5.0,0.866,1.0
2026-02-03 20:55:00,9.27,5.0,0.8539999999999999,1.0
2026-02-03 20:56:00,9.25,5.0,0.85,1.0
2026-02-03 20:57:00,9.3,5.0,0.8600000000000001,1.0
2026-02-03 20:58:00,9.12,5.0,0.8239999999999998,1.0
2026-02-03 20:59:00,8.9,5.0,0.78,1.0
2026-02-03 21:00:00,8.94,5.0,0.7879999999999999,1.0
2026-02-03 21:01:00,8.93,5.0,0.7859999999999999,1.0
2026-02-03 21:02:00,8.85,5.0,0.7699999999999999,1.0
2026-02-03 21:03:00,8.94,5.0,0.7879999999999999,1.0
2026-02-03 21:04:00,8.94,5.0,0.7879999999999999,1.0
2026-02-03 21:05:00,8.99,5.0,0.798,1.0
2026-02-03 21:06:00,8.87,5.0,0.7739999999999998,1.0
2026-02-03 21:07:00,8.81,5.0,0.7620000000000001,1.0
2026-02-03 21:08:00,8.83,5.0,0.766,1.0
2026-02-03 21:09:00,8.9,5.0,0.78,1.0
2026-02-03 21:10:00,8.96,5.0,0.7920000000000001,1.0
2026-02-03 21:11:00,8.96,5.0,0.7920000000000001,1.0
2026-02-03 21:12:00,8.98,5.0,0.796,1.0
2026-02-03 21:13:00,8.94,5.0,0.7879999999999999,1.0
2026-02-03 21:14:00,8.86,5.0,0.7719999999999999,1.0
2026-02-03 21:15:00,9.01,5.0,0.8019999999999999,1.0
2026-02-03 21:16:00,8.8,5.0,0.7600000000000001,1.0
2026-02-03 21:17:00,8.85,5.0,0.7699999999999999,1.0
2026-02-03 21:18:00,8.81,5.0,0.7620000000000001,1.0
2026-02-03 21:19:00,8.81,5.0,0.7620000000000001,1.0
2026-02-03 21:20:00,8.87,5.0,0.7739999999999998,1.0
2026-02-03 21:21:00,8.82,5.0,0.764,1.0
2026-02-03 21:22:00,8.62,5.0,0.7239999999999999,1.0
2026-02-03 21:23:00,8.45,5.0,0.6899999999999998,1.0
2026-02-03 21:24:00,8.63,5.0,0.7260000000000002,1.0
2026-02-03 21:25:00,8.77,5.0,0.7539999999999999,1.0
2026-02-03 21:26:00,8.79,5.0,0.7579999999999998,1.0
2026-02-03 21:27:00,8.7,5.0,0.7399999999999999,1.0
2026-02-03 21:28:00,8.82,5.0,0.764,1.0
2026-02-03 21:29:00,8.88,5.0,0.7760000000000001,1.0
2026-02-03 21:30:00,8.9,5.0,0.78,1.0
2026-02-03 21:31:00,8.95,5.0,0.7899999999999998,1.0
2026-02-03 21:32:00,8.96,5.0,0.7920000000000001,1.0
2026-02-03 21:33:00,9.0,5.0,0.8,1.0
2026-02-03 21:34:00,9.03,5.0,0.8059999999999998,1.0
2026-02-03 21:35:00,8.96,5.0,0.7920000000000001,1.0
2026-02-03 21:36:00,8.97,5.0,0.7940000000000002,1.0
2026-02-03 21:37:00,8.94,5.0,0.7879999999999999,1.0
2026-02-03 21:38:00,8.96,5.0,0.7920000000000001,1.0
2026-02-03 21:39:00,8.91,5.0,0.782,1.0
2026-02-03 21:40:00,8.91,5.0,0.782,1.0
2026-02-03 21:41:00,8.85,5.0,0.7699999999999999,1.0
2026-02-03 21:42:00,8.77,5.0,0.7539999999999999,1.0
2026-02-03 21:43:00,8.62,5.0,0.7239999999999999,1.0
2026-02-03 21:44:00,8.62,5.0,0.7239999999999999,1.0
2026-02-03 21:45:00,8.78,5.0,0.7559999999999999,1.0
2026-02-03 21:46:00,8.76,5.0,0.752,1.0
2026-02-03 21:47:00,8.63,5.0,0.7260000000000002,1.0
2026-02-03 21:48:00,8.84,5.0,0.768,1.0
2026-02-03 21:49:00,8.93,5.0,0.7859999999999999,1.0
2026-02-03 21:50:00,8.9,5.0,0.78,1.0
2026-02-03 21:51:00,8.86,5.0,0.7719999999999999,1.0
2026-02-03 21:52:00,8.9,5.0,0.78,1.0
2026-02-03 21:53:00,8.85,5.0,0.7699999999999999,1.0
2026-02-03 21:54:00,8.86,5.0,0.7719999999999999,1.0
2026-02-03 21:55:00,8.88,5.0,0.7760000000000001,1.0
2026-02-03 21:56:00,8.89,5.0,0.7780000000000001,1.0
2026-02-03 21:57:00,8.94,5.0,0.7879999999999999,1.0
2026-02-03 21:58:00,8.93,5.0,0.7859999999999999,1.0
2026-02-03 22:00:00,8.87,5.0,0.7739999999999998,1.0
2026-02-03 22:01:00,8.95,5.0,0.7899999999999998,1.0
2026-02-03 22:02:00,8.97,5.0,0.7940000000000002,1.0
2026-02-03 22:03:00,9.0,5.0,0.8,1.0
2026-02-03 22:04:00,8.96,5.0,0.7920000000000001,1.0
2026-02-03 22:05:00,8.97,5.0,0.7940000000000002,1.0
2026-02-03 22:06:00,8.98,5.0,0.796,1.0
2026-02-03 22:07:00,8.99,5.0,0.798,1.0
2026-02-03 22:08:00,8.91,5.0,0.782,1.0
2026-02-03 22:09:00,8.9,5.0,0.78,1.0
2026-02-03 22:10:00,8.88,5.0,0.7760000000000001,1.0
2026-02-03 22:11:00,8.88,5.0,0.7760000000000001,1.0
2026-02-03 22:12:00,8.89,5.0,0.7780000000000001,1.0
2026-02-03 22:13:00,8.9,5.0,0.78,1.0
2026-02-03 22:14:00,8.87,5.0,0.7739999999999998,1.0
2026-02-03 22:15:00,8.96,5.0,0.7920000000000001,1.0
2026-02-03 22:16:00,8.85,5.0,0.7699999999999999,1.0
2026-02-03 22:17:00,8.78,5.0,0.7559999999999999,1.0
2026-02-03 22:18:00,8.77,5.0,0.7539999999999999,1.0
2026-02-03 22:19:00,8.82,5.0,0.764,1.0
2026-02-03 22:20:00,8.89,5.0,0.7780000000000001,1.0
2026-02-03 22:21:00,9.07,5.0,0.8140000000000001,1.0
2026-02-03 22:22:00,9.12,5.0,0.8239999999999998,1.0
2026-02-03 22:23:00,9.15,5.0,0.8300000000000001,1.0
2026-02-03 22:24:00,9.08,5.0,0.8160000000000001,1.0
2026-02-03 22:25:00,9.04,5.0,0.8079999999999998,1.0
2026-02-03 22:26:00,9.06,5.0,0.812,1.0
2026-02-03 22:27:00,9.1,5.0,0.82,1.0
2026-02-03 22:28:00,9.09,5.0,0.818,1.0
2026-02-03 22:29:00,9.01,5.0,0.8019999999999999,1.0
2026-02-03 22:30:00,8.94,5.0,0.7879999999999999,1.0
2026-02-03 22:31:00,8.93,5.0,0.7859999999999999,1.0
2026-02-03 22:32:00,8.89,5.0,0.7780000000000001,1.0
2026-02-03 22:33:00,8.9,5.0,0.78,1.0
2026-02-03 22:34:00,8.85,5.0,0.7699999999999999,1.0
2026-02-03 22:35:00,8.92,5.0,0.784,1.0
2026-02-03 22:36:00,8.88,5.0,0.7760000000000001,1.0
2026-02-03 22:37:00,8.84,5.0,0.768,1.0
2026-02-03 22:38:00,8.89,5.0,0.7780000000000001,1.0
2026-02-03 22:39:00,8.9,5.0,0.78,1.0
2026-02-03 22:40:00,8.89,5.0,0.7780000000000001,1.0
2026-02-03 22:41:00,8.85,5.0,0.7699999999999999,1.0
2026-02-03 22:42:00,8.78,5.0,0.7559999999999999,1.0
2026-02-03 22:43:00,8.82,5.0,0.764,1.0
2026-02-03 22:44:00,8.82,5.0,0.764,1.0
2026-02-03 22:45:00,8.83,5.0,0.766,1.0
2026-02-03 22:46:00,8.88,5.0,0.7760000000000001,1.0
2026-02-03 22:47:00,8.89,5.0,0.7780000000000001,1.0
2026-02-03 22:48:00,8.83,5.0,0.766,1.0
2026-02-03 22:49:00,8.78,5.0,0.7559999999999999,1.0
2026-02-03 22:50:00,8.79,5.0,0.7579999999999998,1.0
2026-02-03 22:51:00,8.68,5.0,0.736,1.0
2026-02-03 22:52:00,8.58,5.0,0.716,1.0
2026-02-03 22:53:00,8.6,5.0,0.72,1.0
2026-02-03 22:54:00,8.67,5.0,0.734,1.0
2026-02-03 22:55:00,8.64,5.0,0.7280000000000001,1.0
2026-02-03 22:56:00,8.69,5.0,0.7379999999999999,1.0
2026-02-03 22:57:00,8.72,5.0,0.7440000000000001,1.0
2026-02-03 22:58:00,8.8,5.0,0.7600000000000001,1.0
2026-02-03 22:59:00,8.68,5.0,0.736,1.0
2026-02-03 23:00:00,8.64,5.0,0.7280000000000001,1.0
2026-02-03 23:01:00,8.64,5.0,0.7280000000000001,1.0
2026-02-03 23:02:00,8.65,5.0,0.7300000000000001,1.0
2026-02-03 23:03:00,8.69,5.0,0.7379999999999999,1.0
2026-02-03 23:04:00,8.7,5.0,0.7399999999999999,1.0
2026-02-03 23:05:00,8.66,5.0,0.732,1.0
2026-02-03 23:06:00,8.66,5.0,0.732,1.0
2026-02-03 23:07:00,8.68,5.0,0.736,1.0
2026-02-03 23:08:00,8.67,5.0,0.734,1.0
2026-02-03 23:09:00,8.68,5.0,0.736,1.0
2026-02-03 23:10:00,8.58,5.0,0.716,1.0
2026-02-03 23:11:00,8.48,5.0,0.6960000000000001,1.0
2026-02-03 23:12:00,8.57,5.0,0.7140000000000001,1.0
2026-02-03 23:13:00,8.69,5.0,0.7379999999999999,1.0
2026-02-03 23:14:00,8.7,5.0,0.7399999999999999,1.0
2026-02-03 23:15:00,8.66,5.0,0.732,1.0
2026-02-03 23:16:00,8.71,5.0,0.7420000000000002,1.0
2026-02-03 23:17:00,8.72,5.0,0.7440000000000001,1.0
2026-02-03 23:18:00,8.72,5.0,0.7440000000000001,1.0
2026-02-03 23:19:00,8.75,5.0,0.75,1.0
2026-02-03 23:20:00,8.69,5.0,0.7379999999999999,1.0
2026-02-03 23:21:00,8.75,5.0,0.75,1.0
2026-02-03 23:22:00,8.71,5.0,0.7420000000000002,1.0
2026-02-03 23:23:00,8.75,5.0,0.75,1.0
2026-02-03 23:24:00,8.76,5.0,0.752,1.0
2026-02-03 23:25:00,8.81,5.0,0.7620000000000001,1.0
2026-02-03 23:26:00,8.74,5.0,0.748,1.0
2026-02-03 23:27:00,8.73,5.0,0.7460000000000001,1.0
2026-02-03 23:28:00,8.74,5.0,0.748,1.0
2026-02-03 23:29:00,8.84,5.0,0.768,1.0
2026-02-03 23:30:00,8.88,5.0,0.7760000000000001,1.0
2026-02-03 23:31:00,8.85,5.0,0.7699999999999999,1.0
2026-02-03 23:32:00,8.79,5.0,0.7579999999999998,1.0
2026-02-03 23:33:00,8.75,5.0,0.75,1.0
2026-02-03 23:34:00,8.69,5.0,0.7379999999999999,1.0
2026-02-03 23:35:00,8.7,5.0,0.7399999999999999,1.0
2026-02-03 23:36:00,8.66,5.0,0.732,1.0
2026-02-03 23:37:00,8.66,5.0,0.732,1.0
2026-02-03 23:38:00,8.64,5.0,0.7280000000000001,1.0
2026-02-03 23:39:00,8.69,5.0,0.7379999999999999,1.0
2026-02-03 23:40:00,8.69,5.0,0.7379999999999999,1.0
2026-02-03 23:41:00,8.71,5.0,0.7420000000000002,1.0
2026-02-03 23:42:00,8.68,5.0,0.736,1.0
2026-02-03 23:43:00,8.75,5.0,0.75,1.0
2026-02-03 23:44:00,8.74,5.0,0.748,1.0
2026-02-03 23:45:00,8.67,5.0,0.734,1.0
2026-02-03 23:46:00,8.62,5.0,0.7239999999999999,1.0
2026-02-03 23:47:00,8.68,5.0,0.736,1.0
2026-02-03 23:48:00,8.66,5.0,0.732,1.0
2026-02-03 23:49:00,8.66,5.0,0.732,1.0
2026-02-03 23:50:00,8.74,5.0,0.748,1.0
2026-02-03 23:51:00,8.71,5.0,0.7420000000000002,1.0
2026-02-03 23:52:00,8.68,5.0,0.736,1.0
2026-02-03 23:53:00,8.65,5.0,0.7300000000000001,1.0
2026-02-03 23:54:00,8.67,5.0,0.734,1.0
2026-02-03 23:55:00,8.63,5.0,0.7260000000000002,1.0
2026-02-03 23:56:00,8.6,5.0,0.72,1.0
2026-02-03 23:57:00,8.62,5.0,0.7239999999999999,1.0
2026-02-03 23:58:00,8.56,5.0,0.7120000000000001,1.0
2026-02-03 23:59:00,8.61,5.0,0.7219999999999999,1.0
2026-02-04 00:00:00,8.63,5.0,0.7260000000000002,1.0
2026-02-04 00:01:00,8.59,5.0,0.718,1.0
2026-02-04 00:02:00,8.63,5.0,0.7260000000000002,1.0
2026-02-04 00:03:00,8.68,5.0,0.736,1.0
2026-02-04 00:04:00,8.6,5.0,0.72,1.0
2026-02-04 00:05:00,8.55,5.0,0.7100000000000002,1.0
2026-02-04 00:06:00,8.54,5.0,0.7079999999999999,1.0
2026-02-04 00:07:00,8.62,5.0,0.7239999999999999,1.0
2026-02-04 00:08:00,8.55,5.0,0.7100000000000002,1.0
2026-02-04 00:09:00,8.57,5.0,0.7140000000000001,1.0
2026-02-04 00:10:00,8.58,5.0,0.716,1.0
2026-02-04 00:11:00,8.56,5.0,0.7120000000000001,1.0
2026-02-04 00:12:00,8.51,5.0,0.702,1.0
2026-02-04 00:13:00,8.54,5.0,0.7079999999999999,1.0
2026-02-04 00:14:00,8.53,5.0,0.7059999999999998,1.0
2026-02-04 00:15:00,8.6,5.0,0.72,1.0
2026-02-04 00:16:00,8.58,5.0,0.716,1.0
2026-02-04 00:17:00,8.58,5.0,0.716,1.0
2026-02-04 00:18:00,8.46,5.0,0.6920000000000002,1.0
2026-02-04 00:19:00,8.35,5.0,0.6699999999999999,1.0
2026-02-04 00:20:00,8.27,5.0,0.6539999999999999,1.0
2026-02-04 00:21:00,8.42,5.0,0.6839999999999999,1.0
2026-02-04 00:23:00,8.44,5.0,0.688,1.0
2026-02-04 00:24:00,8.41,5.0,0.682,1.0
2026-02-04 00:25:00,8.38,5.0,0.6760000000000002,1.0
2026-02-04 00:26:00,8.43,5.0,0.6859999999999999,1.0
2026-02-04 00:27:00,8.44,5.0,0.688,1.0
2026-02-04 00:28:00,8.31,5.0,0.6620000000000001,1.0
2026-02-04 00:29:00,8.41,5.0,0.682,1.0
2026-02-04 00:30:00,8.44,5.0,0.688,1.0
2026-02-04 00:31:00,8.36,5.0,0.6719999999999999,1.0
2026-02-04 00:32:00,8.36,5.0,0.6719999999999999,1.0
2026-02-04 00:33:00,8.36,5.0,0.6719999999999999,1.0
2026-02-04 00:34:00,8.36,5.0,0.6719999999999999,1.0
2026-02-04 00:35:00,8.41,5.0,0.682,1.0
2026-02-04 00:36:00,8.42,5.0,0.6839999999999999,1.0
2026-02-04 00:37:00,8.41,5.0,0.682,1.0
2026-02-04 00:38:00,8.39,5.0,0.6780000000000002,1.0
2026-02-04 00:39:00,8.43,5.0,0.6859999999999999,1.0
2026-02-04 00:40:00,8.4,5.0,0.68,1.0
2026-02-04 00:41:00,8.44,5.0,0.688,1.0
2026-02-04 00:42:00,8.47,5.0,0.6940000000000002,1.0
2026-02-04 00:43:00,8.43,5.0,0.6859999999999999,1.0
2026-02-04 00:44:00,8.3,5.0,0.6600000000000001,1.0
2026-02-04 00:45:00,8.25,5.0,0.65,1.0
2026-02-04 00:46:00,8.28,5.0,0.6559999999999999,1.0
2026-02-04 00:47:00,8.4,5.0,0.68,1.0
2026-02-04 00:48:00,8.4,5.0,0.68,1.0
2026-02-04 00:49:00,8.36,5.0,0.6719999999999999,1.0
2026-02-04 00:50:00,8.41,5.0,0.682,1.0
2026-02-04 00:51:00,8.36,5.0,0.6719999999999999,1.0
2026-02-04 00:52:00,8.38,5.0,0.6760000000000002,1.0
2026-02-04 00:53:00,8.26,5.0,0.6519999999999999,1.0
2026-02-04 00:54:00,8.32,5.0,0.664,1.0
2026-02-04 00:55:00,8.36,5.0,0.6719999999999999,1.0
2026-02-04 00:56:00,8.42,5.0,0.6839999999999999,1.0
2026-02-04 00:57:00,8.48,5.0,0.6960000000000001,1.0
2026-02-04 00:58:00,8.53,5.0,0.7059999999999998,1.0
2026-02-04 00:59:00,8.54,5.0,0.7079999999999999,1.0
2026-02-04 01:00:00,8.59,5.0,0.718,1.0
2026-02-04 01:01:00,8.57,5.0,0.7140000000000001,1.0
2026-02-04 01:02:00,8.54,5.0,0.7079999999999999,1.0
2026-02-04 01:03:00,8.57,5.0,0.7140000000000001,1.0
2026-02-04 01:04:00,8.6,5.0,0.72,1.0
2026-02-04 01:05:00,8.59,5.0,0.718,1.0
2026-02-04 01:06:00,8.56,5.0,0.7120000000000001,1.0
2026-02-04 01:07:00,8.58,5.0,0.716,1.0
2026-02-04 01:08:00,8.6,5.0,0.72,1.0
2026-02-04 01:09:00,8.62,5.0,0.7239999999999999,1.0
2026-02-04 01:10:00,8.59,5.0,0.718,1.0
2026-02-04 01:11:00,8.55,5.0,0.7100000000000002,1.0
2026-02-04 01:12:00,8.56,5.0,0.7120000000000001,1.0
2026-02-04 01:13:00,8.48,5.0,0.6960000000000001,1.0
2026-02-04 01:14:00,8.44,5.0,0.688,1.0
2026-02-04 01:15:00,8.51,5.0,0.702,1.0
2026-02-04 01:16:00,8.51,5.0,0.702,1.0
2026-02-04 01:17:00,8.44,5.0,0.688,1.0
2026-02-04 01:18:00,8.44,5.0,0.688,1.0
2026-02-04 01:19:00,8.4,5.0,0.68,1.0
2026-02-04 01:20:00,8.38,5.0,0.6760000000000002,1.0
2026-02-04 01:21:00,8.4,5.0,0.68,1.0
2026-02-04 01:22:00,8.49,5.0,0.6980000000000001,1.0
2026-02-04 01:23:00,8.47,5.0,0.6940000000000002,1.0
2026-02-04 01:24:00,8.52,5.0,0.704,1.0
2026-02-04 01:25:00,8.41,5.0,0.682,1.0
2026-02-04 01:26:00,8.38,5.0,0.6760000000000002,1.0
2026-02-04 01:27:00,8.32,5.0,0.664,1.0
2026-02-04 01:28:00,8.44,5.0,0.688,1.0
2026-02-04 01:29:00,8.41,5.0,0.682,1.0
2026-02-04 01:30:00,8.42,5.0,0.6839999999999999,1.0
2026-02-04 01:31:00,8.43,5.0,0.6859999999999999,1.0
2026-02-04 01:32:00,8.13,5.0,0.6260000000000001,1.0
2026-02-04 01:33:00,8.33,5.0,0.666,1.0
2026-02-04 01:34:00,8.43,5.0,0.6859999999999999,1.0
2026-02-04 01:35:00,8.44,5.0,0.688,1.0
2026-02-04 01:36:00,8.46,5.0,0.6920000000000002,1.0
2026-02-04 01:37:00,8.48,5.0,0.6960000000000001,1.0
2026-02-04 01:38:00,8.5,5.0,0.7,1.0
2026-02-04 01:39:00,8.46,5.0,0.6920000000000002,1.0
2026-02-04 01:40:00,8.47,5.0,0.6940000000000002,1.0
2026-02-04 01:41:00,8.41,5.0,0.682,1.0
2026-02-04 01:42:00,8.44,5.0,0.688,1.0
2026-02-04 01:43:00,8.45,5.0,0.6899999999999998,1.0
2026-02-04 01:44:00,8.5,5.0,0.7,1.0
2026-02-04 01:45:00,8.45,5.0,0.6899999999999998,1.0
2026-02-04 01:46:00,8.42,5.0,0.6839999999999999,1.0
2026-02-04 01:47:00,8.43,5.0,0.6859999999999999,1.0
2026-02-04 01:48:00,8.43,5.0,0.6859999999999999,1.0
2026-02-04 01:49:00,8.46,5.0,0.6920000000000002,1.0
2026-02-04 01:50:00,8.45,5.0,0.6899999999999998,1.0
2026-02-04 01:51:00,8.48,5.0,0.6960000000000001,1.0
2026-02-04 01:52:00,8.45,5.0,0.6899999999999998,1.0
2026-02-04 01:53:00,8.43,5.0,0.6859999999999999,1.0
2026-02-04 01:54:00,8.41,5.0,0.682,1.0
2026-02-04 01:55:00,8.38,5.0,0.6760000000000002,1.0
2026-02-04 01:56:00,8.43,5.0,0.6859999999999999,1.0
2026-02-04 01:57:00,8.48,5.0,0.6960000000000001,1.0
2026-02-04 01:58:00,8.47,5.0,0.6940000000000002,1.0
2026-02-04 01:59:00,8.46,5.0,0.6920000000000002,1.0
2026-02-04 02:00:00,8.51,5.0,0.702,1.0
2026-02-04 02:01:00,8.46,5.0,0.6920000000000002,1.0
2026-02-04 02:02:00,8.57,5.0,0.7140000000000001,1.0
2026-02-04 02:03:00,8.49,5.0,0.6980000000000001,1.0
2026-02-04 02:04:00,8.57,5.0,0.7140000000000001,1.0
2026-02-04 02:05:00,8.59,5.0,0.718,1.0
2026-02-04 02:06:00,8.52,5.0,0.704,1.0
2026-02-04 02:07:00,8.59,5.0,0.718,1.0
2026-02-04 02:08:00,8.67,5.0,0.734,1.0
2026-02-04 02:09:00,8.66,5.0,0.732,1.0
2026-02-04 02:10:00,8.64,5.0,0.7280000000000001,1.0
2026-02-04 02:11:00,8.55,5.0,0.7100000000000002,1.0
2026-02-04 02:12:00,8.49,5.0,0.6980000000000001,1.0
2026-02-04 02:13:00,8.49,5.0,0.6980000000000001,1.0
2026-02-04 02:14:00,8.51,5.0,0.702,1.0
2026-02-04 02:15:00,8.58,5.0,0.716,1.0
2026-02-04 02:16:00,8.62,5.0,0.7239999999999999,1.0
2026-02-04 02:17:00,8.62,5.0,0.7239999999999999,1.0
2026-02-04 02:18:00,8.6,5.0,0.72,1.0
2026-02-04 02:19:00,8.63,5.0,0.7260000000000002,1.0
2026-02-04 02:20:00,8.71,5.0,0.7420000000000002,1.0
2026-02-04 02:21:00,8.66,5.0,0.732,1.0
2026-02-04 02:22:00,8.72,5.0,0.7440000000000001,1.0
2026-02-04 02:23:00,8.66,5.0,0.732,1.0
2026-02-04 02:24:00,8.64,5.0,0.7280000000000001,1.0
2026-02-04 02:25:00,8.65,5.0,0.7300000000000001,1.0
2026-02-04 02:26:00,8.78,5.0,0.7559999999999999,1.0
2026-02-04 02:27:00,8.75,5.0,0.75,1.0
2026-02-04 02:28:00,8.73,5.0,0.7460000000000001,1.0
2026-02-04 02:29:00,8.62,5.0,0.7239999999999999,1.0
2026-02-04 02:30:00,8.61,5.0,0.7219999999999999,1.0
2026-02-04 02:31:00,8.66,5.0,0.732,1.0
2026-02-04 02:32:00,8.64,5.0,0.7280000000000001,1.0
2026-02-04 02:33:00,8.69,5.0,0.7379999999999999,1.0
2026-02-04 02:34:00,8.71,5.0,0.7420000000000002,1.0
2026-02-04 02:35:00,8.66,5.0,0.732,1.0
2026-02-04 02:36:00,8.58,5.0,0.716,1.0
2026-02-04 02:37:00,8.58,5.0,0.716,1.0
2026-02-04 02:38:00,8.57,5.0,0.7140000000000001,1.0
2026-02-04 02:39:00,8.64,5.0,0.7280000000000001,1.0
2026-02-04 02:40:00,8.68,5.0,0.736,1.0
2026-02-04 02:41:00,8.69,5.0,0.7379999999999999,1.0
2026-02-04 02:42:00,8.66,5.0,0.732,1.0
2026-02-04 02:43:00,8.62,5.0,0.7239999999999999,1.0
2026-02-04 02:44:00,8.6,5.0,0.72,1.0
2026-02-04 02:45:00,8.61,5.0,0.7219999999999999,1.0
2026-02-04 02:46:00,8.67,5.0,0.734,1.0
2026-02-04 02:47:00,8.7,5.0,0.7399999999999999,1.0
2026-02-04 02:48:00,8.73,5.0,0.7460000000000001,1.0
2026-02-04 02:49:00,8.5,5.0,0.7,1.0
2026-02-04 02:50:00,8.58,5.0,0.716,1.0
2026-02-04 02:51:00,8.62,5.0,0.7239999999999999,1.0
2026-02-04 02:52:00,8.83,5.0,0.766,1.0
2026-02-04 02:53:00,8.64,5.0,0.7280000000000001,1.0
2026-02-04 02:54:00,8.54,5.0,0.7079999999999999,1.0
2026-02-04 02:55:00,8.68,5.0,0.736,1.0
2026-02-04 02:56:00,8.68,5.0,0.736,1.0
2026-02-04 02:57:00,8.66,5.0,0.732,1.0
2026-02-04 02:58:00,8.63,5.0,0.7260000000000002,1.0
2026-02-04 02:59:00,8.62,5.0,0.7239999999999999,1.0
2026-02-04 03:00:00,8.77,5.0,0.7539999999999999,1.0
2026-02-04 03:01:00,8.61,5.0,0.7219999999999999,1.0
2026-02-04 03:02:00,8.57,5.0,0.7140000000000001,1.0
2026-02-04 03:03:00,8.57,5.0,0.7140000000000001,1.0
2026-02-04 03:04:00,8.59,5.0,0.718,1.0
2026-02-04 03:05:00,8.72,5.0,0.7440000000000001,1.0
2026-02-04 03:06:00,8.64,5.0,0.7280000000000001,1.0
2026-02-04 03:07:00,8.62,5.0,0.7239999999999999,1.0
2026-02-04 03:08:00,8.55,5.0,0.7100000000000002,1.0
2026-02-04 03:09:00,8.61,5.0,0.7219999999999999,1.0
2026-02-04 03:10:00,8.38,5.0,0.6760000000000002,1.0
2026-02-04 03:11:00,8.17,5.0,0.634,1.0
2026-02-04 03:12:00,8.37,5.0,0.6739999999999998,1.0
2026-02-04 03:13:00,8.36,5.0,0.6719999999999999,1.0
2026-02-04 03:14:00,8.34,5.0,0.6679999999999999,1.0
2026-02-04 03:15:00,8.48,5.0,0.6960000000000001,1.0
2026-02-04 03:16:00,8.42,5.0,0.6839999999999999,1.0
2026-02-04 03:17:00,8.4,5.0,0.68,1.0
2026-02-04 03:18:00,8.46,5.0,0.6920000000000002,1.0
2026-02-04 03:19:00,8.41,5.0,0.682,1.0
2026-02-04 03:20:00,8.41,5.0,0.682,1.0
2026-02-04 03:21:00,8.44,5.0,0.688,1.0
2026-02-04 03:22:00,8.52,5.0,0.704,1.0
2026-02-04 03:23:00,8.56,5.0,0.7120000000000001,1.0
2026-02-04 03:24:00,8.47,5.0,0.6940000000000002,1.0
2026-02-04 03:25:00,8.47,5.0,0.6940000000000002,1.0
2026-02-04 03:26:00,8.47,5.0,0.6940000000000002,1.0
2026-02-04 03:27:00,8.53,5.0,0.7059999999999998,1.0
2026-02-04 03:28:00,8.55,5.0,0.7100000000000002,1.0
2026-02-04 03:29:00,8.6,5.0,0.72,1.0
2026-02-04 03:30:00,8.6,5.0,0.72,1.0
2026-02-04 03:31:00,8.47,5.0,0.6940000000000002,1.0
2026-02-04 03:32:00,8.45,5.0,0.6899999999999998,1.0
2026-02-04 03:33:00,8.51,5.0,0.702,1.0
2026-02-04 03:34:00,8.48,5.0,0.6960000000000001,1.0
2026-02-04 03:35:00,8.4,5.0,0.68,1.0
2026-02-04 03:36:00,8.47,5.0,0.6940000000000002,1.0
2026-02-04 03:37:00,8.48,5.0,0.6960000000000001,1.0
2026-02-04 03:38:00,8.47,5.0,0.6940000000000002,1.0
2026-02-04 03:39:00,8.51,5.0,0.702,1.0
2026-02-04 03:40:00,8.6,5.0,0.72,1.0
2026-02-04 03:41:00,8.63,5.0,0.7260000000000002,1.0
2026-02-04 03:42:00,8.64,5.0,0.7280000000000001,1.0
2026-02-04 03:43:00,8.55,5.0,0.7100000000000002,1.0
2026-02-04 03:44:00,8.5,5.0,0.7,1.0
2026-02-04 03:45:00,8.69,5.0,0.7379999999999999,1.0
2026-02-04 03:46:00,8.59,5.0,0.718,1.0
2026-02-04 03:47:00,8.58,5.0,0.716,1.0
2026-02-04 03:48:00,8.53,5.0,0.7059999999999998,1.0
2026-02-04 03:49:00,8.54,5.0,0.7079999999999999,1.0
2026-02-04 03:50:00,8.52,5.0,0.704,1.0
2026-02-04 03:51:00,8.55,5.0,0.7100000000000002,1.0
2026-02-04 03:52:00,8.52,5.0,0.704,1.0
2026-02-04 03:53:00,8.47,5.0,0.6940000000000002,1.0
2026-02-04 03:54:00,8.47,5.0,0.6940000000000002,1.0
2026-02-04 03:55:00,8.58,5.0,0.716,1.0
2026-02-04 03:56:00,8.65,5.0,0.7300000000000001,1.0
2026-02-04 03:57:00,8.73,5.0,0.7460000000000001,1.0
2026-02-04 03:58:00,8.73,5.0,0.7460000000000001,1.0
2026-02-04 04:00:00,8.89,5.0,0.7780000000000001,1.0
2026-02-04 04:01:00,9.0,5.0,0.8,1.0
2026-02-04 04:02:00,8.98,5.0,0.796,1.0
2026-02-04 04:03:00,8.99,5.0,0.798,1.0
2026-02-04 04:04:00,8.95,5.0,0.7899999999999998,1.0
2026-02-04 04:05:00,8.95,5.0,0.7899999999999998,1.0
2026-02-04 04:06:00,8.96,5.0,0.7920000000000001,1.0
2026-02-04 04:07:00,9.03,5.0,0.8059999999999998,1.0
2026-02-04 04:08:00,9.05,5.0,0.8100000000000002,1.0
2026-02-04 04:09:00,8.91,5.0,0.782,1.0
2026-02-04 04:10:00,8.77,5.0,0.7539999999999999,1.0
2026-02-04 04:11:00,9.12,5.0,0.8239999999999998,1.0
2026-02-04 04:12:00,9.09,5.0,0.818,1.0
2026-02-04 04:13:00,9.13,5.0,0.8260000000000002,1.0
2026-02-04 04:14:00,9.13,5.0,0.8260000000000002,1.0
2026-02-04 04:15:00,9.11,5.0,0.8219999999999998,1.0
2026-02-04 04:16:00,9.1,5.0,0.82,1.0
2026-02-04 04:17:00,9.08,5.0,0.8160000000000001,1.0
2026-02-04 04:18:00,8.94,5.0,0.7879999999999999,1.0
2026-02-04 04:19:00,8.95,5.0,0.7899999999999998,1.0
2026-02-04 04:20:00,9.0,5.0,0.8,1.0
2026-02-04 04:21:00,8.93,5.0,0.7859999999999999,1.0
2026-02-04 04:22:00,8.88,5.0,0.7760000000000001,1.0
2026-02-04 04:23:00,8.88,5.0,0.7760000000000001,1.0
2026-02-04 04:24:00,8.89,5.0,0.7780000000000001,1.0
2026-02-04 04:25:00,9.01,5.0,0.8019999999999999,1.0
2026-02-04 04:26:00,8.87,5.0,0.7739999999999998,1.0
2026-02-04 04:27:00,8.87,5.0,0.7739999999999998,1.0
2026-02-04 04:28:00,8.82,5.0,0.764,1.0
2026-02-04 04:29:00,8.8,5.0,0.7600000000000001,1.0
2026-02-04 04:30:00,8.91,5.0,0.782,1.0
2026-02-04 04:31:00,8.84,5.0,0.768,1.0
2026-02-04 04:32:00,8.78,5.0,0.7559999999999999,1.0
2026-02-04 04:33:00,8.71,5.0,0.7420000000000002,1.0
2026-02-04 04:34:00,8.76,5.0,0.752,1.0
2026-02-04 04:35:00,8.69,5.0,0.7379999999999999,1.0
2026-02-04 04:36:00,8.79,5.0,0.7579999999999998,1.0
2026-02-04 04:37:00,8.71,5.0,0.7420000000000002,1.0
2026-02-04 04:38:00,8.79,5.0,0.7579999999999998,1.0
2026-02-04 04:39:00,8.97,5.0,0.7940000000000002,1.0
2026-02-04 04:40:00,9.12,5.0,0.8239999999999998,1.0
2026-02-04 04:41:00,9.15,5.0,0.8300000000000001,1.0
2026-02-04 04:42:00,9.02,5.0,0.8039999999999999,1.0
2026-02-04 04:43:00,9.1,5.0,0.82,1.0
2026-02-04 04:44:00,9.11,5.0,0.8219999999999998,1.0
2026-02-04 04:45:00,9.05,5.0,0.8100000000000002,1.0
2026-02-04 04:46:00,9.18,5.0,0.836,1.0
2026-02-04 04:47:00,9.25,5.0,0.85,1.0
2026-02-04 04:48:00,9.27,5.0,0.8539999999999999,1.0
2026-02-04 04:49:00,9.32,5.0,0.8640000000000001,1.0
2026-02-04 04:50:00,9.36,5.0,0.8719999999999999,1.0
2026-02-04 04:51:00,9.45,5.0,0.8899999999999999,1.0
2026-02-04 04:52:00,9.49,5.0,0.898,1.0
2026-02-04 04:53:00,9.5,5.0,0.9,1.0
2026-02-04 04:54:00,9.51,5.0,0.9019999999999999,1.0
2026-02-04 04:55:00,9.38,5.0,0.8760000000000001,1.0
2026-02-04 04:56:00,9.38,5.0,0.8760000000000001,1.0
2026-02-04 04:57:00,9.49,5.0,0.898,1.0
2026-02-04 04:58:00,9.49,5.0,0.898,1.0
2026-02-04 04:59:00,9.47,5.0,0.8940000000000001,1.0
2026-02-04 05:00:00,9.41,5.0,0.882,1.0
2026-02-04 05:01:00,9.42,5.0,0.884,1.0
2026-02-04 05:02:00,9.45,5.0,0.8899999999999999,1.0
2026-02-04 05:03:00,9.52,5.0,0.9039999999999999,1.0
2026-02-04 05:04:00,9.51,5.0,0.9019999999999999,1.0
2026-02-04 05:05:00,9.63,5.0,0.9260000000000002,1.0
2026-02-04 05:06:00,9.68,5.0,0.9359999999999999,1.0
2026-02-04 05:07:00,9.77,5.0,0.954,1.0
2026-02-04 05:08:00,9.71,5.0,0.9420000000000002,1.0
2026-02-04 05:09:00,9.77,5.0,0.954,1.0
2026-02-04 05:10:00,9.75,5.0,0.95,1.0
2026-02-04 05:11:00,9.58,5.0,0.916,1.0
2026-02-04 05:12:00,9.62,5.0,0.9239999999999998,1.0
2026-02-04 05:13:00,9.65,5.0,0.93,1.0
2026-02-04 05:14:00,9.54,5.0,0.9079999999999998,1.0
2026-02-04 05:15:00,9.58,5.0,0.916,1.0
2026-02-04 05:16:00,9.55,5.0,0.9100000000000001,1.0
2026-02-04 05:17:00,9.51,5.0,0.9019999999999999,1.0
2026-02-04 05:18:00,9.47,5.0,0.8940000000000001,1.0
2026-02-04 05:19:00,9.45,5.0,0.8899999999999999,1.0
2026-02-04 05:20:00,9.41,5.0,0.882,1.0
2026-02-04 05:21:00,9.39,5.0,0.8780000000000001,1.0
2026-02-04 05:22:00,9.38,5.0,0.8760000000000001,1.0
2026-02-04 05:23:00,9.38,5.0,0.8760000000000001,1.0
2026-02-04 05:24:00,9.57,5.0,0.914,1.0
2026-02-04 05:25:00,9.72,5.0,0.9440000000000002,1.0
2026-02-04 05:26:00,9.79,5.0,0.9579999999999999,1.0
2026-02-04 05:27:00,9.88,5.0,0.9760000000000002,1.0
2026-02-04 05:28:00,9.73,5.0,0.9460000000000001,1.0
2026-02-04 05:29:00,9.6,5.0,0.9199999999999999,1.0
2026-02-04 05:30:00,9.69,5.0,0.938,1.0
2026-02-04 05:31:00,9.56,5.0,0.9120000000000001,1.0
2026-02-04 05:32:00,9.47,5.0,0.8940000000000001,1.0
2026-02-04 05:33:00,9.51,5.0,0.9019999999999999,1.0
2026-02-04 05:34:00,9.4,5.0,0.8800000000000001,1.0
2026-02-04 05:35:00,9.43,5.0,0.8859999999999999,1.0
2026-02-04 05:36:00,9.15,5.0,0.8300000000000001,1.0
2026-02-04 05:37:00,9.42,5.0,0.884,1.0
2026-02-04 05:38:00,9.8,5.0,0.9600000000000002,1.0
2026-02-04 05:39:00,9.81,5.0,0.9620000000000001,1.0
2026-02-04 05:40:00,9.8,5.0,0.9600000000000002,1.0
2026-02-04 05:41:00,9.78,5.0,0.9559999999999998,1.0
2026-02-04 05:42:00,9.77,5.0,0.954,1.0
2026-02-04 05:43:00,9.82,5.0,0.9640000000000001,1.0
2026-02-04 05:44:00,9.79,5.0,0.9579999999999999,1.0
2026-02-04 05:45:00,9.77,5.0,0.954,1.0
2026-02-04 05:46:00,9.71,5.0,0.9420000000000002,1.0
2026-02-04 05:47:00,9.78,5.0,0.9559999999999998,1.0
2026-02-04 05:48:00,9.77,5.0,0.954,1.0
2026-02-04 05:49:00,9.79,5.0,0.9579999999999999,1.0
2026-02-04 05:50:00,9.7,5.0,0.9399999999999998,1.0
2026-02-04 05:51:00,9.72,5.0,0.9440000000000002,1.0
2026-02-04 05:52:00,9.73,5.0,0.9460000000000001,1.0
2026-02-04 05:53:00,9.82,5.0,0.9640000000000001,1.0
2026-02-04 05:54:00,9.8,5.0,0.9600000000000002,1.0
2026-02-04 05:55:00,9.89,5.0,0.9780000000000001,1.0
2026-02-04 05:56:00,9.91,5.0,0.982,1.0
2026-02-04 05:57:00,9.92,5.0,0.984,1.0
2026-02-04 05:58:00,9.85,5.0,0.97,1.0
2026-02-04 05:59:00,9.69,5.0,0.938,1.0
2026-02-04 06:00:00,9.76,5.0,0.952,1.0
2026-02-04 06:01:00,9.86,5.0,0.9719999999999999,1.0
2026-02-04 06:02:00,9.8,5.0,0.9600000000000002,1.0
2026-02-04 06:03:00,9.69,5.0,0.938,1.0
2026-02-04 06:04:00,9.85,5.0,0.97,1.0
2026-02-04 06:05:00,9.79,5.0,0.9579999999999999,1.0
2026-02-04 06:06:00,9.74,5.0,0.9480000000000001,1.0
2026-02-04 06:07:00,9.76,5.0,0.952,1.0
2026-02-04 06:08:00,9.85,5.0,0.97,1.0
2026-02-04 06:09:00,9.84,5.0,0.968,1.0
2026-02-04 06:10:00,9.86,5.0,0.9719999999999999,1.0
2026-02-04 06:11:00,9.9,5.0,0.9800000000000001,1.0
2026-02-04 06:12:00,9.91,5.0,0.982,1.0
2026-02-04 06:13:00,9.88,5.0,0.9760000000000002,1.0
2026-02-04 06:14:00,9.98,5.0,0.9960000000000001,1.0
2026-02-04 06:15:00,9.83,5.0,0.966,1.0
2026-02-04 06:16:00,9.93,5.0,0.986,1.0
2026-02-04 06:17:00,9.93,5.0,0.986,1.0
2026-02-04 06:18:00,9.84,5.0,0.968,1.0
2026-02-04 06:19:00,9.84,5.0,0.968,1.0
2026-02-04 06:20:00,9.85,5.0,0.97,1.0
2026-02-04 06:21:00,9.84,5.0,0.968,1.0
2026-02-04 06:22:00,9.87,5.0,0.9739999999999999,1.0
2026-02-04 06:23:00,9.81,5.0,0.9620000000000001,1.0
2026-02-04 06:24:00,9.64,5.0,0.9280000000000002,1.0
2026-02-04 06:25:00,9.68,5.0,0.9359999999999999,1.0
2026-02-04 06:26:00,9.7,5.0,0.9399999999999998,1.0
2026-02-04 06:27:00,9.66,5.0,0.932,1.0
2026-02-04 06:28:00,9.46,5.0,0.8920000000000001,1.0
2026-02-04 06:29:00,9.36,5.0,0.8719999999999999,1.0
2026-02-04 06:30:00,9.42,5.0,0.884,1.0
2026-02-04 06:31:00,9.4,5.0,0.8800000000000001,1.0
2026-02-04 06:32:00,9.39,5.0,0.8780000000000001,1.0
2026-02-04 06:33:00,9.43,5.0,0.8859999999999999,1.0
2026-02-04 06:34:00,9.44,5.0,0.8879999999999999,1.0
2026-02-04 06:35:00,9.47,5.0,0.8940000000000001,1.0
2026-02-04 06:36:00,9.48,5.0,0.8960000000000001,1.0
2026-02-04 06:37:00,9.57,5.0,0.914,1.0
2026-02-04 06:38:00,9.63,5.0,0.9260000000000002,1.0
2026-02-04 06:39:00,9.61,5.0,0.9219999999999999,1.0
2026-02-04 06:40:00,9.68,5.0,0.9359999999999999,1.0
2026-02-04 06:41:00,9.63,5.0,0.9260000000000002,1.0
2026-02-04 06:42:00,9.62,5.0,0.9239999999999998,1.0
2026-02-04 06:43:00,9.58,5.0,0.916,1.0
2026-02-04 06:44:00,9.46,5.0,0.8920000000000001,1.0
2026-02-04 06:45:00,9.37,5.0,0.8739999999999999,1.0
2026-02-04 06:46:00,9.38,5.0,0.8760000000000001,1.0
2026-02-04 06:47:00,9.33,5.0,0.866,1.0
2026-02-04 06:48:00,9.31,5.0,0.8620000000000001,1.0
2026-02-04 06:49:00,9.35,5.0,0.8699999999999999,1.0
2026-02-04 06:50:00,9.32,5.0,0.8640000000000001,1.0
2026-02-04 06:51:00,9.3,5.0,0.8600000000000001,1.0
2026-02-04 06:52:00,9.26,5.0,0.852,1.0
2026-02-04 06:53:00,9.34,5.0,0.868,1.0
2026-02-04 06:54:00,9.36,5.0,0.8719999999999999,1.0
2026-02-04 06:55:00,9.35,5.0,0.8699999999999999,1.0
2026-02-04 06:56:00,9.34,5.0,0.868,1.0
2026-02-04 06:57:00,9.34,5.0,0.868,1.0
2026-02-04 06:58:00,9.36,5.0,0.8719999999999999,1.0
2026-02-04 06:59:00,9.26,5.0,0.852,1.0
2026-02-04 07:00:00,9.2,5.0,0.8399999999999999,1.0
2026-02-04 07:01:00,9.11,5.0,0.8219999999999998,1.0
2026-02-04 07:02:00,9.11,5.0,0.8219999999999998,1.0
2026-02-04 07:03:00,9.15,5.0,0.8300000000000001,1.0
2026-02-04 07:04:00,9.19,5.0,0.8379999999999999,1.0
2026-02-04 07:05:00,9.09,5.0,0.818,1.0
2026-02-04 07:49:00,10.03,5.0,1.0059999999999998,1.0
2026-02-04 07:50:00,10.36,5.0,1.0719999999999998,1.0
2026-02-04 07:51:00,10.37,5.0,1.0739999999999998,1.0
2026-02-04 07:52:00,10.3,5.0,1.06,1.0
2026-02-04 07:53:00,10.17,5.0,1.034,1.0
2026-02-04 07:54:00,10.3,5.0,1.06,1.0
2026-02-04 07:55:00,10.32,5.0,1.064,1.0
2026-02-04 07:56:00,10.07,5.0,1.014,1.0
2026-02-04 07:57:00,10.38,5.0,1.076,1.0
2026-02-04 07:58:00,10.81,5.0,1.1620000000000001,1.0
2026-02-04 07:59:00,10.74,5.0,1.1480000000000001,1.0
2026-02-04 08:00:00,10.69,5.0,1.138,1.0
2026-02-04 08:01:00,9.88,5.0,0.9760000000000002,1.0
2026-02-04 08:02:00,9.56,5.0,0.9120000000000001,1.0
2026-02-04 08:03:00,9.47,5.0,0.8940000000000001,1.0
2026-02-04 08:04:00,9.48,5.0,0.8960000000000001,1.0
2026-02-04 08:05:00,9.58,5.0,0.916,1.0
2026-02-04 08:06:00,9.53,5.0,0.9059999999999999,1.0
2026-02-04 08:07:00,9.6,5.0,0.9199999999999999,1.0
2026-02-04 08:08:00,9.47,5.0,0.8940000000000001,1.0
2026-02-04 08:09:00,10.41,5.0,1.082,1.0
2026-02-04 08:10:00,10.73,5.0,1.1460000000000001,1.0
2026-02-04 08:11:00,10.81,5.0,1.1620000000000001,1.0
2026-02-04 08:12:00,10.87,5.0,1.174,1.0
2026-02-04 08:13:00,10.99,5.0,1.198,1.0
2026-02-04 08:14:00,11.18,5.0,1.236,1.0
2026-02-04 08:15:00,11.5,5.0,1.3,1.0
2026-02-04 08:16:00,11.51,5.0,1.302,1.0
2026-02-04 08:17:00,11.67,5.0,1.334,1.0
2026-02-04 08:18:00,11.68,5.0,1.3359999999999999,1.0
2026-02-04 08:19:00,11.73,5.0,1.346,1.0
2026-02-04 08:20:00,11.78,5.0,1.3559999999999999,1.0
2026-02-04 08:21:00,11.68,5.0,1.3359999999999999,1.0
2026-02-04 08:22:00,11.74,5.0,1.348,1.0
2026-02-04 08:23:00,11.71,5.0,1.342,1.0
2026-02-04 08:24:00,11.7,5.0,1.3399999999999999,1.0
2026-02-04 08:25:00,11.78,5.0,1.3559999999999999,1.0
2026-02-04 08:26:00,11.77,5.0,1.3539999999999999,1.0
2026-02-04 08:27:00,11.75,5.0,1.35,1.0
2026-02-04 08:28:00,11.87,5.0,1.3739999999999999,1.0
2026-02-04 08:29:00,11.49,5.0,1.298,1.0
2026-02-04 08:30:00,11.99,5.0,1.3980000000000001,1.0
2026-02-04 08:31:00,12.03,5.0,1.406,1.0
2026-02-04 08:32:00,11.99,5.0,1.3980000000000001,1.0
2026-02-04 08:33:00,11.97,5.0,1.3940000000000001,1.0
2026-02-04 08:34:00,11.93,5.0,1.386,1.0
2026-02-04 08:35:00,11.71,5.0,1.342,1.0
2026-02-04 08:36:00,11.66,5.0,1.332,1.0
2026-02-04 08:37:00,11.73,5.0,1.346,1.0
2026-02-04 08:39:00,11.59,5.0,1.318,1.0
2026-02-04 08:40:00,11.63,5.0,1.326,1.0
2026-02-04 08:41:00,11.58,5.0,1.316,1.0
2026-02-04 08:42:00,11.64,5.0,1.328,1.0
2026-02-04 08:43:00,11.46,5.0,1.2920000000000003,1.0
2026-02-04 08:44:00,11.38,5.0,1.2760000000000002,1.0
2026-02-04 08:45:00,11.52,5.0,1.3039999999999998,1.0
2026-02-04 08:46:00,11.65,5.0,1.33,1.0
2026-02-04 08:47:00,11.63,5.0,1.326,1.0
2026-02-04 08:48:00,11.69,5.0,1.3379999999999999,1.0
2026-02-04 08:49:00,11.74,5.0,1.348,1.0
2026-02-04 08:50:00,11.71,5.0,1.342,1.0
2026-02-04 08:51:00,11.61,5.0,1.3219999999999998,1.0
2026-02-04 08:52:00,11.71,5.0,1.342,1.0
2026-02-04 08:53:00,11.6,5.0,1.3199999999999998,1.0
2026-02-04 08:54:00,11.6,5.0,1.3199999999999998,1.0
2026-02-04 08:55:00,11.66,5.0,1.332,1.0
2026-02-04 08:56:00,11.8,5.0,1.36,1.0
2026-02-04 08:57:00,11.77,5.0,1.3539999999999999,1.0
2026-02-04 08:58:00,11.73,5.0,1.346,1.0
2026-02-04 08:59:00,11.46,5.0,1.2920000000000003,1.0
2026-02-04 09:00:00,11.43,5.0,1.286,1.0
2026-02-04 09:01:00,11.26,5.0,1.252,1.0
2026-02-04 09:02:00,11.26,5.0,1.252,1.0
2026-02-04 09:03:00,11.45,5.0,1.2899999999999998,1.0
2026-02-04 09:04:00,11.59,5.0,1.318,1.0
2026-02-04 09:05:00,11.66,5.0,1.332,1.0
2026-02-04 09:06:00,11.77,5.0,1.3539999999999999,1.0
2026-02-04 09:07:00,11.52,5.0,1.3039999999999998,1.0
2026-02-04 09:08:00,11.41,5.0,1.282,1.0
2026-02-04 09:09:00,11.68,5.0,1.3359999999999999,1.0
2026-02-04 09:10:00,11.48,5.0,1.296,1.0
2026-02-04 09:11:00,11.45,5.0,1.2899999999999998,1.0
2026-02-04 09:12:00,11.6,5.0,1.3199999999999998,1.0
2026-02-04 09:13:00,11.6,5.0,1.3199999999999998,1.0
2026-02-04 09:14:00,11.63,5.0,1.326,1.0
2026-02-04 09:15:00,11.53,5.0,1.3059999999999998,1.0
2026-02-04 09:16:00,11.56,5.0,1.312,1.0
2026-02-04 09:17:00,11.82,5.0,1.364,1.0
2026-02-04 09:18:00,11.63,5.0,1.326,1.0
2026-02-04 09:19:00,11.74,5.0,1.348,1.0
2026-02-04 09:20:00,11.5,5.0,1.3,1.0
2026-02-04 09:21:00,11.45,5.0,1.2899999999999998,1.0
2026-02-04 09:22:00,11.5,5.0,1.3,1.0
2026-02-04 09:23:00,11.51,5.0,1.302,1.0
2026-02-04 09:24:00,11.51,5.0,1.302,1.0
2026-02-04 09:25:00,11.51,5.0,1.302,1.0
2026-02-04 09:26:00,11.49,5.0,1.298,1.0
2026-02-04 09:27:00,11.54,5.0,1.3079999999999998,1.0
2026-02-04 09:28:00,11.66,5.0,1.332,1.0
2026-02-04 09:29:00,11.7,5.0,1.3399999999999999,1.0
2026-02-04 09:30:00,11.85,5.0,1.3699999999999999,1.0
2026-02-04 09:31:00,11.96,5.0,1.3920000000000001,1.0
2026-02-04 09:32:00,12.26,5.0,1.452,1.0
2026-02-04 09:33:00,12.2,5.0,1.44,1.0
2026-02-04 09:34:00,12.19,5.0,1.438,1.0
2026-02-04 09:35:00,11.84,5.0,1.3679999999999999,1.0
2026-02-04 09:36:00,11.73,5.0,1.346,1.0
2026-02-04 09:37:00,11.75,5.0,1.35,1.0
2026-02-04 09:38:00,11.82,5.0,1.364,1.0
2026-02-04 09:39:00,11.85,5.0,1.3699999999999999,1.0
2026-02-04 09:40:00,11.79,5.0,1.3579999999999999,1.0
2026-02-04 09:41:00,11.75,5.0,1.35,1.0
2026-02-04 09:42:00,11.87,5.0,1.3739999999999999,1.0
2026-02-04 09:43:00,11.99,5.0,1.3980000000000001,1.0
2026-02-04 09:44:00,11.96,5.0,1.3920000000000001,1.0
2026-02-04 09:45:00,11.86,5.0,1.3719999999999999,1.0
2026-02-04 09:46:00,11.83,5.0,1.366,1.0
2026-02-04 09:47:00,11.96,5.0,1.3920000000000001,1.0
2026-02-04 09:48:00,12.0,5.0,1.4,1.0
2026-02-04 09:49:00,12.0,5.0,1.4,1.0
2026-02-04 09:50:00,12.0,5.0,1.4,1.0
2026-02-04 09:51:00,12.02,5.0,1.404,1.0
2026-02-04 09:52:00,11.84,5.0,1.3679999999999999,1.0
2026-02-04 09:53:00,11.92,5.0,1.384,1.0
2026-02-04 09:54:00,11.9,5.0,1.3800000000000001,1.0
2026-02-04 09:55:00,11.83,5.0,1.366,1.0
2026-02-04 09:56:00,11.84,5.0,1.3679999999999999,1.0
2026-02-04 09:57:00,12.12,5.0,1.424,1.0
2026-02-04 09:58:00,12.11,5.0,1.422,1.0
2026-02-04 10:00:00,11.99,5.0,1.3980000000000001,1.0
2026-02-04 10:01:00,11.78,5.0,1.3559999999999999,1.0
2026-02-04 10:02:00,12.04,5.0,1.408,1.0
2026-02-04 10:03:00,12.08,5.0,1.416,1.0
2026-02-04 10:04:00,11.91,5.0,1.3820000000000001,1.0
2026-02-04 10:05:00,11.92,5.0,1.384,1.0
2026-02-04 10:06:00,11.98,5.0,1.3960000000000001,1.0
2026-02-04 10:07:00,12.0,5.0,1.4,1.0
2026-02-04 10:08:00,12.3,5.0,1.4600000000000002,1.0
2026-02-04 10:09:00,12.4,5.0,1.48,1.0
2026-02-04 10:10:00,12.23,5.0,1.4460000000000002,1.0
2026-02-04 10:11:00,12.1,5.0,1.42,1.0
2026-02-04 10:12:00,12.0,5.0,1.4,1.0
2026-02-04 10:13:00,11.99,5.0,1.3980000000000001,1.0
2026-02-04 10:14:00,11.82,5.0,1.364,1.0
2026-02-04 10:15:00,11.89,5.0,1.3780000000000001,1.0
2026-02-04 10:16:00,12.09,5.0,1.418,1.0
2026-02-04 10:17:00,12.07,5.0,1.4140000000000001,1.0
2026-02-04 10:18:00,12.07,5.0,1.4140000000000001,1.0
2026-02-04 10:19:00,12.09,5.0,1.418,1.0
2026-02-04 10:20:00,12.05,5.0,1.4100000000000001,1.0
2026-02-04 10:21:00,12.02,5.0,1.404,1.0
2026-02-04 10:22:00,11.85,5.0,1.3699999999999999,1.0
2026-02-04 10:23:00,11.91,5.0,1.3820000000000001,1.0
2026-02-04 10:24:00,11.92,5.0,1.384,1.0
2026-02-04 10:25:00,12.14,5.0,1.4280000000000002,1.0
2026-02-04 10:26:00,12.23,5.0,1.4460000000000002,1.0
2026-02-04 10:27:00,11.89,5.0,1.3780000000000001,1.0
2026-02-04 10:28:00,11.94,5.0,1.388,1.0
2026-02-04 10:29:00,11.98,5.0,1.3960000000000001,1.0
2026-02-04 10:30:00,11.99,5.0,1.3980000000000001,1.0
2026-02-04 10:31:00,11.98,5.0,1.3960000000000001,1.0
2026-02-04 10:32:00,12.08,5.0,1.416,1.0
2026-02-04 10:33:00,12.12,5.0,1.424,1.0
2026-02-04 10:34:00,12.06,5.0,1.4120000000000001,1.0
2026-02-04 10:35:00,12.03,5.0,1.406,1.0
2026-02-04 10:36:00,11.94,5.0,1.388,1.0
2026-02-04 10:37:00,11.99,5.0,1.3980000000000001,1.0
2026-02-04 10:38:00,12.04,5.0,1.408,1.0
2026-02-04 10:39:00,11.9,5.0,1.3800000000000001,1.0
2026-02-04 10:40:00,11.73,5.0,1.346,1.0
2026-02-04 10:41:00,11.83,5.0,1.366,1.0
2026-02-04 10:42:00,11.75,5.0,1.35,1.0
2026-02-04 10:43:00,11.92,5.0,1.384,1.0
2026-02-04 10:44:00,12.24,5.0,1.448,1.0
2026-02-04 10:45:00,12.04,5.0,1.408,1.0
2026-02-04 10:46:00,12.02,5.0,1.404,1.0
2026-02-04 10:47:00,11.97,5.0,1.3940000000000001,1.0
2026-02-04 10:48:00,12.16,5.0,1.432,1.0
2026-02-04 10:49:00,12.2,5.0,1.44,1.0
2026-02-04 10:50:00,12.08,5.0,1.416,1.0
2026-02-04 10:51:00,12.09,5.0,1.418,1.0
2026-02-04 10:52:00,12.13,5.0,1.4260000000000002,1.0
2026-02-04 10:53:00,12.17,5.0,1.434,1.0
2026-02-04 10:54:00,12.18,5.0,1.436,1.0
2026-02-04 10:55:00,12.21,5.0,1.4420000000000002,1.0
2026-02-04 10:56:00,12.22,5.0,1.4440000000000002,1.0
2026-02-04 10:57:00,12.33,5.0,1.466,1.0
2026-02-04 10:58:00,12.46,5.0,1.4920000000000002,1.0
2026-02-04 10:59:00,12.54,5.0,1.5079999999999998,1.0
2026-02-04 11:00:00,12.38,5.0,1.4760000000000002,1.0
2026-02-04 11:01:00,12.45,5.0,1.4899999999999998,1.0
2026-02-04 11:02:00,12.37,5.0,1.4739999999999998,1.0
2026-02-04 11:03:00,12.51,5.0,1.502,1.0
2026-02-04 11:04:00,12.53,5.0,1.5059999999999998,1.0
2026-02-04 11:05:00,12.37,5.0,1.4739999999999998,1.0
2026-02-04 11:06:00,12.59,5.0,1.518,1.0
2026-02-04 11:07:00,12.37,5.0,1.4739999999999998,1.0
2026-02-04 11:08:00,12.3,5.0,1.4600000000000002,1.0
2026-02-04 11:09:00,12.4,5.0,1.48,1.0
2026-02-04 11:10:00,12.25,5.0,1.45,1.0
2026-02-04 11:11:00,12.42,5.0,1.484,1.0
2026-02-04 11:12:00,12.49,5.0,1.498,1.0
2026-02-04 11:13:00,12.25,5.0,1.45,1.0
2026-02-04 11:14:00,12.37,5.0,1.4739999999999998,1.0
2026-02-04 11:15:00,12.41,5.0,1.482,1.0
2026-02-04 11:16:00,12.64,5.0,1.528,1.0
2026-02-04 11:17:00,12.43,5.0,1.486,1.0
2026-02-04 11:18:00,12.56,5.0,1.512,1.0
2026-02-04 11:19:00,11.45,5.0,1.2899999999999998,1.0
2026-02-04 11:20:00,12.26,5.0,1.452,1.0
2026-02-04 11:21:00,12.8,5.0,1.56,1.0
2026-02-04 11:24:00,12.15,5.0,1.4300000000000002,1.0
2026-02-04 11:25:00,12.16,5.0,1.432,1.0
2026-02-04 11:26:00,12.22,5.0,1.4440000000000002,1.0
2026-02-04 11:27:00,12.27,5.0,1.454,1.0
2026-02-04 11:28:00,12.21,5.0,1.4420000000000002,1.0
2026-02-04 11:29:00,12.22,5.0,1.4440000000000002,1.0
2026-02-04 11:30:00,12.17,5.0,1.434,1.0
2026-02-04 11:31:00,12.19,5.0,1.438,1.0
2026-02-04 11:32:00,12.21,5.0,1.4420000000000002,1.0
2026-02-04 11:33:00,12.23,5.0,1.4460000000000002,1.0
2026-02-04 11:34:00,12.17,5.0,1.434,1.0
2026-02-04 11:35:00,12.19,5.0,1.438,1.0
2026-02-04 11:36:00,12.36,5.0,1.472,1.0
2026-02-04 11:37:00,12.28,5.0,1.456,1.0
2026-02-04 11:38:00,12.31,5.0,1.4620000000000002,1.0
2026-02-04 11:39:00,12.27,5.0,1.454,1.0
2026-02-04 11:40:00,12.25,5.0,1.45,1.0
2026-02-04 11:41:00,12.27,5.0,1.454,1.0
2026-02-04 11:42:00,12.33,5.0,1.466,1.0
2026-02-04 11:43:00,12.34,5.0,1.468,1.0
2026-02-04 11:44:00,12.34,5.0,1.468,1.0
2026-02-04 11:45:00,12.37,5.0,1.4739999999999998,1.0
2026-02-04 11:46:00,12.36,5.0,1.472,1.0
2026-02-04 11:47:00,12.35,5.0,1.47,1.0
2026-02-04 11:48:00,12.34,5.0,1.468,1.0
2026-02-04 11:49:00,12.31,5.0,1.4620000000000002,1.0
2026-02-04 11:50:00,12.29,5.0,1.4579999999999997,1.0
2026-02-04 11:51:00,12.27,5.0,1.454,1.0
2026-02-04 11:52:00,12.26,5.0,1.452,1.0
2026-02-04 11:53:00,12.25,5.0,1.45,1.0
2026-02-04 11:54:00,12.24,5.0,1.448,1.0
2026-02-04 11:57:00,12.4,5.0,1.48,1.0
2026-02-04 11:58:00,12.28,5.0,1.456,1.0
2026-02-04 11:59:00,12.18,5.0,1.436,1.0
2026-02-04 12:00:00,12.23,5.0,1.4460000000000002,1.0
2026-02-04 12:01:00,12.3,5.0,1.4600000000000002,1.0
2026-02-04 12:02:00,12.15,5.0,1.4300000000000002,1.0
2026-02-04 12:03:00,12.14,5.0,1.4280000000000002,1.0
2026-02-04 12:04:00,12.13,5.0,1.4260000000000002,1.0
2026-02-04 12:05:00,12.19,5.0,1.438,1.0
2026-02-04 12:06:00,12.17,5.0,1.434,1.0
2026-02-04 12:07:00,12.33,5.0,1.466,1.0
2026-02-04 12:08:00,12.27,5.0,1.454,1.0
2026-02-04 12:09:00,11.97,5.0,1.3940000000000001,1.0
2026-02-04 12:10:00,11.92,5.0,1.384,1.0
2026-02-04 12:11:00,12.02,5.0,1.404,1.0
2026-02-04 12:12:00,11.97,5.0,1.3940000000000001,1.0
2026-02-04 12:13:00,12.03,5.0,1.406,1.0
2026-02-04 12:14:00,12.05,5.0,1.4100000000000001,1.0
2026-02-04 12:15:00,12.03,5.0,1.406,1.0
2026-02-04 12:16:00,12.04,5.0,1.408,1.0
2026-02-04 12:17:00,11.95,5.0,1.39,1.0
2026-02-04 12:18:00,11.82,5.0,1.364,1.0
2026-02-04 12:19:00,11.94,5.0,1.388,1.0
2026-02-04 12:20:00,12.07,5.0,1.4140000000000001,1.0
2026-02-04 12:21:00,12.08,5.0,1.416,1.0
2026-02-04 12:22:00,12.06,5.0,1.4120000000000001,1.0
2026-02-04 12:23:00,12.04,5.0,1.408,1.0
2026-02-04 12:24:00,12.0,5.0,1.4,1.0
2026-02-04 12:25:00,12.06,5.0,1.4120000000000001,1.0
2026-02-04 12:26:00,12.02,5.0,1.404,1.0
2026-02-04 12:27:00,11.96,5.0,1.3920000000000001,1.0
2026-02-04 12:30:00,11.55,5.0,1.31,1.0
2026-02-04 12:31:00,11.59,5.0,1.318,1.0
2026-02-04 12:32:00,11.68,5.0,1.3359999999999999,1.0
2026-02-04 12:33:00,11.54,5.0,1.3079999999999998,1.0
2026-02-04 12:34:00,11.51,5.0,1.302,1.0
2026-02-04 12:35:00,11.48,5.0,1.296,1.0
2026-02-04 12:36:00,11.49,5.0,1.298,1.0
2026-02-04 12:37:00,11.52,5.0,1.3039999999999998,1.0
2026-02-04 12:38:00,11.42,5.0,1.284,1.0
2026-02-04 12:39:00,11.27,5.0,1.254,1.0
2026-02-04 12:40:00,11.27,5.0,1.254,1.0
2026-02-04 12:41:00,11.26,5.0,1.252,1.0
2026-02-04 12:42:00,11.33,5.0,1.266,1.0
2026-02-04 12:43:00,11.16,5.0,1.232,1.0
2026-02-04 12:44:00,11.08,5.0,1.216,1.0
2026-02-04 12:45:00,10.99,5.0,1.198,1.0
2026-02-04 12:46:00,11.02,5.0,1.204,1.0
2026-02-04 12:47:00,11.05,5.0,1.2100000000000002,1.0
2026-02-04 12:48:00,11.11,5.0,1.222,1.0
2026-02-04 12:49:00,11.09,5.0,1.218,1.0
2026-02-04 12:50:00,11.09,5.0,1.218,1.0
2026-02-04 12:51:00,11.27,5.0,1.254,1.0
2026-02-04 12:52:00,11.28,5.0,1.2559999999999998,1.0
2026-02-04 12:53:00,11.26,5.0,1.252,1.0
2026-02-04 12:54:00,11.28,5.0,1.2559999999999998,1.0
2026-02-04 12:55:00,11.25,5.0,1.25,1.0
2026-02-04 12:56:00,11.24,5.0,1.248,1.0
2026-02-04 12:57:00,11.1,5.0,1.22,1.0
2026-02-04 12:58:00,11.02,5.0,1.204,1.0
2026-02-04 12:59:00,11.13,5.0,1.2260000000000002,1.0
2026-02-04 13:00:00,10.97,5.0,1.1940000000000002,1.0
2026-02-04 13:03:00,11.29,5.0,1.2579999999999998,1.0
2026-02-04 13:04:00,11.29,5.0,1.2579999999999998,1.0
2026-02-04 13:05:00,11.79,5.0,1.3579999999999999,1.0
2026-02-04 13:06:00,11.26,5.0,1.252,1.0
2026-02-04 13:07:00,11.2,5.0,1.2399999999999998,1.0
2026-02-04 13:08:00,11.13,5.0,1.2260000000000002,1.0
2026-02-04 13:09:00,10.7,5.0,1.14,1.0
2026-02-04 13:10:00,10.71,5.0,1.1420000000000001,1.0
2026-02-04 13:11:00,10.97,5.0,1.1940000000000002,1.0
2026-02-04 13:12:00,11.0,5.0,1.2,1.0
2026-02-04 13:13:00,11.32,5.0,1.264,1.0
2026-02-04 13:14:00,11.24,5.0,1.248,1.0
2026-02-04 13:15:00,11.11,5.0,1.222,1.0
2026-02-04 13:16:00,10.97,5.0,1.1940000000000002,1.0
2026-02-04 13:17:00,11.0,5.0,1.2,1.0
2026-02-04 13:18:00,11.02,5.0,1.204,1.0
2026-02-04 13:19:00,10.79,5.0,1.158,1.0
2026-02-04 13:20:00,10.8,5.0,1.1600000000000001,1.0
2026-02-04 13:21:00,11.38,5.0,1.2760000000000002,1.0
2026-02-04 13:22:00,11.24,5.0,1.248,1.0
2026-02-04 13:23:00,11.14,5.0,1.2280000000000002,1.0
2026-02-04 13:24:00,11.25,5.0,1.25,1.0
2026-02-04 13:25:00,11.5,5.0,1.3,1.0
2026-02-04 13:26:00,11.25,5.0,1.25,1.0
2026-02-04 13:27:00,11.48,5.0,1.296,1.0
2026-02-04 13:28:00,11.63,5.0,1.326,1.0
2026-02-04 13:29:00,11.56,5.0,1.312,1.0
2026-02-04 13:30:00,11.62,5.0,1.3239999999999998,1.0
2026-02-04 13:31:00,11.98,5.0,1.3960000000000001,1.0
2026-02-04 13:32:00,12.14,5.0,1.4280000000000002,1.0
2026-02-04 13:33:00,12.1,5.0,1.42,1.0
2026-02-04 13:34:00,12.14,5.0,1.4280000000000002,1.0
2026-02-04 13:36:00,11.86,5.0,1.3719999999999999,1.0
2026-02-04 13:37:00,11.61,5.0,1.3219999999999998,1.0
2026-02-04 13:38:00,11.6,5.0,1.3199999999999998,1.0
2026-02-04 13:39:00,11.71,5.0,1.342,1.0
2026-02-04 13:40:00,11.79,5.0,1.3579999999999999,1.0
2026-02-04 13:41:00,11.84,5.0,1.3679999999999999,1.0
2026-02-04 13:42:00,11.26,5.0,1.252,1.0
2026-02-04 13:43:00,11.04,5.0,1.2079999999999997,1.0
2026-02-04 13:44:00,11.48,5.0,1.296,1.0
2026-02-04 13:45:00,11.44,5.0,1.2879999999999998,1.0
2026-02-04 13:46:00,11.39,5.0,1.278,1.0
2026-02-04 13:47:00,11.42,5.0,1.284,1.0
2026-02-04 13:48:00,11.44,5.0,1.2879999999999998,1.0
2026-02-04 13:49:00,11.42,5.0,1.284,1.0
2026-02-04 13:50:00,11.34,5.0,1.268,1.0
2026-02-04 13:51:00,11.31,5.0,1.262,1.0
2026-02-04 13:52:00,11.24,5.0,1.248,1.0
2026-02-04 13:53:00,11.3,5.0,1.2600000000000002,1.0
2026-02-04 13:54:00,11.33,5.0,1.266,1.0
2026-02-04 13:55:00,11.29,5.0,1.2579999999999998,1.0
2026-02-04 13:56:00,11.26,5.0,1.252,1.0
2026-02-04 13:57:00,11.29,5.0,1.2579999999999998,1.0
2026-02-04 13:58:00,11.24,5.0,1.248,1.0
2026-02-04 13:59:00,11.21,5.0,1.2420000000000002,1.0
2026-02-04 14:00:00,10.67,5.0,1.134,1.0
2026-02-04 14:01:00,11.14,5.0,1.2280000000000002,1.0
2026-02-04 14:02:00,11.14,5.0,1.2280000000000002,1.0
2026-02-04 14:03:00,11.13,5.0,1.2260000000000002,1.0
2026-02-04 14:04:00,11.02,5.0,1.204,1.0
2026-02-04 14:05:00,11.0,5.0,1.2,1.0
2026-02-04 14:06:00,10.93,5.0,1.186,1.0
2026-02-04 14:07:00,10.9,5.0,1.1800000000000002,1.0
2026-02-04 14:08:00,10.9,5.0,1.1800000000000002,1.0
2026-02-04 14:11:00,10.95,5.0,1.19,1.0
2026-02-04 14:12:00,10.93,5.0,1.186,1.0
2026-02-04 14:13:00,10.9,5.0,1.1800000000000002,1.0
2026-02-04 14:14:00,10.87,5.0,1.174,1.0
2026-02-04 14:15:00,10.91,5.0,1.182,1.0
2026-02-04 14:16:00,10.95,5.0,1.19,1.0
2026-02-04 14:17:00,10.97,5.0,1.1940000000000002,1.0
2026-02-04 14:18:00,10.85,5.0,1.17,1.0
2026-02-04 14:19:00,10.87,5.0,1.174,1.0
2026-02-04 14:20:00,10.82,5.0,1.1640000000000001,1.0
2026-02-04 14:21:00,18.79,5.0,2.758,1.0
2026-02-04 14:22:00,21.41,5.0,3.282,1.0
2026-02-04 14:23:00,21.6,5.0,3.3200000000000003,1.0
2026-02-04 14:24:00,22.17,5.0,3.434,1.0
2026-02-04 14:25:00,22.27,5.0,3.4539999999999997,1.0
2026-02-04 14:26:00,22.05,5.0,3.41,1.0
2026-02-04 14:27:00,21.93,5.0,3.386,1.0
2026-02-04 14:28:00,21.74,5.0,3.348,1.0
2026-02-04 14:29:00,21.67,5.0,3.3340000000000005,1.0
2026-02-04 14:30:00,21.78,5.0,3.3560000000000003,1.0
2026-02-04 14:31:00,21.6,5.0,3.3200000000000003,1.0
2026-02-04 14:32:00,21.71,5.0,3.342,1.0
2026-02-04 14:33:00,21.51,5.0,3.3020000000000005,1.0
2026-02-04 14:34:00,20.87,5.0,3.1740000000000004,1.0
2026-02-04 14:35:00,21.49,5.0,3.2979999999999996,1.0
2026-02-04 14:36:00,22.2,5.0,3.44,1.0
2026-02-04 14:37:00,21.64,5.0,3.3280000000000003,1.0
2026-02-04 14:38:00,22.57,5.0,3.5140000000000002,1.0
2026-02-04 14:39:00,23.16,5.0,3.632,1.0
2026-02-04 14:40:00,23.5,5.0,3.7,1.0
2026-02-04 14:41:00,22.69,5.0,3.5380000000000003,1.0
2026-02-04 14:42:00,20.64,5.0,3.128,1.0
2026-02-04 14:43:00,22.55,5.0,3.5100000000000002,1.0
2026-02-04 14:44:00,20.88,5.0,3.1759999999999997,1.0
2026-02-04 14:45:00,20.67,5.0,3.1340000000000003,1.0
2026-02-04 14:46:00,22.92,5.0,3.5840000000000005,1.0
2026-02-04 14:47:00,21.73,5.0,3.346,1.0
2026-02-04 14:48:00,20.64,5.0,3.128,1.0
2026-02-04 14:49:00,18.99,5.0,2.7979999999999996,1.0
2026-02-04 14:50:00,19.55,5.0,2.91,1.0
2026-02-04 14:51:00,18.95,5.0,2.79,1.0
2026-02-04 14:52:00,19.5,5.0,2.9,1.0
2026-02-04 14:53:00,17.65,5.0,2.53,1.0
2026-02-04 14:54:00,20.94,5.0,3.188,1.0
2026-02-04 14:55:00,21.13,5.0,3.226,1.0
2026-02-04 14:56:00,20.5,5.0,3.1,1.0
2026-02-04 14:57:00,20.62,5.0,3.124,1.0
2026-02-04 14:58:00,21.15,5.0,3.2299999999999995,1.0
2026-02-04 14:59:00,22.16,5.0,3.432,1.0
2026-02-04 15:00:00,20.08,5.0,3.0159999999999996,1.0
2026-02-04 15:01:00,19.27,5.0,2.854,1.0
2026-02-04 15:02:00,19.6,5.0,2.9200000000000004,1.0
2026-02-04 15:03:00,19.58,5.0,2.9159999999999995,1.0
2026-02-04 15:04:00,19.57,5.0,2.914,1.0
2026-02-04 15:05:00,19.64,5.0,2.928,1.0
2026-02-04 15:06:00,19.56,5.0,2.912,1.0
2026-02-04 15:07:00,19.88,5.0,2.976,1.0
2026-02-04 15:08:00,19.35,5.0,2.87,1.0
2026-02-04 15:09:00,19.39,5.0,2.878,1.0
2026-02-04 15:10:00,19.35,5.0,2.87,1.0
2026-02-04 15:11:00,18.26,5.0,2.652,1.0
2026-02-04 15:12:00,16.94,5.0,2.3880000000000003,1.0
2026-02-04 15:13:00,17.46,5.0,2.492,1.0
2026-02-04 15:14:00,18.81,5.0,2.7619999999999996,1.0
2026-02-04 15:15:00,19.13,5.0,2.8259999999999996,1.0
2026-02-04 15:16:00,20.16,5.0,3.032,1.0
2026-02-04 15:17:00,17.86,5.0,2.572,1.0
2026-02-04 15:18:00,19.24,5.0,2.848,1.0
2026-02-04 15:19:00,22.05,5.0,3.41,1.0
2026-02-04 15:20:00,20.93,5.0,3.186,1.0
2026-02-04 15:21:00,20.56,5.0,3.1119999999999997,1.0
2026-02-04 15:22:00,20.13,5.0,3.026,1.0
2026-02-04 15:23:00,20.71,5.0,3.1420000000000003,1.0
2026-02-04 15:24:00,21.21,5.0,3.242,1.0
2026-02-04 15:25:00,21.9,5.0,3.38,1.0
2026-02-04 15:26:00,22.04,5.0,3.408,1.0
2026-02-04 15:27:00,21.93,5.0,3.386,1.0
2026-02-04 15:28:00,21.41,5.0,3.282,1.0
2026-02-04 15:29:00,20.92,5.0,3.184,1.0
2026-02-04 15:30:00,20.9,5.0,3.1799999999999997,1.0
2026-02-04 15:31:00,20.8,5.0,3.16,1.0
2026-02-04 15:32:00,20.45,5.0,3.09,1.0
2026-02-04 15:33:00,21.06,5.0,3.2119999999999997,1.0
2026-02-04 15:34:00,21.01,5.0,3.2020000000000004,1.0
2026-02-04 15:35:00,21.13,5.0,3.226,1.0
2026-02-04 15:36:00,21.09,5.0,3.218,1.0
2026-02-04 15:37:00,20.86,5.0,3.1719999999999997,1.0
2026-02-04 15:38:00,20.96,5.0,3.192,1.0
2026-02-04 15:39:00,20.53,5.0,3.1060000000000003,1.0
2026-02-04 15:40:00,20.63,5.0,3.126,1.0
2026-02-04 15:41:00,20.68,5.0,3.136,1.0
2026-02-04 15:42:00,20.48,5.0,3.096,1.0
2026-02-04 15:43:00,20.47,5.0,3.094,1.0
2026-02-04 15:44:00,21.18,5.0,3.2359999999999998,1.0
2026-02-04 15:45:00,21.16,5.0,3.232,1.0
2026-02-04 15:46:00,20.83,5.0,3.1659999999999995,1.0
2026-02-04 15:47:00,20.61,5.0,3.122,1.0
2026-02-04 15:50:00,20.52,5.0,3.104,1.0
2026-02-04 15:51:00,19.97,5.0,2.9939999999999998,1.0
2026-02-04 15:52:00,20.16,5.0,3.032,1.0
2026-02-04 15:53:00,19.66,5.0,2.932,1.0
2026-02-04 15:54:00,17.94,5.0,2.588,1.0
2026-02-04 15:55:00,18.93,5.0,2.786,1.0
2026-02-04 15:56:00,18.92,5.0,2.7840000000000003,1.0
2026-02-04 15:57:00,18.11,5.0,2.622,1.0
2026-02-04 15:58:00,18.81,5.0,2.7619999999999996,1.0
2026-02-04 16:00:00,18.77,5.0,2.754,1.0
2026-02-04 16:01:00,18.72,5.0,2.7439999999999998,1.0
2026-02-04 16:02:00,18.65,5.0,2.7299999999999995,1.0
2026-02-04 16:03:00,18.68,5.0,2.7359999999999998,1.0
2026-02-04 16:04:00,18.69,5.0,2.7380000000000004,1.0
2026-02-04 16:05:00,18.98,5.0,2.7960000000000003,1.0
2026-02-04 16:06:00,18.98,5.0,2.7960000000000003,1.0
2026-02-04 16:07:00,19.77,5.0,2.9539999999999997,1.0
2026-02-04 16:08:00,19.78,5.0,2.9560000000000004,1.0
2026-02-04 16:09:00,19.92,5.0,2.9840000000000004,1.0
2026-02-04 16:10:00,19.73,5.0,2.946,1.0
2026-02-04 16:11:00,18.79,5.0,2.758,1.0
2026-02-04 16:12:00,19.51,5.0,2.902,1.0
2026-02-04 16:13:00,19.5,5.0,2.9,1.0
2026-02-04 16:14:00,19.45,5.0,2.8899999999999997,1.0
2026-02-04 16:15:00,19.52,5.0,2.904,1.0
2026-02-04 16:16:00,19.81,5.0,2.9619999999999997,1.0
2026-02-04 16:17:00,19.88,5.0,2.976,1.0
2026-02-04 16:18:00,19.73,5.0,2.946,1.0
2026-02-04 16:19:00,19.72,5.0,2.944,1.0
2026-02-04 16:20:00,19.75,5.0,2.95,1.0
2026-02-04 16:23:00,18.52,5.0,2.7039999999999997,1.0
2026-02-04 16:24:00,18.34,5.0,2.668,1.0
2026-02-04 16:25:00,18.03,5.0,2.6060000000000003,1.0
2026-02-04 16:26:00,18.17,5.0,2.6340000000000003,1.0
2026-02-04 16:27:00,18.06,5.0,2.6119999999999997,1.0
2026-02-04 16:28:00,17.38,5.0,2.476,1.0
2026-02-04 16:29:00,17.91,5.0,2.582,1.0
2026-02-04 16:30:00,17.9,5.0,2.5799999999999996,1.0
2026-02-04 16:31:00,17.83,5.0,2.566,1.0
2026-02-04 16:32:00,18.02,5.0,2.604,1.0
2026-02-04 16:33:00,17.84,5.0,2.568,1.0
2026-02-04 16:34:00,18.04,5.0,2.6079999999999997,1.0
2026-02-04 16:35:00,18.1,5.0,2.62,1.0
2026-02-04 16:36:00,18.06,5.0,2.6119999999999997,1.0
2026-02-04 16:37:00,18.1,5.0,2.62,1.0
2026-02-04 16:38:00,18.17,5.0,2.6340000000000003,1.0
2026-02-04 16:39:00,18.6,5.0,2.72,1.0
2026-02-04 16:40:00,18.63,5.0,2.726,1.0
2026-02-04 16:41:00,18.77,5.0,2.754,1.0
2026-02-04 16:42:00,18.55,5.0,2.71,1.0
2026-02-04 16:43:00,19.13,5.0,2.8259999999999996,1.0
2026-02-04 16:44:00,19.13,5.0,2.8259999999999996,1.0
2026-02-04 16:45:00,19.05,5.0,2.81,1.0
2026-02-04 16:46:00,18.94,5.0,2.7880000000000003,1.0
2026-02-04 16:47:00,18.93,5.0,2.786,1.0
2026-02-04 16:48:00,18.7,5.0,2.7399999999999998,1.0
2026-02-04 16:49:00,18.52,5.0,2.7039999999999997,1.0
2026-02-04 16:50:00,18.49,5.0,2.6979999999999995,1.0
2026-02-04 16:51:00,18.47,5.0,2.694,1.0
2026-02-04 16:52:00,18.51,5.0,2.7020000000000004,1.0
2026-02-04 16:53:00,18.44,5.0,2.688,1.0
2026-02-04 16:55:00,18.6,5.0,2.72,1.0
2026-02-04 16:56:00,18.58,5.0,2.7159999999999997,1.0
2026-02-04 16:57:00,18.62,5.0,2.724,1.0
2026-02-04 16:58:00,18.68,5.0,2.7359999999999998,1.0
2026-02-04 16:59:00,18.52,5.0,2.7039999999999997,1.0
2026-02-04 17:00:00,18.58,5.0,2.7159999999999997,1.0
2026-02-04 17:01:00,18.85,5.0,2.7700000000000005,1.0
2026-02-04 17:02:00,18.74,5.0,2.7479999999999998,1.0
2026-02-04 17:03:00,19.04,5.0,2.808,1.0
2026-02-04 17:04:00,18.86,5.0,2.772,1.0
2026-02-04 17:05:00,19.07,5.0,2.814,1.0
2026-02-04 17:06:00,18.82,5.0,2.7640000000000002,1.0
2026-02-04 17:07:00,19.21,5.0,2.842,1.0
2026-02-04 17:08:00,19.27,5.0,2.854,1.0
2026-02-04 17:09:00,19.23,5.0,2.846,1.0
2026-02-04 17:10:00,19.29,5.0,2.8579999999999997,1.0
2026-02-04 17:11:00,19.34,5.0,2.868,1.0
2026-02-04 17:12:00,19.31,5.0,2.8619999999999997,1.0
2026-02-04 17:13:00,19.41,5.0,2.882,1.0
2026-02-04 17:14:00,19.44,5.0,2.8880000000000003,1.0
2026-02-04 17:15:00,19.29,5.0,2.8579999999999997,1.0
2026-02-04 17:16:00,18.69,5.0,2.7380000000000004,1.0
2026-02-04 17:17:00,18.72,5.0,2.7439999999999998,1.0
2026-02-04 17:18:00,19.16,5.0,2.832,1.0
2026-02-04 17:19:00,19.31,5.0,2.8619999999999997,1.0
2026-02-04 17:20:00,19.56,5.0,2.912,1.0
2026-02-04 17:21:00,19.28,5.0,2.8560000000000003,1.0
2026-02-04 17:22:00,19.39,5.0,2.878,1.0
2026-02-04 17:23:00,19.49,5.0,2.8979999999999997,1.0
2026-02-04 17:24:00,19.49,5.0,2.8979999999999997,1.0
2026-02-04 17:25:00,19.23,5.0,2.846,1.0
2026-02-04 17:26:00,19.51,5.0,2.902,1.0
2026-02-04 17:27:00,19.59,5.0,2.918,1.0
2026-02-04 17:28:00,19.72,5.0,2.944,1.0
2026-02-04 17:29:00,19.49,5.0,2.8979999999999997,1.0
2026-02-04 17:30:00,19.54,5.0,2.908,1.0
2026-02-04 17:31:00,19.68,5.0,2.936,1.0
2026-02-04 17:32:00,19.53,5.0,2.906,1.0
2026-02-04 17:33:00,19.46,5.0,2.8920000000000003,1.0
2026-02-04 17:34:00,19.52,5.0,2.904,1.0
2026-02-04 17:35:00,19.32,5.0,2.864,1.0
2026-02-04 17:36:00,19.31,5.0,2.8619999999999997,1.0
2026-02-04 17:37:00,19.3,5.0,2.8600000000000003,1.0
2026-02-04 17:38:00,19.23,5.0,2.846,1.0
2026-02-04 17:39:00,19.38,5.0,2.876,1.0
2026-02-04 17:40:00,19.44,5.0,2.8880000000000003,1.0
2026-02-04 17:41:00,19.52,5.0,2.904,1.0
2026-02-04 17:42:00,19.41,5.0,2.882,1.0
2026-02-04 17:43:00,19.23,5.0,2.846,1.0
2026-02-04 17:44:00,19.21,5.0,2.842,1.0
2026-02-04 17:45:00,19.32,5.0,2.864,1.0
2026-02-04 17:46:00,19.41,5.0,2.882,1.0
2026-02-04 17:47:00,19.36,5.0,2.872,1.0
2026-02-04 17:48:00,19.44,5.0,2.8880000000000003,1.0
2026-02-04 17:49:00,19.46,5.0,2.8920000000000003,1.0
2026-02-04 17:50:00,19.54,5.0,2.908,1.0
2026-02-04 17:51:00,19.46,5.0,2.8920000000000003,1.0
2026-02-04 17:52:00,19.3,5.0,2.8600000000000003,1.0
2026-02-04 17:53:00,19.17,5.0,2.8340000000000005,1.0
2026-02-04 17:54:00,18.82,5.0,2.7640000000000002,1.0
2026-02-04 17:55:00,18.79,5.0,2.758,1.0
2026-02-04 17:56:00,19.01,5.0,2.8020000000000005,1.0
2026-02-04 17:57:00,19.23,5.0,2.846,1.0
2026-02-04 17:58:00,19.23,5.0,2.846,1.0
2026-02-04 17:59:00,18.72,5.0,2.7439999999999998,1.0
2026-02-04 18:00:00,18.63,5.0,2.726,1.0
2026-02-04 18:01:00,19.38,5.0,2.876,1.0
2026-02-04 18:02:00,19.19,5.0,2.838,1.0
2026-02-04 18:03:00,19.14,5.0,2.8280000000000003,1.0
2026-02-04 18:04:00,19.05,5.0,2.81,1.0
2026-02-04 18:05:00,19.18,5.0,2.836,1.0
2026-02-04 18:06:00,19.14,5.0,2.8280000000000003,1.0
2026-02-04 18:07:00,19.3,5.0,2.8600000000000003,1.0
2026-02-04 18:08:00,19.28,5.0,2.8560000000000003,1.0
2026-02-04 18:09:00,19.09,5.0,2.818,1.0
2026-02-04 18:10:00,18.94,5.0,2.7880000000000003,1.0
2026-02-04 18:11:00,18.97,5.0,2.7939999999999996,1.0
2026-02-04 18:12:00,19.18,5.0,2.836,1.0
2026-02-04 18:13:00,19.08,5.0,2.816,1.0
2026-02-04 18:14:00,19.16,5.0,2.832,1.0
2026-02-04 18:15:00,19.05,5.0,2.81,1.0
2026-02-04 18:16:00,18.86,5.0,2.772,1.0
2026-02-04 18:17:00,18.96,5.0,2.7920000000000003,1.0
2026-02-04 18:18:00,19.43,5.0,2.886,1.0
2026-02-04 18:19:00,19.23,5.0,2.846,1.0
2026-02-04 18:20:00,18.68,5.0,2.7359999999999998,1.0
2026-02-04 18:21:00,18.77,5.0,2.754,1.0
2026-02-04 18:22:00,18.79,5.0,2.758,1.0
2026-02-04 18:23:00,18.97,5.0,2.7939999999999996,1.0
2026-02-04 18:24:00,19.11,5.0,2.822,1.0
2026-02-04 18:25:00,19.22,5.0,2.844,1.0
2026-02-04 18:26:00,19.02,5.0,2.804,1.0
2026-02-04 18:27:00,19.16,5.0,2.832,1.0
2026-02-04 18:28:00,18.93,5.0,2.786,1.0
2026-02-04 18:29:00,18.69,5.0,2.7380000000000004,1.0
2026-02-04 18:30:00,18.98,5.0,2.7960000000000003,1.0
2026-02-04 18:31:00,19.1,5.0,2.8200000000000003,1.0
2026-02-04 18:32:00,18.99,5.0,2.7979999999999996,1.0
2026-02-04 18:33:00,18.88,5.0,2.776,1.0
2026-02-04 18:35:00,19.17,5.0,2.8340000000000005,1.0
2026-02-04 18:36:00,19.11,5.0,2.822,1.0
2026-02-04 18:37:00,19.15,5.0,2.8299999999999996,1.0
2026-02-04 18:38:00,19.11,5.0,2.822,1.0
2026-02-04 18:39:00,19.17,5.0,2.8340000000000005,1.0
2026-02-04 18:40:00,19.27,5.0,2.854,1.0
2026-02-04 18:41:00,19.29,5.0,2.8579999999999997,1.0
2026-02-04 18:42:00,19.46,5.0,2.8920000000000003,1.0
2026-02-04 18:43:00,19.47,5.0,2.8939999999999997,1.0
2026-02-04 18:44:00,19.53,5.0,2.906,1.0
2026-02-04 18:45:00,19.87,5.0,2.974,1.0
2026-02-04 18:46:00,19.92,5.0,2.9840000000000004,1.0
2026-02-04 18:47:00,19.87,5.0,2.974,1.0
2026-02-04 18:48:00,19.87,5.0,2.974,1.0
2026-02-04 18:49:00,19.84,5.0,2.968,1.0
2026-02-04 18:50:00,19.87,5.0,2.974,1.0
2026-02-04 18:51:00,19.86,5.0,2.972,1.0
2026-02-04 18:52:00,19.77,5.0,2.9539999999999997,1.0
2026-02-04 18:53:00,19.95,5.0,2.9899999999999998,1.0
2026-02-04 18:54:00,19.88,5.0,2.976,1.0
2026-02-04 18:55:00,20.0,5.0,3.0,1.0
2026-02-04 18:56:00,17.49,5.0,2.4979999999999998,1.0
2026-02-04 18:57:00,17.62,5.0,2.524,1.0
2026-02-04 18:58:00,17.7,5.0,2.54,1.0
2026-02-04 18:59:00,17.82,5.0,2.564,1.0
2026-02-04 19:00:00,17.49,5.0,2.4979999999999998,1.0
2026-02-04 19:01:00,17.6,5.0,2.5200000000000005,1.0
2026-02-04 19:02:00,17.93,5.0,2.586,1.0
2026-02-04 19:03:00,18.06,5.0,2.6119999999999997,1.0
2026-02-04 19:04:00,17.93,5.0,2.586,1.0
2026-02-04 19:05:00,17.86,5.0,2.572,1.0
2026-02-04 19:06:00,17.3,5.0,2.46,1.0
2026-02-04 19:07:00,17.59,5.0,2.518,1.0
2026-02-04 19:08:00,17.58,5.0,2.5159999999999996,1.0
2026-02-04 19:09:00,16.54,5.0,2.308,1.0
2026-02-04 19:10:00,16.82,5.0,2.364,1.0
2026-02-04 19:11:00,16.72,5.0,2.344,1.0
2026-02-04 19:12:00,16.71,5.0,2.342,1.0
2026-02-04 19:13:00,16.8,5.0,2.3600000000000003,1.0
2026-02-04 19:14:00,16.84,5.0,2.368,1.0
2026-02-04 19:15:00,17.62,5.0,2.524,1.0
2026-02-04 19:16:00,17.7,5.0,2.54,1.0
2026-02-04 19:17:00,17.66,5.0,2.532,1.0
2026-02-04 19:18:00,17.72,5.0,2.5439999999999996,1.0
2026-02-04 19:19:00,17.27,5.0,2.4539999999999997,1.0
2026-02-04 19:20:00,17.45,5.0,2.4899999999999998,1.0
2026-02-04 19:21:00,17.73,5.0,2.5460000000000003,1.0
2026-02-04 19:22:00,17.61,5.0,2.522,1.0
2026-02-04 19:23:00,17.65,5.0,2.53,1.0
2026-02-04 19:24:00,17.9,5.0,2.5799999999999996,1.0
2026-02-04 19:25:00,17.4,5.0,2.4799999999999995,1.0
2026-02-04 19:26:00,16.8,5.0,2.3600000000000003,1.0
2026-02-04 19:27:00,16.49,5.0,2.2979999999999996,1.0
2026-02-04 19:28:00,16.8,5.0,2.3600000000000003,1.0
2026-02-04 19:29:00,16.67,5.0,2.3340000000000005,1.0
2026-02-04 19:30:00,17.02,5.0,2.404,1.0
2026-02-04 19:31:00,17.56,5.0,2.5119999999999996,1.0
2026-02-04 19:32:00,17.81,5.0,2.562,1.0
2026-02-04 19:33:00,17.54,5.0,2.508,1.0
2026-02-04 19:34:00,17.74,5.0,2.5479999999999996,1.0
2026-02-04 19:35:00,17.89,5.0,2.5780000000000003,1.0
2026-02-04 19:36:00,18.86,5.0,2.772,1.0
2026-02-04 19:37:00,19.1,5.0,2.8200000000000003,1.0
2026-02-04 19:38:00,18.74,5.0,2.7479999999999998,1.0
2026-02-04 19:39:00,18.53,5.0,2.7060000000000004,1.0
2026-02-04 19:40:00,17.81,5.0,2.562,1.0
2026-02-04 19:41:00,17.41,5.0,2.482,1.0
2026-02-04 19:42:00,17.25,5.0,2.45,1.0
2026-02-04 19:43:00,16.93,5.0,2.386,1.0
2026-02-04 19:44:00,16.62,5.0,2.3240000000000003,1.0
2026-02-04 19:45:00,16.42,5.0,2.2840000000000003,1.0
2026-02-04 19:46:00,16.38,5.0,2.276,1.0
2026-02-04 19:47:00,16.09,5.0,2.218,1.0
2026-02-04 19:48:00,16.31,5.0,2.2619999999999996,1.0
2026-02-04 19:49:00,16.33,5.0,2.2659999999999996,1.0
2026-02-04 19:50:00,16.22,5.0,2.2439999999999998,1.0
2026-02-04 19:51:00,15.81,5.0,2.162,1.0
2026-02-04 19:52:00,16.23,5.0,2.246,1.0
2026-02-04 19:53:00,16.2,5.0,2.2399999999999998,1.0
2026-02-04 19:54:00,15.67,5.0,2.134,1.0
2026-02-04 19:55:00,15.93,5.0,2.186,1.0
2026-02-04 19:56:00,16.24,5.0,2.2479999999999998,1.0
2026-02-04 19:57:00,15.78,5.0,2.1559999999999997,1.0
2026-02-04 19:58:00,16.3,5.0,2.2600000000000002,1.0
2026-02-04 19:59:00,15.97,5.0,2.194,1.0
2026-02-04 20:00:00,15.79,5.0,2.158,1.0
2026-02-04 20:01:00,15.99,5.0,2.198,1.0
2026-02-04 20:02:00,16.01,5.0,2.2020000000000004,1.0
2026-02-04 20:03:00,15.88,5.0,2.176,1.0
2026-02-04 20:04:00,15.83,5.0,2.166,1.0
2026-02-04 20:05:00,15.77,5.0,2.154,1.0
2026-02-04 20:06:00,15.33,5.0,2.066,1.0
2026-02-04 20:07:00,15.73,5.0,2.146,1.0
2026-02-04 20:08:00,15.85,5.0,2.17,1.0
2026-02-04 20:09:00,15.95,5.0,2.19,1.0
2026-02-04 20:10:00,15.78,5.0,2.1559999999999997,1.0
2026-02-04 20:11:00,16.08,5.0,2.2159999999999997,1.0
2026-02-04 20:12:00,16.16,5.0,2.232,1.0
2026-02-04 20:13:00,16.17,5.0,2.2340000000000004,1.0
2026-02-04 20:14:00,16.02,5.0,2.2039999999999997,1.0
2026-02-04 20:15:00,16.02,5.0,2.2039999999999997,1.0
2026-02-04 20:16:00,16.21,5.0,2.242,1.0
2026-02-04 20:17:00,16.27,5.0,2.254,1.0
2026-02-04 20:18:00,16.19,5.0,2.2380000000000004,1.0
2026-02-04 20:19:00,16.03,5.0,2.2060000000000004,1.0
2026-02-04 20:20:00,15.71,5.0,2.1420000000000003,1.0
2026-02-04 20:21:00,15.92,5.0,2.184,1.0
2026-02-04 20:22:00,15.42,5.0,2.084,1.0
2026-02-04 20:23:00,15.31,5.0,2.0620000000000003,1.0
2026-02-04 20:24:00,15.33,5.0,2.066,1.0
2026-02-04 20:25:00,15.37,5.0,2.074,1.0
2026-02-04 20:26:00,15.61,5.0,2.122,1.0
2026-02-04 20:27:00,15.86,5.0,2.1719999999999997,1.0
2026-02-04 20:28:00,15.76,5.0,2.152,1.0
2026-02-04 20:29:00,15.65,5.0,2.13,1.0
2026-02-04 20:30:00,15.37,5.0,2.074,1.0
2026-02-04 20:31:00,15.79,5.0,2.158,1.0
2026-02-04 20:32:00,15.64,5.0,2.128,1.0
2026-02-04 20:33:00,15.57,5.0,2.114,1.0
2026-02-04 20:34:00,15.54,5.0,2.1079999999999997,1.0
2026-02-04 20:35:00,15.43,5.0,2.086,1.0
2026-02-04 20:36:00,15.49,5.0,2.098,1.0
2026-02-04 20:37:00,15.45,5.0,2.09,1.0
2026-02-04 20:38:00,15.55,5.0,2.1100000000000003,1.0
2026-02-04 20:39:00,12.51,5.0,1.502,1.0
2026-02-04 20:40:00,14.8,5.0,1.9600000000000002,1.0
2026-02-04 20:41:00,14.77,5.0,1.954,1.0
2026-02-04 20:42:00,15.04,5.0,2.008,1.0
2026-02-04 20:43:00,14.97,5.0,1.9940000000000002,1.0
2026-02-04 20:44:00,14.79,5.0,1.9579999999999997,1.0
2026-02-04 20:45:00,15.1,5.0,2.02,1.0
2026-02-04 20:46:00,14.21,5.0,1.842,1.0
2026-02-04 20:47:00,14.16,5.0,1.832,1.0
2026-02-04 20:48:00,14.34,5.0,1.8679999999999999,1.0
2026-02-04 20:49:00,14.48,5.0,1.8960000000000001,1.0
2026-02-04 20:50:00,13.58,5.0,1.716,1.0
2026-02-04 20:51:00,13.91,5.0,1.782,1.0
2026-02-04 20:52:00,14.07,5.0,1.814,1.0
2026-02-04 20:53:00,14.17,5.0,1.834,1.0
2026-02-04 20:54:00,14.42,5.0,1.884,1.0
2026-02-04 20:55:00,14.52,5.0,1.904,1.0
2026-02-04 20:56:00,13.21,5.0,1.6420000000000001,1.0
2026-02-04 20:57:00,14.32,5.0,1.864,1.0
2026-02-04 20:58:00,13.95,5.0,1.7899999999999998,1.0
2026-02-04 20:59:00,14.02,5.0,1.8039999999999998,1.0
2026-02-04 21:00:00,13.96,5.0,1.7920000000000003,1.0
2026-02-04 21:01:00,14.3,5.0,1.86,1.0
2026-02-04 21:02:00,14.26,5.0,1.8519999999999999,1.0
2026-02-04 21:03:00,14.94,5.0,1.988,1.0
2026-02-04 21:04:00,14.73,5.0,1.9460000000000002,1.0
2026-02-04 21:05:00,14.79,5.0,1.9579999999999997,1.0
2026-02-04 21:06:00,14.93,5.0,1.986,1.0
2026-02-04 21:07:00,14.8,5.0,1.9600000000000002,1.0
2026-02-04 21:08:00,15.32,5.0,2.064,1.0
2026-02-04 21:09:00,15.07,5.0,2.0140000000000002,1.0
2026-02-04 21:10:00,15.01,5.0,2.002,1.0
2026-02-04 21:11:00,14.81,5.0,1.9620000000000002,1.0
2026-02-04 21:12:00,15.6,5.0,2.12,1.0
2026-02-04 21:13:00,15.45,5.0,2.09,1.0
2026-02-04 21:14:00,15.12,5.0,2.024,1.0
2026-02-04 21:15:00,15.4,5.0,2.08,1.0
2026-02-04 21:16:00,15.28,5.0,2.056,1.0
2026-02-04 21:17:00,15.34,5.0,2.068,1.0
2026-02-04 21:18:00,15.41,5.0,2.082,1.0
2026-02-04 21:19:00,15.6,5.0,2.12,1.0
2026-02-04 21:20:00,15.93,5.0,2.186,1.0
2026-02-04 21:21:00,16.07,5.0,2.214,1.0
2026-02-04 21:22:00,16.03,5.0,2.2060000000000004,1.0
2026-02-04 21:23:00,16.39,5.0,2.278,1.0
2026-02-04 21:24:00,16.08,5.0,2.2159999999999997,1.0
2026-02-04 21:25:00,16.32,5.0,2.2640000000000002,1.0
2026-02-04 21:26:00,16.34,5.0,2.268,1.0
2026-02-04 21:27:00,16.35,5.0,2.2700000000000005,1.0
2026-02-04 21:28:00,16.39,5.0,2.278,1.0
2026-02-04 21:29:00,16.3,5.0,2.2600000000000002,1.0
2026-02-04 21:30:00,16.26,5.0,2.2520000000000002,1.0
2026-02-04 21:31:00,16.14,5.0,2.228,1.0
2026-02-04 21:32:00,16.2,5.0,2.2399999999999998,1.0
2026-02-04 21:33:00,16.19,5.0,2.2380000000000004,1.0
2026-02-04 21:34:00,16.29,5.0,2.258,1.0
2026-02-04 21:35:00,16.13,5.0,2.226,1.0
2026-02-04 21:36:00,15.95,5.0,2.19,1.0
2026-02-04 21:37:00,15.99,5.0,2.198,1.0
2026-02-04 21:38:00,16.32,5.0,2.2640000000000002,1.0
2026-02-04 21:39:00,16.33,5.0,2.2659999999999996,1.0
2026-02-04 21:40:00,16.14,5.0,2.228,1.0
2026-02-04 21:41:00,16.02,5.0,2.2039999999999997,1.0
2026-02-04 21:42:00,15.72,5.0,2.144,1.0
2026-02-04 21:43:00,14.77,5.0,1.954,1.0
2026-02-04 21:44:00,14.9,5.0,1.98,1.0
2026-02-04 21:45:00,14.51,5.0,1.902,1.0
2026-02-04 21:46:00,14.52,5.0,1.904,1.0
2026-02-04 21:47:00,14.65,5.0,1.9300000000000002,1.0
2026-02-04 21:48:00,14.58,5.0,1.916,1.0
2026-02-04 21:49:00,14.42,5.0,1.884,1.0
2026-02-04 21:50:00,14.53,5.0,1.906,1.0
2026-02-04 21:51:00,14.5,5.0,1.9,1.0
2026-02-04 21:52:00,14.61,5.0,1.922,1.0
2026-02-04 21:53:00,14.67,5.0,1.934,1.0
2026-02-04 21:54:00,14.53,5.0,1.906,1.0
2026-02-04 21:55:00,14.57,5.0,1.9140000000000001,1.0
2026-02-04 21:56:00,14.46,5.0,1.8920000000000001,1.0
2026-02-04 21:57:00,14.42,5.0,1.884,1.0
2026-02-04 21:58:00,13.4,5.0,1.6800000000000002,1.0
2026-02-04 22:00:00,12.16,5.0,1.432,1.0
2026-02-04 22:01:00,11.55,5.0,1.31,1.0
2026-02-04 22:02:00,10.21,5.0,1.0420000000000003,1.0
2026-02-04 22:03:00,10.03,5.0,1.0059999999999998,1.0
2026-02-04 22:04:00,9.57,5.0,0.914,1.0
2026-02-04 22:05:00,7.72,5.0,0.5439999999999999,1.0
2026-02-04 22:06:00,7.25,5.0,0.45,1.0
2026-02-04 22:07:00,7.48,5.0,0.4960000000000001,1.0
2026-02-04 22:08:00,7.77,5.0,0.5539999999999999,1.0
2026-02-04 22:09:00,7.79,5.0,0.558,1.0
2026-02-04 22:10:00,8.85,5.0,0.7699999999999999,1.0
2026-02-04 22:11:00,6.17,5.0,0.23399999999999999,1.0
2026-02-04 22:12:00,6.85,5.0,0.36999999999999994,1.0
2026-02-04 22:13:00,7.24,5.0,0.44800000000000006,1.0
2026-02-04 22:14:00,7.47,5.0,0.49399999999999994,1.0
2026-02-04 22:15:00,6.05,5.0,0.20999999999999996,1.0
2026-02-04 22:16:00,7.14,5.0,0.42799999999999994,1.0
2026-02-04 22:17:00,7.11,5.0,0.42200000000000004,1.0
2026-02-04 22:18:00,7.04,5.0,0.40800000000000003,1.0
2026-02-04 22:19:00,9.98,5.0,0.9960000000000001,1.0
2026-02-04 22:20:00,10.58,5.0,1.116,1.0
2026-02-04 22:21:00,10.08,5.0,1.016,1.0
2026-02-04 22:22:00,9.78,5.0,0.9559999999999998,1.0
2026-02-04 22:23:00,9.96,5.0,0.9920000000000002,1.0
2026-02-04 22:24:00,7.72,5.0,0.5439999999999999,1.0
2026-02-04 22:25:00,7.11,5.0,0.42200000000000004,1.0
2026-02-04 22:26:00,5.61,5.0,0.12200000000000007,1.0
2026-02-04 22:27:00,9.21,5.0,0.8420000000000002,1.0
2026-02-04 22:28:00,11.53,5.0,1.3059999999999998,1.0
2026-02-04 22:29:00,11.7,5.0,1.3399999999999999,1.0
2026-02-04 22:30:00,12.38,5.0,1.4760000000000002,1.0
2026-02-04 22:31:00,11.35,5.0,1.27,1.0
2026-02-04 22:32:00,12.21,5.0,1.4420000000000002,1.0
2026-02-04 22:33:00,11.31,5.0,1.262,1.0
2026-02-04 22:34:00,12.31,5.0,1.4620000000000002,1.0
2026-02-04 22:35:00,12.52,5.0,1.504,1.0
2026-02-04 22:36:00,12.18,5.0,1.436,1.0
2026-02-04 22:37:00,13.34,5.0,1.668,1.0
2026-02-04 22:38:00,14.12,5.0,1.8239999999999998,1.0
2026-02-04 22:39:00,14.87,5.0,1.9739999999999998,1.0
2026-02-04 22:40:00,15.31,5.0,2.0620000000000003,1.0
2026-02-04 22:41:00,15.04,5.0,2.008,1.0
2026-02-04 22:42:00,14.7,5.0,1.94,1.0
2026-02-04 22:43:00,14.59,5.0,1.918,1.0
2026-02-04 22:44:00,14.77,5.0,1.954,1.0
2026-02-04 22:45:00,15.22,5.0,2.044,1.0
2026-02-04 22:46:00,15.56,5.0,2.112,1.0
2026-02-04 22:47:00,16.82,5.0,2.364,1.0
2026-02-04 22:48:00,17.01,5.0,2.402,1.0
2026-02-04 22:49:00,16.65,5.0,2.3299999999999996,1.0
2026-02-04 22:50:00,15.58,5.0,2.116,1.0
2026-02-04 22:51:00,16.67,5.0,2.3340000000000005,1.0
2026-02-04 22:52:00,15.74,5.0,2.148,1.0
2026-02-04 22:53:00,15.93,5.0,2.186,1.0
2026-02-04 22:54:00,14.98,5.0,1.996,1.0
2026-02-04 22:55:00,13.38,5.0,1.6760000000000002,1.0
2026-02-04 22:56:00,14.82,5.0,1.964,1.0
2026-02-04 22:57:00,10.45,5.0,1.0899999999999999,1.0
2026-02-04 22:58:00,9.6,5.0,0.9199999999999999,1.0
2026-02-04 22:59:00,11.59,5.0,1.318,1.0
2026-02-04 23:00:00,10.91,5.0,1.182,1.0
2026-02-04 23:01:00,13.59,5.0,1.718,1.0
2026-02-04 23:02:00,14.26,5.0,1.8519999999999999,1.0
2026-02-04 23:03:00,14.1,5.0,1.8199999999999998,1.0
2026-02-04 23:04:00,13.81,5.0,1.762,1.0
2026-02-04 23:05:00,15.14,5.0,2.028,1.0
2026-02-04 23:06:00,15.35,5.0,2.07,1.0
2026-02-04 23:07:00,15.57,5.0,2.114,1.0
2026-02-04 23:08:00,15.64,5.0,2.128,1.0
2026-02-04 23:09:00,14.4,5.0,1.8800000000000001,1.0
2026-02-04 23:10:00,15.34,5.0,2.068,1.0
2026-02-04 23:11:00,15.26,5.0,2.052,1.0
2026-02-04 23:12:00,13.93,5.0,1.786,1.0
2026-02-04 23:13:00,14.26,5.0,1.8519999999999999,1.0
2026-02-04 23:14:00,14.59,5.0,1.918,1.0
2026-02-04 23:15:00,15.0,5.0,2.0,1.0
2026-02-04 23:16:00,14.93,5.0,1.986,1.0
2026-02-04 23:17:00,15.13,5.0,2.0260000000000002,1.0
2026-02-04 23:18:00,14.2,5.0,1.8399999999999999,1.0
2026-02-04 23:19:00,14.11,5.0,1.8219999999999998,1.0
2026-02-04 23:20:00,14.34,5.0,1.8679999999999999,1.0
2026-02-04 23:21:00,14.67,5.0,1.934,1.0
2026-02-04 23:22:00,14.64,5.0,1.9280000000000002,1.0
2026-02-04 23:23:00,15.1,5.0,2.02,1.0
2026-02-04 23:24:00,15.24,5.0,2.048,1.0
2026-02-04 23:25:00,15.26,5.0,2.052,1.0
2026-02-04 23:26:00,15.38,5.0,2.076,1.0
2026-02-04 23:27:00,15.4,5.0,2.08,1.0
2026-02-04 23:28:00,14.31,5.0,1.862,1.0
2026-02-04 23:29:00,14.34,5.0,1.8679999999999999,1.0
2026-02-04 23:30:00,14.31,5.0,1.862,1.0
2026-02-04 23:31:00,13.82,5.0,1.764,1.0
2026-02-04 23:32:00,14.69,5.0,1.938,1.0
2026-02-04 23:33:00,14.54,5.0,1.908,1.0
2026-02-04 23:34:00,14.46,5.0,1.8920000000000001,1.0
2026-02-04 23:35:00,14.77,5.0,1.954,1.0
2026-02-04 23:36:00,14.71,5.0,1.9420000000000002,1.0
2026-02-04 23:37:00,15.54,5.0,2.1079999999999997,1.0
2026-02-04 23:38:00,15.33,5.0,2.066,1.0
2026-02-04 23:39:00,15.43,5.0,2.086,1.0
2026-02-04 23:40:00,15.54,5.0,2.1079999999999997,1.0
2026-02-04 23:41:00,15.82,5.0,2.164,1.0
2026-02-04 23:42:00,16.1,5.0,2.22,1.0
2026-02-04 23:43:00,16.35,5.0,2.2700000000000005,1.0
2026-02-04 23:44:00,16.35,5.0,2.2700000000000005,1.0
2026-02-04 23:45:00,16.76,5.0,2.3520000000000003,1.0
2026-02-04 23:46:00,16.16,5.0,2.232,1.0
2026-02-04 23:47:00,16.12,5.0,2.224,1.0
2026-02-04 23:48:00,16.47,5.0,2.2939999999999996,1.0
2026-02-04 23:49:00,16.57,5.0,2.314,1.0
2026-02-04 23:50:00,15.94,5.0,2.1879999999999997,1.0
2026-02-04 23:51:00,15.69,5.0,2.138,1.0
2026-02-04 23:52:00,15.92,5.0,2.184,1.0
2026-02-04 23:53:00,15.19,5.0,2.038,1.0
2026-02-04 23:54:00,16.15,5.0,2.2299999999999995,1.0
2026-02-04 23:55:00,11.65,5.0,1.33,1.0
2026-02-04 23:56:00,13.15,5.0,1.6300000000000001,1.0
2026-02-04 23:57:00,11.98,5.0,1.3960000000000001,1.0
2026-02-04 23:58:00,12.48,5.0,1.496,1.0
2026-02-04 23:59:00,14.82,5.0,1.964,1.0
2026-02-05 00:00:00,15.67,5.0,2.134,1.0
2026-02-05 00:01:00,15.24,5.0,2.048,1.0
2026-02-05 00:02:00,13.38,5.0,1.6760000000000002,1.0
2026-02-05 00:03:00,15.28,5.0,2.056,1.0
2026-02-05 00:04:00,14.95,5.0,1.9899999999999998,1.0
2026-02-05 00:05:00,14.84,5.0,1.968,1.0
2026-02-05 00:06:00,14.47,5.0,1.8940000000000001,1.0
2026-02-05 00:07:00,13.65,5.0,1.73,1.0
2026-02-05 00:08:00,12.99,5.0,1.598,1.0
2026-02-05 00:09:00,13.26,5.0,1.652,1.0
2026-02-05 00:10:00,14.15,5.0,1.83,1.0
2026-02-05 00:11:00,13.37,5.0,1.674,1.0
2026-02-05 00:12:00,10.97,5.0,1.1940000000000002,1.0
2026-02-05 00:13:00,10.87,5.0,1.174,1.0
2026-02-05 00:14:00,11.06,5.0,1.2120000000000002,1.0
2026-02-05 00:15:00,11.11,5.0,1.222,1.0
2026-02-05 00:16:00,10.58,5.0,1.116,1.0
2026-02-05 00:17:00,10.42,5.0,1.084,1.0
2026-02-05 00:18:00,10.96,5.0,1.1920000000000002,1.0
2026-02-05 00:19:00,11.65,5.0,1.33,1.0
2026-02-05 00:20:00,13.77,5.0,1.754,1.0
2026-02-05 00:21:00,14.11,5.0,1.8219999999999998,1.0
2026-02-05 00:22:00,10.85,5.0,1.17,1.0
2026-02-05 00:23:00,6.62,5.0,0.324,1.0
2026-02-05 00:24:00,7.23,5.0,0.44600000000000006,1.0
2026-02-05 00:25:00,7.25,5.0,0.45,1.0
2026-02-05 00:26:00,7.39,5.0,0.4779999999999999,1.0
2026-02-05 00:27:00,8.68,5.0,0.736,1.0
2026-02-05 00:28:00,7.15,5.0,0.43000000000000005,1.0
2026-02-05 00:29:00,7.33,5.0,0.466,1.0
2026-02-05 00:30:00,7.15,5.0,0.43000000000000005,1.0
2026-02-05 00:31:00,5.25,5.0,0.05,1.0
2026-02-05 00:32:00,5.51,5.0,0.10199999999999995,1.0
2026-02-05 00:33:00,6.92,5.0,0.384,1.0
2026-02-05 00:34:00,7.19,5.0,0.43800000000000006,1.0
2026-02-05 00:35:00,6.75,5.0,0.35,1.0
2026-02-05 00:36:00,6.42,5.0,0.284,1.0
2026-02-05 00:37:00,6.16,5.0,0.23200000000000004,1.0
2026-02-05 00:38:00,6.81,5.0,0.36199999999999993,1.0
2026-02-05 00:39:00,5.74,5.0,0.14800000000000005,1.0
2026-02-05 00:40:00,6.79,5.0,0.358,1.0
2026-02-05 00:41:00,6.91,5.0,0.382,1.0
2026-02-05 00:42:00,8.53,5.0,0.7059999999999998,1.0
2026-02-05 00:43:00,9.61,5.0,0.9219999999999999,1.0
2026-02-05 00:44:00,7.75,5.0,0.55,1.0
2026-02-05 00:45:00,9.92,5.0,0.984,1.0
2026-02-05 00:46:00,8.17,5.0,0.634,1.0
2026-02-05 00:47:00,8.7,5.0,0.7399999999999999,1.0
2026-02-05 00:48:00,7.47,5.0,0.49399999999999994,1.0
2026-02-05 00:49:00,7.36,5.0,0.4720000000000001,1.0
2026-02-05 00:50:00,5.54,5.0,0.10800000000000001,1.0
2026-02-05 00:51:00,4.32,5.0,0.13599999999999995,0.7605633802816903
2026-02-05 00:52:00,5.7,5.0,0.14000000000000004,1.0
2026-02-05 00:53:00,6.59,5.0,0.31799999999999995,1.0
2026-02-05 00:54:00,7.06,5.0,0.4119999999999999,1.0
2026-02-05 00:55:00,5.95,5.0,0.19000000000000003,1.0
2026-02-05 00:56:00,5.83,5.0,0.166,1.0
2026-02-05 00:57:00,9.31,5.0,0.8620000000000001,1.0
2026-02-05 00:58:00,9.78,5.0,0.9559999999999998,1.0
2026-02-05 00:59:00,10.86,5.0,1.172,1.0
2026-02-05 01:00:00,8.95,5.0,0.7899999999999998,1.0
2026-02-05 01:01:00,9.76,5.0,0.952,1.0
2026-02-05 01:02:00,11.1,5.0,1.22,1.0
2026-02-05 01:03:00,4.69,5.0,0.06199999999999992,0.8832391713747648
2026-02-05 01:04:00,6.26,5.0,0.25199999999999995,1.0
2026-02-05 01:05:00,7.12,5.0,0.42400000000000004,1.0
2026-02-05 01:06:00,6.28,5.0,0.25600000000000006,1.0
2026-02-05 01:07:00,4.69,5.0,0.06199999999999992,0.8832391713747648
2026-02-05 01:08:00,5.73,5.0,0.14600000000000007,1.0
2026-02-05 01:09:00,6.68,5.0,0.33599999999999997,1.0
2026-02-05 01:11:00,6.76,5.0,0.352,1.0
2026-02-05 01:12:00,8.47,5.0,0.6940000000000002,1.0
2026-02-05 01:13:00,10.74,5.0,1.1480000000000001,1.0
2026-02-05 01:14:00,10.76,5.0,1.152,1.0
2026-02-05 01:15:00,11.2,5.0,1.2399999999999998,1.0
2026-02-05 01:16:00,10.87,5.0,1.174,1.0
2026-02-05 01:17:00,12.16,5.0,1.432,1.0
2026-02-05 01:18:00,10.59,5.0,1.1179999999999999,1.0
2026-02-05 01:19:00,10.55,5.0,1.11,1.0
2026-02-05 01:20:00,10.49,5.0,1.098,1.0
2026-02-05 01:21:00,11.72,5.0,1.344,1.0
2026-02-05 01:22:00,10.36,5.0,1.0719999999999998,1.0
2026-02-05 01:23:00,9.2,5.0,0.8399999999999999,1.0
2026-02-05 01:24:00,9.1,5.0,0.82,1.0
2026-02-05 01:25:00,7.36,5.0,0.4720000000000001,1.0
2026-02-05 01:26:00,8.89,5.0,0.7780000000000001,1.0
2026-02-05 01:27:00,10.93,5.0,1.186,1.0
2026-02-05 01:28:00,10.56,5.0,1.112,1.0
2026-02-05 01:29:00,12.33,5.0,1.466,1.0
2026-02-05 01:30:00,11.98,5.0,1.3960000000000001,1.0
2026-02-05 01:31:00,13.14,5.0,1.6280000000000001,1.0
2026-02-05 01:32:00,12.7,5.0,1.5399999999999998,1.0
2026-02-05 01:33:00,14.67,5.0,1.934,1.0
2026-02-05 01:34:00,16.85,5.0,2.37,1.0
2026-02-05 01:35:00,17.15,5.0,2.4299999999999997,1.0
2026-02-05 01:36:00,17.97,5.0,2.594,1.0
2026-02-05 01:37:00,17.91,5.0,2.582,1.0
2026-02-05 01:38:00,17.44,5.0,2.4880000000000004,1.0
2026-02-05 01:39:00,17.08,5.0,2.4159999999999995,1.0
2026-02-05 01:40:00,16.91,5.0,2.382,1.0
2026-02-05 01:41:00,16.83,5.0,2.3659999999999997,1.0
2026-02-05 01:42:00,17.64,5.0,2.528,1.0
2026-02-05 01:43:00,17.75,5.0,2.55,1.0
2026-02-05 01:44:00,17.02,5.0,2.404,1.0
2026-02-05 01:45:00,17.03,5.0,2.406,1.0
2026-02-05 01:46:00,16.85,5.0,2.37,1.0
2026-02-05 01:47:00,16.77,5.0,2.354,1.0
2026-02-05 01:48:00,16.85,5.0,2.37,1.0
2026-02-05 01:49:00,16.87,5.0,2.374,1.0
2026-02-05 01:50:00,17.11,5.0,2.4219999999999997,1.0
2026-02-05 01:51:00,17.11,5.0,2.4219999999999997,1.0
2026-02-05 01:52:00,16.51,5.0,2.3020000000000005,1.0
2026-02-05 01:53:00,15.85,5.0,2.17,1.0
2026-02-05 01:54:00,15.69,5.0,2.138,1.0
2026-02-05 01:55:00,15.81,5.0,2.162,1.0
2026-02-05 01:56:00,16.04,5.0,2.2079999999999997,1.0
2026-02-05 01:57:00,15.98,5.0,2.196,1.0
2026-02-05 01:58:00,15.41,5.0,2.082,1.0
2026-02-05 01:59:00,15.56,5.0,2.112,1.0
2026-02-05 02:00:00,15.3,5.0,2.06,1.0
2026-02-05 02:01:00,15.83,5.0,2.166,1.0
2026-02-05 02:02:00,16.01,5.0,2.2020000000000004,1.0
2026-02-05 02:03:00,17.28,5.0,2.4560000000000004,1.0
2026-02-05 02:04:00,16.98,5.0,2.396,1.0
2026-02-05 02:05:00,17.11,5.0,2.4219999999999997,1.0
2026-02-05 02:06:00,17.35,5.0,2.47,1.0
2026-02-05 02:07:00,17.35,5.0,2.47,1.0
2026-02-05 02:08:00,17.33,5.0,2.4659999999999997,1.0
2026-02-05 02:09:00,17.21,5.0,2.442,1.0
2026-02-05 02:10:00,17.04,5.0,2.408,1.0
2026-02-05 02:11:00,17.06,5.0,2.412,1.0
2026-02-05 02:12:00,17.37,5.0,2.474,1.0
2026-02-05 02:13:00,17.73,5.0,2.5460000000000003,1.0
2026-02-05 02:14:00,18.69,5.0,2.7380000000000004,1.0
2026-02-05 02:15:00,18.73,5.0,2.746,1.0
2026-02-05 02:16:00,18.9,5.0,2.78,1.0
2026-02-05 02:17:00,18.66,5.0,2.732,1.0
2026-02-05 02:18:00,18.6,5.0,2.72,1.0
2026-02-05 02:19:00,18.86,5.0,2.772,1.0
2026-02-05 02:20:00,18.88,5.0,2.776,1.0
2026-02-05 02:21:00,18.87,5.0,2.774,1.0
2026-02-05 02:22:00,18.93,5.0,2.786,1.0
2026-02-05 02:23:00,18.92,5.0,2.7840000000000003,1.0
2026-02-05 02:24:00,18.89,5.0,2.778,1.0
2026-02-05 02:25:00,18.92,5.0,2.7840000000000003,1.0
2026-02-05 02:26:00,19.27,5.0,2.854,1.0
2026-02-05 02:27:00,19.04,5.0,2.808,1.0
2026-02-05 02:28:00,18.79,5.0,2.758,1.0
2026-02-05 02:29:00,18.66,5.0,2.732,1.0
2026-02-05 02:30:00,18.38,5.0,2.6759999999999997,1.0
2026-02-05 02:31:00,18.35,5.0,2.6700000000000004,1.0
2026-02-05 02:32:00,18.39,5.0,2.678,1.0
2026-02-05 02:33:00,18.42,5.0,2.684,1.0
2026-02-05 02:34:00,18.31,5.0,2.662,1.0
2026-02-05 02:35:00,18.18,5.0,2.636,1.0
2026-02-05 02:36:00,18.11,5.0,2.622,1.0
2026-02-05 02:37:00,18.16,5.0,2.632,1.0
2026-02-05 02:38:00,18.16,5.0,2.632,1.0
2026-02-05 02:39:00,18.15,5.0,2.63,1.0
2026-02-05 02:40:00,18.17,5.0,2.6340000000000003,1.0
2026-02-05 02:41:00,18.08,5.0,2.6159999999999997,1.0
2026-02-05 02:42:00,18.02,5.0,2.604,1.0
2026-02-05 02:43:00,18.05,5.0,2.6100000000000003,1.0
2026-02-05 02:44:00,18.14,5.0,2.628,1.0
2026-02-05 02:45:00,17.94,5.0,2.588,1.0
2026-02-05 02:46:00,17.99,5.0,2.598,1.0
2026-02-05 02:47:00,18.05,5.0,2.6100000000000003,1.0
2026-02-05 02:48:00,17.92,5.0,2.5840000000000005,1.0
2026-02-05 02:49:00,17.85,5.0,2.5700000000000003,1.0
2026-02-05 02:50:00,18.14,5.0,2.628,1.0
2026-02-05 02:51:00,18.15,5.0,2.63,1.0
2026-02-05 02:52:00,18.23,5.0,2.646,1.0
2026-02-05 02:53:00,18.12,5.0,2.624,1.0
2026-02-05 02:54:00,18.08,5.0,2.6159999999999997,1.0
2026-02-05 02:55:00,17.91,5.0,2.582,1.0
2026-02-05 02:56:00,17.85,5.0,2.5700000000000003,1.0
2026-02-05 02:57:00,17.88,5.0,2.5759999999999996,1.0
2026-02-05 02:58:00,17.85,5.0,2.5700000000000003,1.0
2026-02-05 02:59:00,17.87,5.0,2.5740000000000003,1.0
2026-02-05 03:00:00,17.85,5.0,2.5700000000000003,1.0
2026-02-05 03:01:00,17.83,5.0,2.566,1.0
2026-02-05 03:02:00,17.72,5.0,2.5439999999999996,1.0
2026-02-05 03:03:00,18.02,5.0,2.604,1.0
2026-02-05 03:04:00,17.92,5.0,2.5840000000000005,1.0
2026-02-05 03:05:00,17.96,5.0,2.592,1.0
2026-02-05 03:06:00,17.88,5.0,2.5759999999999996,1.0
2026-02-05 03:07:00,18.09,5.0,2.618,1.0
2026-02-05 03:08:00,18.17,5.0,2.6340000000000003,1.0
2026-02-05 03:09:00,18.13,5.0,2.626,1.0
2026-02-05 03:10:00,18.04,5.0,2.6079999999999997,1.0
2026-02-05 03:11:00,17.99,5.0,2.598,1.0
2026-02-05 03:12:00,17.82,5.0,2.564,1.0
2026-02-05 03:13:00,17.7,5.0,2.54,1.0
2026-02-05 03:14:00,17.83,5.0,2.566,1.0
2026-02-05 03:15:00,17.75,5.0,2.55,1.0
2026-02-05 03:16:00,17.83,5.0,2.566,1.0
2026-02-05 03:17:00,17.98,5.0,2.596,1.0
2026-02-05 03:18:00,17.84,5.0,2.568,1.0
2026-02-05 03:19:00,17.9,5.0,2.5799999999999996,1.0
2026-02-05 03:20:00,17.88,5.0,2.5759999999999996,1.0
2026-02-05 03:21:00,17.9,5.0,2.5799999999999996,1.0
2026-02-05 03:22:00,17.7,5.0,2.54,1.0
2026-02-05 03:23:00,17.87,5.0,2.5740000000000003,1.0
2026-02-05 03:24:00,17.85,5.0,2.5700000000000003,1.0
2026-02-05 03:25:00,17.53,5.0,2.5060000000000002,1.0
2026-02-05 03:26:00,16.74,5.0,2.348,1.0
2026-02-05 03:27:00,16.69,5.0,2.338,1.0
2026-02-05 03:28:00,16.54,5.0,2.308,1.0
2026-02-05 03:29:00,17.15,5.0,2.4299999999999997,1.0
2026-02-05 03:30:00,17.81,5.0,2.562,1.0
2026-02-05 03:31:00,17.78,5.0,2.556,1.0
2026-02-05 03:32:00,17.87,5.0,2.5740000000000003,1.0
2026-02-05 03:33:00,17.69,5.0,2.5380000000000003,1.0
2026-02-05 03:34:00,17.58,5.0,2.5159999999999996,1.0
2026-02-05 03:35:00,17.66,5.0,2.532,1.0
2026-02-05 03:36:00,17.53,5.0,2.5060000000000002,1.0
2026-02-05 03:37:00,17.45,5.0,2.4899999999999998,1.0
2026-02-05 03:38:00,17.56,5.0,2.5119999999999996,1.0
2026-02-05 03:39:00,17.55,5.0,2.5100000000000002,1.0
2026-02-05 03:40:00,17.57,5.0,2.5140000000000002,1.0
2026-02-05 03:41:00,17.51,5.0,2.5020000000000002,1.0
2026-02-05 03:42:00,17.57,5.0,2.5140000000000002,1.0
2026-02-05 03:43:00,17.51,5.0,2.5020000000000002,1.0
2026-02-05 03:44:00,17.48,5.0,2.496,1.0
2026-02-05 03:45:00,17.52,5.0,2.504,1.0
2026-02-05 03:46:00,17.58,5.0,2.5159999999999996,1.0
2026-02-05 03:47:00,17.87,5.0,2.5740000000000003,1.0
2026-02-05 03:48:00,17.84,5.0,2.568,1.0
2026-02-05 03:49:00,17.72,5.0,2.5439999999999996,1.0
2026-02-05 03:50:00,17.72,5.0,2.5439999999999996,1.0
2026-02-05 03:51:00,17.64,5.0,2.528,1.0
2026-02-05 03:52:00,17.66,5.0,2.532,1.0
2026-02-05 03:53:00,17.55,5.0,2.5100000000000002,1.0
2026-02-05 03:54:00,17.54,5.0,2.508,1.0
2026-02-05 03:55:00,17.58,5.0,2.5159999999999996,1.0
2026-02-05 03:56:00,17.71,5.0,2.5420000000000003,1.0
2026-02-05 03:57:00,17.67,5.0,2.5340000000000003,1.0
2026-02-05 03:58:00,17.6,5.0,2.5200000000000005,1.0
2026-02-05 04:00:00,17.69,5.0,2.5380000000000003,1.0
2026-02-05 04:01:00,17.59,5.0,2.518,1.0
2026-02-05 04:02:00,17.61,5.0,2.522,1.0
2026-02-05 04:03:00,17.63,5.0,2.526,1.0
2026-02-05 04:04:00,17.76,5.0,2.5520000000000005,1.0
2026-02-05 04:05:00,17.73,5.0,2.5460000000000003,1.0
2026-02-05 04:06:00,17.64,5.0,2.528,1.0
2026-02-05 04:07:00,17.59,5.0,2.518,1.0
2026-02-05 04:08:00,17.53,5.0,2.5060000000000002,1.0
2026-02-05 04:09:00,17.56,5.0,2.5119999999999996,1.0
2026-02-05 04:10:00,17.46,5.0,2.492,1.0
2026-02-05 04:11:00,17.49,5.0,2.4979999999999998,1.0
2026-02-05 04:12:00,17.42,5.0,2.4840000000000004,1.0
2026-02-05 04:13:00,17.47,5.0,2.4939999999999998,1.0
2026-02-05 04:14:00,17.36,5.0,2.472,1.0
2026-02-05 04:15:00,17.48,5.0,2.496,1.0
2026-02-05 04:16:00,17.47,5.0,2.4939999999999998,1.0
2026-02-05 04:17:00,17.42,5.0,2.4840000000000004,1.0
2026-02-05 04:18:00,17.47,5.0,2.4939999999999998,1.0
2026-02-05 04:19:00,17.44,5.0,2.4880000000000004,1.0
2026-02-05 04:20:00,17.33,5.0,2.4659999999999997,1.0
2026-02-05 04:21:00,17.39,5.0,2.478,1.0
2026-02-05 04:22:00,17.48,5.0,2.496,1.0
2026-02-05 04:23:00,17.6,5.0,2.5200000000000005,1.0
2026-02-05 04:24:00,17.71,5.0,2.5420000000000003,1.0
2026-02-05 04:25:00,17.78,5.0,2.556,1.0
2026-02-05 04:26:00,17.77,5.0,2.554,1.0
2026-02-05 04:27:00,17.64,5.0,2.528,1.0
2026-02-05 04:28:00,17.62,5.0,2.524,1.0
2026-02-05 04:29:00,16.98,5.0,2.396,1.0
2026-02-05 04:30:00,17.64,5.0,2.528,1.0
2026-02-05 04:31:00,17.78,5.0,2.556,1.0
2026-02-05 04:32:00,17.78,5.0,2.556,1.0
2026-02-05 04:33:00,17.8,5.0,2.56,1.0
2026-02-05 04:34:00,17.86,5.0,2.572,1.0
2026-02-05 04:35:00,17.86,5.0,2.572,1.0
2026-02-05 04:36:00,17.74,5.0,2.5479999999999996,1.0
2026-02-05 04:37:00,17.61,5.0,2.522,1.0
2026-02-05 04:38:00,17.64,5.0,2.528,1.0
2026-02-05 04:39:00,17.59,5.0,2.518,1.0
2026-02-05 04:40:00,17.68,5.0,2.536,1.0
2026-02-05 04:41:00,17.63,5.0,2.526,1.0
2026-02-05 04:42:00,17.67,5.0,2.5340000000000003,1.0
2026-02-05 04:43:00,17.72,5.0,2.5439999999999996,1.0
2026-02-05 04:44:00,17.78,5.0,2.556,1.0
2026-02-05 04:45:00,17.65,5.0,2.53,1.0
2026-02-05 04:46:00,17.42,5.0,2.4840000000000004,1.0
2026-02-05 04:47:00,17.33,5.0,2.4659999999999997,1.0
2026-02-05 04:48:00,17.35,5.0,2.47,1.0
2026-02-05 04:49:00,17.76,5.0,2.5520000000000005,1.0
2026-02-05 04:50:00,17.75,5.0,2.55,1.0
2026-02-05 04:51:00,17.72,5.0,2.5439999999999996,1.0
2026-02-05 04:52:00,17.65,5.0,2.53,1.0
2026-02-05 04:53:00,17.47,5.0,2.4939999999999998,1.0
2026-02-05 04:54:00,17.52,5.0,2.504,1.0
2026-02-05 04:55:00,17.71,5.0,2.5420000000000003,1.0
2026-02-05 04:56:00,17.68,5.0,2.536,1.0
2026-02-05 04:57:00,17.67,5.0,2.5340000000000003,1.0
2026-02-05 04:58:00,17.69,5.0,2.5380000000000003,1.0
2026-02-05 04:59:00,17.76,5.0,2.5520000000000005,1.0
2026-02-05 05:00:00,17.77,5.0,2.554,1.0
2026-02-05 05:01:00,17.57,5.0,2.5140000000000002,1.0
2026-02-05 05:02:00,17.56,5.0,2.5119999999999996,1.0
2026-02-05 05:03:00,17.55,5.0,2.5100000000000002,1.0
2026-02-05 05:04:00,17.54,5.0,2.508,1.0
2026-02-05 05:05:00,17.59,5.0,2.518,1.0
2026-02-05 05:06:00,17.65,5.0,2.53,1.0
2026-02-05 05:07:00,17.69,5.0,2.5380000000000003,1.0
2026-02-05 05:08:00,17.67,5.0,2.5340000000000003,1.0
2026-02-05 05:09:00,17.64,5.0,2.528,1.0
2026-02-05 05:10:00,17.59,5.0,2.518,1.0
2026-02-05 05:11:00,17.63,5.0,2.526,1.0
2026-02-05 05:12:00,17.64,5.0,2.528,1.0
2026-02-05 05:13:00,17.65,5.0,2.53,1.0
2026-02-05 05:14:00,17.61,5.0,2.522,1.0
2026-02-05 05:15:00,17.58,5.0,2.5159999999999996,1.0
2026-02-05 05:16:00,17.55,5.0,2.5100000000000002,1.0
2026-02-05 05:17:00,17.47,5.0,2.4939999999999998,1.0
2026-02-05 05:18:00,17.49,5.0,2.4979999999999998,1.0
2026-02-05 05:19:00,17.5,5.0,2.5,1.0
2026-02-05 05:20:00,17.55,5.0,2.5100000000000002,1.0
2026-02-05 05:21:00,17.53,5.0,2.5060000000000002,1.0
2026-02-05 05:22:00,17.47,5.0,2.4939999999999998,1.0
2026-02-05 05:23:00,17.45,5.0,2.4899999999999998,1.0
2026-02-05 05:24:00,17.51,5.0,2.5020000000000002,1.0
2026-02-05 05:25:00,17.48,5.0,2.496,1.0
2026-02-05 05:26:00,17.44,5.0,2.4880000000000004,1.0
2026-02-05 05:27:00,17.36,5.0,2.472,1.0
2026-02-05 05:28:00,17.31,5.0,2.4619999999999997,1.0
2026-02-05 05:29:00,17.22,5.0,2.444,1.0
2026-02-05 05:30:00,17.24,5.0,2.4479999999999995,1.0
2026-02-05 05:31:00,17.25,5.0,2.45,1.0
2026-02-05 05:32:00,17.23,5.0,2.446,1.0
2026-02-05 05:33:00,17.24,5.0,2.4479999999999995,1.0
2026-02-05 05:34:00,17.22,5.0,2.444,1.0
2026-02-05 05:35:00,17.2,5.0,2.44,1.0
2026-02-05 05:36:00,17.18,5.0,2.436,1.0
2026-02-05 05:37:00,17.08,5.0,2.4159999999999995,1.0
2026-02-05 05:38:00,17.01,5.0,2.402,1.0
2026-02-05 05:39:00,16.99,5.0,2.3979999999999997,1.0
2026-02-05 05:40:00,16.92,5.0,2.3840000000000003,1.0
2026-02-05 05:41:00,16.76,5.0,2.3520000000000003,1.0
2026-02-05 05:42:00,16.74,5.0,2.348,1.0
2026-02-05 05:43:00,16.73,5.0,2.346,1.0
2026-02-05 05:44:00,16.71,5.0,2.342,1.0
2026-02-05 05:45:00,16.77,5.0,2.354,1.0
2026-02-05 05:46:00,16.76,5.0,2.3520000000000003,1.0
2026-02-05 05:47:00,16.64,5.0,2.3280000000000003,1.0
2026-02-05 05:48:00,16.43,5.0,2.286,1.0
2026-02-05 05:49:00,16.32,5.0,2.2640000000000002,1.0
2026-02-05 05:50:00,16.11,5.0,2.222,1.0
2026-02-05 05:51:00,16.09,5.0,2.218,1.0
2026-02-05 05:52:00,16.08,5.0,2.2159999999999997,1.0
2026-02-05 05:53:00,15.83,5.0,2.166,1.0
2026-02-05 05:54:00,15.66,5.0,2.132,1.0
2026-02-05 05:55:00,15.21,5.0,2.0420000000000003,1.0
2026-02-05 05:56:00,15.04,5.0,2.008,1.0
2026-02-05 05:57:00,14.99,5.0,1.998,1.0
2026-02-05 05:58:00,15.18,5.0,2.036,1.0
2026-02-05 05:59:00,15.37,5.0,2.074,1.0
2026-02-05 06:00:00,15.18,5.0,2.036,1.0
2026-02-05 06:01:00,14.83,5.0,1.966,1.0
2026-02-05 06:02:00,15.01,5.0,2.002,1.0
2026-02-05 06:03:00,15.54,5.0,2.1079999999999997,1.0
2026-02-05 06:04:00,15.03,5.0,2.006,1.0
2026-02-05 06:05:00,15.05,5.0,2.0100000000000002,1.0
2026-02-05 06:06:00,15.79,5.0,2.158,1.0
2026-02-05 06:07:00,15.9,5.0,2.18,1.0
2026-02-05 06:08:00,15.92,5.0,2.184,1.0
2026-02-05 06:09:00,16.05,5.0,2.21,1.0
2026-02-05 06:10:00,15.97,5.0,2.194,1.0
2026-02-05 06:11:00,15.94,5.0,2.1879999999999997,1.0
2026-02-05 06:12:00,16.06,5.0,2.2119999999999997,1.0
2026-02-05 06:13:00,16.06,5.0,2.2119999999999997,1.0
2026-02-05 06:14:00,16.11,5.0,2.222,1.0
2026-02-05 06:15:00,16.19,5.0,2.2380000000000004,1.0
2026-02-05 06:16:00,16.07,5.0,2.214,1.0
2026-02-05 06:17:00,16.16,5.0,2.232,1.0
2026-02-05 06:18:00,16.23,5.0,2.246,1.0
2026-02-05 06:19:00,16.24,5.0,2.2479999999999998,1.0
2026-02-05 06:20:00,16.18,5.0,2.2359999999999998,1.0
2026-02-05 06:21:00,16.23,5.0,2.246,1.0
2026-02-05 06:22:00,16.42,5.0,2.2840000000000003,1.0
2026-02-05 06:23:00,16.53,5.0,2.306,1.0
2026-02-05 06:24:00,16.34,5.0,2.268,1.0
2026-02-05 06:25:00,16.34,5.0,2.268,1.0
2026-02-05 06:26:00,16.07,5.0,2.214,1.0
2026-02-05 06:27:00,15.68,5.0,2.136,1.0
2026-02-05 06:28:00,15.49,5.0,2.098,1.0
2026-02-05 06:29:00,15.29,5.0,2.058,1.0
2026-02-05 06:30:00,15.52,5.0,2.104,1.0
2026-02-05 06:31:00,15.51,5.0,2.102,1.0
2026-02-05 06:32:00,15.45,5.0,2.09,1.0
2026-02-05 06:33:00,15.5,5.0,2.1,1.0
2026-02-05 06:34:00,15.22,5.0,2.044,1.0
2026-02-05 06:35:00,14.23,5.0,1.846,1.0
2026-02-05 06:36:00,13.59,5.0,1.718,1.0
2026-02-05 06:37:00,13.32,5.0,1.6640000000000001,1.0
2026-02-05 06:38:00,13.31,5.0,1.6620000000000001,1.0
2026-02-05 06:39:00,13.54,5.0,1.7079999999999997,1.0
2026-02-05 06:40:00,13.64,5.0,1.7280000000000002,1.0
2026-02-05 06:41:00,13.37,5.0,1.674,1.0
2026-02-05 06:42:00,13.59,5.0,1.718,1.0
2026-02-05 06:43:00,14.12,5.0,1.8239999999999998,1.0
2026-02-05 06:44:00,13.37,5.0,1.674,1.0
2026-02-05 06:45:00,13.88,5.0,1.7760000000000002,1.0
2026-02-05 06:46:00,14.61,5.0,1.922,1.0
2026-02-05 06:47:00,14.56,5.0,1.9120000000000001,1.0
2026-02-05 06:48:00,13.86,5.0,1.7719999999999998,1.0
2026-02-05 06:49:00,13.54,5.0,1.7079999999999997,1.0
2026-02-05 06:50:00,13.56,5.0,1.7120000000000002,1.0
2026-02-05 06:51:00,13.69,5.0,1.738,1.0
2026-02-05 06:52:00,13.07,5.0,1.614,1.0
2026-02-05 06:53:00,12.29,5.0,1.4579999999999997,1.0
2026-02-05 06:54:00,11.73,5.0,1.346,1.0
2026-02-05 06:55:00,13.76,5.0,1.752,1.0
2026-02-05 06:56:00,14.02,5.0,1.8039999999999998,1.0
2026-02-05 06:57:00,13.62,5.0,1.7239999999999998,1.0
2026-02-05 06:58:00,14.16,5.0,1.832,1.0
2026-02-05 06:59:00,14.35,5.0,1.8699999999999999,1.0
2026-02-05 07:00:00,14.11,5.0,1.8219999999999998,1.0
2026-02-05 07:01:00,14.03,5.0,1.8059999999999998,1.0
2026-02-05 07:02:00,13.86,5.0,1.7719999999999998,1.0
2026-02-05 07:03:00,13.84,5.0,1.768,1.0
2026-02-05 07:04:00,13.85,5.0,1.77,1.0
2026-02-05 07:49:00,13.24,5.0,1.6480000000000001,1.0
2026-02-05 07:50:00,13.38,5.0,1.6760000000000002,1.0
2026-02-05 07:51:00,13.18,5.0,1.636,1.0
2026-02-05 07:52:00,13.27,5.0,1.654,1.0
2026-02-05 07:53:00,12.99,5.0,1.598,1.0
2026-02-05 07:54:00,13.12,5.0,1.6239999999999999,1.0
2026-02-05 07:55:00,12.75,5.0,1.55,1.0
2026-02-05 07:56:00,12.66,5.0,1.532,1.0
2026-02-05 07:57:00,12.48,5.0,1.496,1.0
2026-02-05 07:58:00,12.47,5.0,1.4940000000000002,1.0
2026-02-05 07:59:00,12.08,5.0,1.416,1.0
2026-02-05 08:00:00,12.33,5.0,1.466,1.0
2026-02-05 08:01:00,12.56,5.0,1.512,1.0
2026-02-05 08:02:00,12.4,5.0,1.48,1.0
2026-02-05 08:03:00,12.71,5.0,1.5420000000000003,1.0
2026-02-05 08:04:00,12.88,5.0,1.576,1.0
2026-02-05 08:05:00,13.02,5.0,1.6039999999999999,1.0
2026-02-05 08:06:00,13.36,5.0,1.672,1.0
2026-02-05 08:07:00,13.19,5.0,1.638,1.0
2026-02-05 08:08:00,12.48,5.0,1.496,1.0
2026-02-05 08:09:00,11.87,5.0,1.3739999999999999,1.0
2026-02-05 08:10:00,12.67,5.0,1.534,1.0
2026-02-05 08:11:00,12.67,5.0,1.534,1.0
2026-02-05 08:12:00,12.56,5.0,1.512,1.0
2026-02-05 08:13:00,12.33,5.0,1.466,1.0
2026-02-05 08:14:00,12.34,5.0,1.468,1.0
2026-02-05 08:15:00,12.4,5.0,1.48,1.0
2026-02-05 08:16:00,11.73,5.0,1.346,1.0
2026-02-05 08:17:00,11.44,5.0,1.2879999999999998,1.0
2026-02-05 08:18:00,12.43,5.0,1.486,1.0
2026-02-05 08:19:00,12.88,5.0,1.576,1.0
2026-02-05 08:20:00,12.9,5.0,1.58,1.0
2026-02-05 08:21:00,12.56,5.0,1.512,1.0
2026-02-05 08:22:00,12.0,5.0,1.4,1.0
2026-02-05 08:23:00,11.58,5.0,1.316,1.0
2026-02-05 08:24:00,11.65,5.0,1.33,1.0
2026-02-05 08:25:00,11.25,5.0,1.25,1.0
2026-02-05 08:26:00,10.95,5.0,1.19,1.0
2026-02-05 08:27:00,10.62,5.0,1.1239999999999999,1.0
2026-02-05 08:28:00,10.93,5.0,1.186,1.0
2026-02-05 08:29:00,11.04,5.0,1.2079999999999997,1.0
2026-02-05 08:30:00,11.25,5.0,1.25,1.0
2026-02-05 08:31:00,11.27,5.0,1.254,1.0
2026-02-05 08:32:00,10.28,5.0,1.0559999999999998,1.0
2026-02-05 08:33:00,10.04,5.0,1.0079999999999998,1.0
2026-02-05 08:34:00,10.35,5.0,1.0699999999999998,1.0
2026-02-05 08:35:00,10.03,5.0,1.0059999999999998,1.0
2026-02-05 08:36:00,9.87,5.0,0.9739999999999999,1.0
2026-02-05 08:37:00,10.24,5.0,1.048,1.0
2026-02-05 08:38:00,10.03,5.0,1.0059999999999998,1.0
2026-02-05 08:39:00,10.13,5.0,1.0260000000000002,1.0
2026-02-05 08:40:00,10.18,5.0,1.036,1.0
2026-02-05 08:41:00,10.22,5.0,1.044,1.0
2026-02-05 08:42:00,10.39,5.0,1.078,1.0
2026-02-05 08:43:00,10.73,5.0,1.1460000000000001,1.0
2026-02-05 08:44:00,10.83,5.0,1.166,1.0
2026-02-05 08:45:00,11.22,5.0,1.2440000000000002,1.0
2026-02-05 08:46:00,12.31,5.0,1.4620000000000002,1.0
2026-02-05 08:47:00,12.3,5.0,1.4600000000000002,1.0
2026-02-05 08:48:00,12.38,5.0,1.4760000000000002,1.0
2026-02-05 08:49:00,11.38,5.0,1.2760000000000002,1.0
2026-02-05 08:50:00,12.26,5.0,1.452,1.0
2026-02-05 08:51:00,12.17,5.0,1.434,1.0
2026-02-05 08:53:00,12.07,5.0,1.4140000000000001,1.0
2026-02-05 08:54:00,12.01,5.0,1.402,1.0
2026-02-05 08:55:00,12.32,5.0,1.464,1.0
2026-02-05 08:56:00,12.34,5.0,1.468,1.0
2026-02-05 08:57:00,12.26,5.0,1.452,1.0
2026-02-05 08:58:00,12.38,5.0,1.4760000000000002,1.0
2026-02-05 08:59:00,11.99,5.0,1.3980000000000001,1.0
2026-02-05 09:00:00,11.73,5.0,1.346,1.0
2026-02-05 09:01:00,11.67,5.0,1.334,1.0
2026-02-05 09:02:00,11.82,5.0,1.364,1.0
2026-02-05 09:03:00,11.86,5.0,1.3719999999999999,1.0
2026-02-05 09:04:00,11.82,5.0,1.364,1.0
2026-02-05 09:05:00,12.17,5.0,1.434,1.0
2026-02-05 09:06:00,12.14,5.0,1.4280000000000002,1.0
2026-02-05 09:07:00,11.75,5.0,1.35,1.0
2026-02-05 09:08:00,11.84,5.0,1.3679999999999999,1.0
2026-02-05 09:09:00,12.01,5.0,1.402,1.0
2026-02-05 09:10:00,11.93,5.0,1.386,1.0
2026-02-05 09:11:00,11.77,5.0,1.3539999999999999,1.0
2026-02-05 09:12:00,11.95,5.0,1.39,1.0
2026-02-05 09:13:00,12.05,5.0,1.4100000000000001,1.0
2026-02-05 09:14:00,12.17,5.0,1.434,1.0
2026-02-05 09:15:00,12.1,5.0,1.42,1.0
2026-02-05 09:16:00,12.08,5.0,1.416,1.0
2026-02-05 09:17:00,12.08,5.0,1.416,1.0
2026-02-05 09:18:00,12.18,5.0,1.436,1.0
2026-02-05 09:19:00,12.25,5.0,1.45,1.0
2026-02-05 09:20:00,12.13,5.0,1.4260000000000002,1.0
2026-02-05 09:21:00,11.93,5.0,1.386,1.0
2026-02-05 09:22:00,11.86,5.0,1.3719999999999999,1.0
2026-02-05 09:23:00,11.99,5.0,1.3980000000000001,1.0
2026-02-05 09:24:00,11.89,5.0,1.3780000000000001,1.0
2026-02-05 09:27:00,12.25,5.0,1.45,1.0
2026-02-05 09:28:00,12.3,5.0,1.4600000000000002,1.0
2026-02-05 09:29:00,12.33,5.0,1.466,1.0
2026-02-05 09:30:00,12.36,5.0,1.472,1.0
2026-02-05 09:31:00,12.4,5.0,1.48,1.0
2026-02-05 09:32:00,12.28,5.0,1.456,1.0
2026-02-05 09:33:00,12.33,5.0,1.466,1.0
2026-02-05 09:34:00,12.33,5.0,1.466,1.0
2026-02-05 09:35:00,12.32,5.0,1.464,1.0
2026-02-05 09:36:00,12.27,5.0,1.454,1.0
2026-02-05 09:37:00,12.22,5.0,1.4440000000000002,1.0
2026-02-05 09:38:00,12.11,5.0,1.422,1.0
2026-02-05 09:39:00,12.05,5.0,1.4100000000000001,1.0
2026-02-05 09:40:00,12.12,5.0,1.424,1.0
2026-02-05 09:41:00,12.14,5.0,1.4280000000000002,1.0
2026-02-05 09:42:00,12.31,5.0,1.4620000000000002,1.0
2026-02-05 09:43:00,12.26,5.0,1.452,1.0
2026-02-05 09:44:00,12.31,5.0,1.4620000000000002,1.0
2026-02-05 09:45:00,12.44,5.0,1.488,1.0
2026-02-05 09:46:00,12.77,5.0,1.5539999999999998,1.0
2026-02-05 09:47:00,12.76,5.0,1.552,1.0
2026-02-05 09:48:00,12.72,5.0,1.544,1.0
2026-02-05 09:49:00,12.74,5.0,1.548,1.0
2026-02-05 09:50:00,13.03,5.0,1.6059999999999999,1.0
2026-02-05 09:51:00,13.23,5.0,1.6460000000000001,1.0
2026-02-05 09:52:00,13.17,5.0,1.634,1.0
2026-02-05 09:53:00,13.04,5.0,1.6079999999999999,1.0
2026-02-05 09:54:00,12.9,5.0,1.58,1.0
2026-02-05 09:55:00,12.66,5.0,1.532,1.0
2026-02-05 09:56:00,12.62,5.0,1.5239999999999998,1.0
2026-02-05 09:57:00,12.83,5.0,1.566,1.0
2026-02-05 10:02:00,12.77,5.0,1.5539999999999998,1.0
2026-02-05 10:03:00,12.62,5.0,1.5239999999999998,1.0
2026-02-05 10:04:00,12.78,5.0,1.5559999999999998,1.0
2026-02-05 10:05:00,12.69,5.0,1.5379999999999998,1.0
2026-02-05 10:06:00,12.7,5.0,1.5399999999999998,1.0
2026-02-05 10:07:00,12.74,5.0,1.548,1.0
2026-02-05 10:08:00,12.4,5.0,1.48,1.0
2026-02-05 10:09:00,12.36,5.0,1.472,1.0
2026-02-05 10:10:00,12.21,5.0,1.4420000000000002,1.0
2026-02-05 10:11:00,12.2,5.0,1.44,1.0
2026-02-05 10:12:00,12.19,5.0,1.438,1.0
2026-02-05 10:13:00,12.24,5.0,1.448,1.0
2026-02-05 10:14:00,12.14,5.0,1.4280000000000002,1.0
2026-02-05 10:15:00,12.11,5.0,1.422,1.0
2026-02-05 10:16:00,12.09,5.0,1.418,1.0
2026-02-05 10:17:00,12.06,5.0,1.4120000000000001,1.0
2026-02-05 10:18:00,12.02,5.0,1.404,1.0
2026-02-05 10:19:00,11.77,5.0,1.3539999999999999,1.0
2026-02-05 10:20:00,11.71,5.0,1.342,1.0
2026-02-05 10:21:00,11.7,5.0,1.3399999999999999,1.0
2026-02-05 10:22:00,11.71,5.0,1.342,1.0
2026-02-05 10:23:00,11.74,5.0,1.348,1.0
2026-02-05 10:24:00,11.72,5.0,1.344,1.0
2026-02-05 10:25:00,11.62,5.0,1.3239999999999998,1.0
2026-02-05 10:26:00,11.73,5.0,1.346,1.0
2026-02-05 10:27:00,11.74,5.0,1.348,1.0
2026-02-05 10:28:00,11.9,5.0,1.3800000000000001,1.0
2026-02-05 10:29:00,11.83,5.0,1.366,1.0
2026-02-05 10:30:00,11.84,5.0,1.3679999999999999,1.0
2026-02-05 10:33:00,11.95,5.0,1.39,1.0
2026-02-05 10:34:00,11.92,5.0,1.384,1.0
2026-02-05 10:35:00,12.15,5.0,1.4300000000000002,1.0
2026-02-05 10:36:00,11.91,5.0,1.3820000000000001,1.0
2026-02-05 10:37:00,11.83,5.0,1.366,1.0
2026-02-05 10:38:00,11.92,5.0,1.384,1.0
2026-02-05 10:39:00,11.04,5.0,1.2079999999999997,1.0
2026-02-05 10:40:00,11.35,5.0,1.27,1.0
2026-02-05 10:41:00,11.38,5.0,1.2760000000000002,1.0
2026-02-05 10:42:00,11.31,5.0,1.262,1.0
2026-02-05 10:43:00,11.33,5.0,1.266,1.0
2026-02-05 10:44:00,11.37,5.0,1.2739999999999998,1.0
2026-02-05 10:45:00,11.52,5.0,1.3039999999999998,1.0
2026-02-05 10:46:00,11.47,5.0,1.294,1.0
2026-02-05 10:47:00,11.11,5.0,1.222,1.0
2026-02-05 10:48:00,11.08,5.0,1.216,1.0
2026-02-05 10:49:00,11.15,5.0,1.23,1.0
2026-02-05 10:50:00,11.12,5.0,1.2239999999999998,1.0
2026-02-05 10:51:00,11.07,5.0,1.214,1.0
2026-02-05 10:52:00,11.21,5.0,1.2420000000000002,1.0
2026-02-05 10:53:00,11.21,5.0,1.2420000000000002,1.0
2026-02-05 10:54:00,11.34,5.0,1.268,1.0
2026-02-05 10:55:00,11.28,5.0,1.2559999999999998,1.0
2026-02-05 10:56:00,11.35,5.0,1.27,1.0
2026-02-05 10:57:00,10.95,5.0,1.19,1.0
2026-02-05 10:58:00,11.13,5.0,1.2260000000000002,1.0
2026-02-05 10:59:00,11.07,5.0,1.214,1.0
2026-02-05 11:00:00,11.01,5.0,1.202,1.0
2026-02-05 11:01:00,10.95,5.0,1.19,1.0
2026-02-05 11:02:00,11.26,5.0,1.252,1.0
2026-02-05 11:03:00,11.28,5.0,1.2559999999999998,1.0
2026-02-05 11:06:00,11.57,5.0,1.314,1.0
2026-02-05 11:07:00,11.64,5.0,1.328,1.0
2026-02-05 11:08:00,11.48,5.0,1.296,1.0
2026-02-05 11:09:00,11.32,5.0,1.264,1.0
2026-02-05 11:10:00,11.18,5.0,1.236,1.0
2026-02-05 11:11:00,11.24,5.0,1.248,1.0
2026-02-05 11:12:00,11.08,5.0,1.216,1.0
2026-02-05 11:13:00,10.77,5.0,1.154,1.0
2026-02-05 11:14:00,10.66,5.0,1.1320000000000001,1.0
2026-02-05 11:15:00,10.91,5.0,1.182,1.0
2026-02-05 11:16:00,10.95,5.0,1.19,1.0
2026-02-05 11:17:00,11.05,5.0,1.2100000000000002,1.0
2026-02-05 11:18:00,11.01,5.0,1.202,1.0
2026-02-05 11:19:00,11.02,5.0,1.204,1.0
2026-02-05 11:20:00,11.09,5.0,1.218,1.0
2026-02-05 11:21:00,11.19,5.0,1.238,1.0
2026-02-05 11:22:00,11.11,5.0,1.222,1.0
2026-02-05 11:23:00,11.2,5.0,1.2399999999999998,1.0
2026-02-05 11:24:00,11.02,5.0,1.204,1.0
2026-02-05 11:25:00,11.46,5.0,1.2920000000000003,1.0
2026-02-05 11:26:00,11.57,5.0,1.314,1.0
2026-02-05 11:27:00,11.74,5.0,1.348,1.0
2026-02-05 11:28:00,11.62,5.0,1.3239999999999998,1.0
2026-02-05 11:29:00,11.39,5.0,1.278,1.0
2026-02-05 11:30:00,11.3,5.0,1.2600000000000002,1.0
2026-02-05 11:31:00,11.34,5.0,1.268,1.0
2026-02-05 11:32:00,11.52,5.0,1.3039999999999998,1.0
2026-02-05 11:33:00,11.25,5.0,1.25,1.0
2026-02-05 11:34:00,11.47,5.0,1.294,1.0
2026-02-05 11:35:00,11.72,5.0,1.344,1.0
2026-02-05 11:36:00,11.59,5.0,1.318,1.0
2026-02-05 11:40:00,11.61,5.0,1.3219999999999998,1.0
2026-02-05 11:41:00,11.39,5.0,1.278,1.0
2026-02-05 11:42:00,11.08,5.0,1.216,1.0
2026-02-05 11:43:00,10.99,5.0,1.198,1.0
2026-02-05 11:44:00,11.22,5.0,1.2440000000000002,1.0
2026-02-05 11:45:00,11.12,5.0,1.2239999999999998,1.0
2026-02-05 11:46:00,10.98,5.0,1.1960000000000002,1.0
2026-02-05 11:47:00,10.85,5.0,1.17,1.0
2026-02-05 11:48:00,10.72,5.0,1.1440000000000001,1.0
2026-02-05 11:49:00,10.74,5.0,1.1480000000000001,1.0
2026-02-05 11:50:00,10.56,5.0,1.112,1.0
2026-02-05 11:51:00,10.6,5.0,1.1199999999999999,1.0
2026-02-05 11:52:00,10.62,5.0,1.1239999999999999,1.0
2026-02-05 11:53:00,10.53,5.0,1.1059999999999999,1.0
2026-02-05 11:54:00,10.55,5.0,1.11,1.0
2026-02-05 11:55:00,10.15,5.0,1.03,1.0
2026-02-05 11:56:00,9.91,5.0,0.982,1.0
2026-02-05 11:57:00,10.29,5.0,1.0579999999999998,1.0
2026-02-05 11:58:00,9.68,5.0,0.9359999999999999,1.0
2026-02-05 11:59:00,8.68,5.0,0.736,1.0
2026-02-05 12:00:00,8.79,5.0,0.7579999999999998,1.0
2026-02-05 12:01:00,9.13,5.0,0.8260000000000002,1.0
2026-02-05 12:02:00,8.03,5.0,0.6059999999999999,1.0
2026-02-05 12:03:00,8.18,5.0,0.6359999999999999,1.0
2026-02-05 12:04:00,9.39,5.0,0.8780000000000001,1.0
2026-02-05 12:05:00,9.74,5.0,0.9480000000000001,1.0
2026-02-05 12:06:00,10.03,5.0,1.0059999999999998,1.0
2026-02-05 12:07:00,10.18,5.0,1.036,1.0
2026-02-05 12:08:00,10.31,5.0,1.062,1.0
2026-02-05 12:09:00,10.26,5.0,1.052,1.0
2026-02-05 12:10:00,10.09,5.0,1.018,1.0
2026-02-05 12:11:00,10.01,5.0,1.002,1.0
2026-02-05 12:12:00,10.16,5.0,1.032,1.0
2026-02-05 12:13:00,10.21,5.0,1.0420000000000003,1.0
2026-02-05 12:14:00,10.48,5.0,1.096,1.0
2026-02-05 12:15:00,10.54,5.0,1.1079999999999999,1.0
2026-02-05 12:16:00,10.47,5.0,1.094,1.0
2026-02-05 12:17:00,10.14,5.0,1.028,1.0
2026-02-05 12:18:00,9.88,5.0,0.9760000000000002,1.0
2026-02-05 12:19:00,9.89,5.0,0.9780000000000001,1.0
2026-02-05 12:20:00,10.14,5.0,1.028,1.0
2026-02-05 12:21:00,10.22,5.0,1.044,1.0
2026-02-05 12:22:00,10.11,5.0,1.0219999999999998,1.0
2026-02-05 12:23:00,9.7,5.0,0.9399999999999998,1.0
2026-02-05 12:24:00,9.74,5.0,0.9480000000000001,1.0
2026-02-05 12:25:00,9.61,5.0,0.9219999999999999,1.0
2026-02-05 12:26:00,9.76,5.0,0.952,1.0
2026-02-05 12:27:00,10.12,5.0,1.0239999999999998,1.0
2026-02-05 12:28:00,10.01,5.0,1.002,1.0
2026-02-05 12:29:00,10.1,5.0,1.02,1.0
2026-02-05 12:30:00,10.04,5.0,1.0079999999999998,1.0
2026-02-05 12:31:00,9.88,5.0,0.9760000000000002,1.0
2026-02-05 12:32:00,9.83,5.0,0.966,1.0
2026-02-05 12:33:00,9.72,5.0,0.9440000000000002,1.0
2026-02-05 12:34:00,9.94,5.0,0.9879999999999999,1.0
2026-02-05 12:35:00,9.9,5.0,0.9800000000000001,1.0
2026-02-05 12:36:00,9.99,5.0,0.998,1.0
2026-02-05 12:37:00,10.09,5.0,1.018,1.0
2026-02-05 12:38:00,10.25,5.0,1.05,1.0
2026-02-05 12:39:00,10.11,5.0,1.0219999999999998,1.0
2026-02-05 12:40:00,10.23,5.0,1.046,1.0
2026-02-05 12:41:00,10.19,5.0,1.0379999999999998,1.0
2026-02-05 12:42:00,10.0,5.0,1.0,1.0
2026-02-05 12:43:00,9.98,5.0,0.9960000000000001,1.0
2026-02-05 12:44:00,9.52,5.0,0.9039999999999999,1.0
2026-02-05 12:45:00,9.09,5.0,0.818,1.0
2026-02-05 12:46:00,9.28,5.0,0.8559999999999999,1.0
2026-02-05 12:47:00,9.5,5.0,0.9,1.0
2026-02-05 12:48:00,9.19,5.0,0.8379999999999999,1.0
2026-02-05 12:49:00,9.41,5.0,0.882,1.0
2026-02-05 12:50:00,8.75,5.0,0.75,1.0
2026-02-05 12:51:00,8.27,5.0,0.6539999999999999,1.0
2026-02-05 12:52:00,7.03,5.0,0.406,1.0
2026-02-05 12:53:00,7.61,5.0,0.522,1.0
2026-02-05 12:54:00,7.03,5.0,0.406,1.0
2026-02-05 12:55:00,7.03,5.0,0.406,1.0
2026-02-05 12:56:00,8.7,5.0,0.7399999999999999,1.0
2026-02-05 12:57:00,8.83,5.0,0.766,1.0
2026-02-05 12:58:00,8.64,5.0,0.7280000000000001,1.0
2026-02-05 12:59:00,7.93,5.0,0.586,1.0
2026-02-05 13:00:00,8.03,5.0,0.6059999999999999,1.0
2026-02-05 13:01:00,8.14,5.0,0.6280000000000001,1.0
2026-02-05 13:02:00,8.21,5.0,0.6420000000000001,1.0
2026-02-05 13:03:00,7.13,5.0,0.426,1.0
2026-02-05 13:04:00,8.54,5.0,0.7079999999999999,1.0
2026-02-05 13:05:00,8.66,5.0,0.732,1.0
2026-02-05 13:06:00,8.65,5.0,0.7300000000000001,1.0
2026-02-05 13:07:00,8.85,5.0,0.7699999999999999,1.0
2026-02-05 13:08:00,9.16,5.0,0.8320000000000001,1.0
2026-02-05 13:09:00,9.1,5.0,0.82,1.0
2026-02-05 13:10:00,8.46,5.0,0.6920000000000002,1.0
2026-02-05 13:11:00,8.93,5.0,0.7859999999999999,1.0
2026-02-05 13:12:00,9.21,5.0,0.8420000000000002,1.0
2026-02-05 13:13:00,9.2,5.0,0.8399999999999999,1.0
2026-02-05 13:14:00,8.21,5.0,0.6420000000000001,1.0
2026-02-05 13:15:00,8.72,5.0,0.7440000000000001,1.0
2026-02-05 13:16:00,8.6,5.0,0.72,1.0
2026-02-05 13:17:00,9.45,5.0,0.8899999999999999,1.0
2026-02-05 13:18:00,8.85,5.0,0.7699999999999999,1.0
2026-02-05 13:19:00,9.16,5.0,0.8320000000000001,1.0
2026-02-05 13:20:00,9.15,5.0,0.8300000000000001,1.0
2026-02-05 13:21:00,9.14,5.0,0.8280000000000001,1.0
2026-02-05 13:22:00,9.19,5.0,0.8379999999999999,1.0
2026-02-05 13:23:00,8.91,5.0,0.782,1.0
2026-02-05 13:24:00,9.09,5.0,0.818,1.0
2026-02-05 13:25:00,9.14,5.0,0.8280000000000001,1.0
2026-02-05 13:26:00,8.95,5.0,0.7899999999999998,1.0
2026-02-05 13:27:00,8.87,5.0,0.7739999999999998,1.0
2026-02-05 13:28:00,8.92,5.0,0.784,1.0
2026-02-05 13:29:00,8.99,5.0,0.798,1.0
2026-02-05 13:30:00,8.42,5.0,0.6839999999999999,1.0
2026-02-05 13:31:00,8.7,5.0,0.7399999999999999,1.0
2026-02-05 13:32:00,8.66,5.0,0.732,1.0
2026-02-05 13:33:00,8.97,5.0,0.7940000000000002,1.0
2026-02-05 13:34:00,9.06,5.0,0.812,1.0
2026-02-05 13:35:00,9.07,5.0,0.8140000000000001,1.0
2026-02-05 13:36:00,8.93,5.0,0.7859999999999999,1.0
2026-02-05 13:37:00,8.93,5.0,0.7859999999999999,1.0
2026-02-05 13:38:00,9.11,5.0,0.8219999999999998,1.0
2026-02-05 13:39:00,9.11,5.0,0.8219999999999998,1.0
2026-02-05 13:40:00,8.97,5.0,0.7940000000000002,1.0
2026-02-05 13:41:00,8.89,5.0,0.7780000000000001,1.0
2026-02-05 13:42:00,8.81,5.0,0.7620000000000001,1.0
2026-02-05 13:43:00,8.78,5.0,0.7559999999999999,1.0
2026-02-05 13:44:00,8.86,5.0,0.7719999999999999,1.0
2026-02-05 13:45:00,8.89,5.0,0.7780000000000001,1.0
2026-02-05 13:46:00,8.82,5.0,0.764,1.0
2026-02-05 13:47:00,9.07,5.0,0.8140000000000001,1.0
2026-02-05 13:48:00,9.23,5.0,0.8460000000000001,1.0
2026-02-05 13:49:00,9.35,5.0,0.8699999999999999,1.0
2026-02-05 13:50:00,9.39,5.0,0.8780000000000001,1.0
2026-02-05 13:51:00,9.33,5.0,0.866,1.0
2026-02-05 13:52:00,9.26,5.0,0.852,1.0
2026-02-05 13:53:00,9.38,5.0,0.8760000000000001,1.0
2026-02-05 13:54:00,9.27,5.0,0.8539999999999999,1.0
2026-02-05 13:55:00,9.25,5.0,0.85,1.0
2026-02-05 13:56:00,9.28,5.0,0.8559999999999999,1.0
2026-02-05 13:57:00,9.29,5.0,0.8579999999999999,1.0
2026-02-05 13:58:00,9.4,5.0,0.8800000000000001,1.0
2026-02-05 13:59:00,9.38,5.0,0.8760000000000001,1.0
2026-02-05 14:00:00,9.37,5.0,0.8739999999999999,1.0
2026-02-05 14:01:00,9.23,5.0,0.8460000000000001,1.0
2026-02-05 14:02:00,9.16,5.0,0.8320000000000001,1.0
2026-02-05 14:03:00,9.09,5.0,0.818,1.0
2026-02-05 14:04:00,9.18,5.0,0.836,1.0
2026-02-05 14:05:00,9.19,5.0,0.8379999999999999,1.0
2026-02-05 14:06:00,9.09,5.0,0.818,1.0
2026-02-05 14:07:00,9.06,5.0,0.812,1.0
2026-02-05 14:08:00,9.0,5.0,0.8,1.0
2026-02-05 14:09:00,9.02,5.0,0.8039999999999999,1.0
2026-02-05 14:10:00,8.88,5.0,0.7760000000000001,1.0
2026-02-05 14:11:00,9.17,5.0,0.834,1.0
2026-02-05 14:12:00,9.03,5.0,0.8059999999999998,1.0
2026-02-05 14:13:00,9.17,5.0,0.834,1.0
2026-02-05 14:14:00,9.18,5.0,0.836,1.0
2026-02-05 14:15:00,9.21,5.0,0.8420000000000002,1.0
2026-02-05 14:16:00,9.28,5.0,0.8559999999999999,1.0
2026-02-05 14:17:00,9.26,5.0,0.852,1.0
2026-02-05 14:18:00,9.25,5.0,0.85,1.0
2026-02-05 14:19:00,9.24,5.0,0.8480000000000001,1.0
2026-02-05 14:20:00,9.11,5.0,0.8219999999999998,1.0
2026-02-05 14:21:00,9.26,5.0,0.852,1.0
2026-02-05 14:22:00,9.24,5.0,0.8480000000000001,1.0
2026-02-05 14:23:00,9.24,5.0,0.8480000000000001,1.0
2026-02-05 14:26:00,8.83,5.0,0.766,1.0
2026-02-05 14:27:00,8.48,5.0,0.6960000000000001,1.0
2026-02-05 14:28:00,8.87,5.0,0.7739999999999998,1.0
2026-02-05 14:29:00,8.74,5.0,0.748,1.0
2026-02-05 14:30:00,8.8,5.0,0.7600000000000001,1.0
2026-02-05 14:31:00,8.67,5.0,0.734,1.0
2026-02-05 14:32:00,8.65,5.0,0.7300000000000001,1.0
2026-02-05 14:33:00,8.65,5.0,0.7300000000000001,1.0
2026-02-05 14:34:00,8.56,5.0,0.7120000000000001,1.0
2026-02-05 14:35:00,8.61,5.0,0.7219999999999999,1.0
2026-02-05 14:36:00,8.64,5.0,0.7280000000000001,1.0
2026-02-05 14:37:00,8.62,5.0,0.7239999999999999,1.0
2026-02-05 14:38:00,8.58,5.0,0.716,1.0
2026-02-05 14:39:00,8.59,5.0,0.718,1.0
2026-02-05 14:40:00,8.55,5.0,0.7100000000000002,1.0
2026-02-05 14:41:00,8.55,5.0,0.7100000000000002,1.0
2026-02-05 14:42:00,8.53,5.0,0.7059999999999998,1.0
2026-02-05 14:43:00,8.55,5.0,0.7100000000000002,1.0
2026-02-05 14:44:00,8.56,5.0,0.7120000000000001,1.0
2026-02-05 14:45:00,8.6,5.0,0.72,1.0
2026-02-05 14:46:00,8.58,5.0,0.716,1.0
2026-02-05 14:47:00,8.71,5.0,0.7420000000000002,1.0
2026-02-05 14:48:00,8.73,5.0,0.7460000000000001,1.0
2026-02-05 14:49:00,8.7,5.0,0.7399999999999999,1.0
2026-02-05 14:50:00,8.71,5.0,0.7420000000000002,1.0
2026-02-05 14:51:00,8.72,5.0,0.7440000000000001,1.0
2026-02-05 14:52:00,8.81,5.0,0.7620000000000001,1.0
2026-02-05 14:53:00,8.85,5.0,0.7699999999999999,1.0
2026-02-05 14:54:00,8.84,5.0,0.768,1.0
2026-02-05 14:55:00,8.63,5.0,0.7260000000000002,1.0
2026-02-05 14:56:00,8.83,5.0,0.766,1.0
2026-02-05 14:57:00,8.63,5.0,0.7260000000000002,1.0
2026-02-05 14:58:00,8.69,5.0,0.7379999999999999,1.0
2026-02-05 14:59:00,8.74,5.0,0.748,1.0
2026-02-05 15:00:00,8.71,5.0,0.7420000000000002,1.0
2026-02-05 15:01:00,8.81,5.0,0.7620000000000001,1.0
2026-02-05 15:02:00,8.7,5.0,0.7399999999999999,1.0
2026-02-05 15:03:00,8.72,5.0,0.7440000000000001,1.0
2026-02-05 15:04:00,8.72,5.0,0.7440000000000001,1.0
2026-02-05 15:05:00,8.8,5.0,0.7600000000000001,1.0
2026-02-05 15:06:00,8.8,5.0,0.7600000000000001,1.0
2026-02-05 15:07:00,8.73,5.0,0.7460000000000001,1.0
2026-02-05 15:08:00,9.03,5.0,0.8059999999999998,1.0
2026-02-05 15:09:00,8.99,5.0,0.798,1.0
2026-02-05 15:10:00,8.99,5.0,0.798,1.0
2026-02-05 15:11:00,9.04,5.0,0.8079999999999998,1.0
2026-02-05 15:12:00,8.84,5.0,0.768,1.0
2026-02-05 15:13:00,8.45,5.0,0.6899999999999998,1.0
2026-02-05 15:14:00,8.53,5.0,0.7059999999999998,1.0
2026-02-05 15:15:00,8.58,5.0,0.716,1.0
2026-02-05 15:16:00,7.55,5.0,0.51,1.0
2026-02-05 15:17:00,8.58,5.0,0.716,1.0
2026-02-05 15:18:00,8.32,5.0,0.664,1.0
2026-02-05 15:19:00,8.28,5.0,0.6559999999999999,1.0
2026-02-05 15:20:00,8.13,5.0,0.6260000000000001,1.0
2026-02-05 15:21:00,8.16,5.0,0.632,1.0
2026-02-05 15:22:00,7.78,5.0,0.556,1.0
2026-02-05 15:23:00,8.21,5.0,0.6420000000000001,1.0
2026-02-05 15:24:00,8.23,5.0,0.6460000000000001,1.0
2026-02-05 15:25:00,8.26,5.0,0.6519999999999999,1.0
2026-02-05 15:26:00,8.12,5.0,0.6239999999999999,1.0
2026-02-05 15:27:00,8.39,5.0,0.6780000000000002,1.0
2026-02-05 15:28:00,8.21,5.0,0.6420000000000001,1.0
2026-02-05 15:29:00,7.94,5.0,0.5880000000000001,1.0
2026-02-05 15:30:00,7.49,5.0,0.49800000000000005,1.0
2026-02-05 15:31:00,7.63,5.0,0.526,1.0
2026-02-05 15:32:00,7.81,5.0,0.5619999999999999,1.0
2026-02-05 15:33:00,8.4,5.0,0.68,1.0
2026-02-05 15:34:00,9.4,5.0,0.8800000000000001,1.0
2026-02-05 15:35:00,9.38,5.0,0.8760000000000001,1.0
2026-02-05 15:36:00,9.38,5.0,0.8760000000000001,1.0
2026-02-05 15:37:00,9.3,5.0,0.8600000000000001,1.0
2026-02-05 15:38:00,9.29,5.0,0.8579999999999999,1.0
2026-02-05 15:39:00,9.22,5.0,0.8440000000000001,1.0
2026-02-05 15:40:00,8.97,5.0,0.7940000000000002,1.0
2026-02-05 15:41:00,9.03,5.0,0.8059999999999998,1.0
2026-02-05 15:42:00,8.74,5.0,0.748,1.0
2026-02-05 15:43:00,8.04,5.0,0.6079999999999999,1.0
2026-02-05 15:44:00,9.09,5.0,0.818,1.0
2026-02-05 15:45:00,9.03,5.0,0.8059999999999998,1.0
2026-02-05 15:46:00,8.7,5.0,0.7399999999999999,1.0
2026-02-05 15:47:00,8.86,5.0,0.7719999999999999,1.0
2026-02-05 15:48:00,9.01,5.0,0.8019999999999999,1.0
2026-02-05 15:49:00,8.96,5.0,0.7920000000000001,1.0
2026-02-05 15:50:00,8.9,5.0,0.78,1.0
2026-02-05 15:51:00,8.7,5.0,0.7399999999999999,1.0
2026-02-05 15:52:00,8.8,5.0,0.7600000000000001,1.0
2026-02-05 15:53:00,8.68,5.0,0.736,1.0
2026-02-05 15:54:00,8.59,5.0,0.718,1.0
2026-02-05 15:55:00,8.44,5.0,0.688,1.0
2026-02-05 15:56:00,8.59,5.0,0.718,1.0
2026-02-05 15:57:00,8.54,5.0,0.7079999999999999,1.0
2026-02-05 15:58:00,7.95,5.0,0.5900000000000001,1.0
2026-02-05 16:00:00,8.51,5.0,0.702,1.0
2026-02-05 16:01:00,8.52,5.0,0.704,1.0
2026-02-05 16:02:00,8.63,5.0,0.7260000000000002,1.0
2026-02-05 16:03:00,8.73,5.0,0.7460000000000001,1.0
2026-02-05 16:04:00,8.61,5.0,0.7219999999999999,1.0
2026-02-05 16:05:00,8.73,5.0,0.7460000000000001,1.0
2026-02-05 16:06:00,8.69,5.0,0.7379999999999999,1.0
2026-02-05 16:07:00,8.65,5.0,0.7300000000000001,1.0
2026-02-05 16:08:00,8.72,5.0,0.7440000000000001,1.0
2026-02-05 16:09:00,8.69,5.0,0.7379999999999999,1.0
2026-02-05 16:10:00,8.76,5.0,0.752,1.0
2026-02-05 16:11:00,8.56,5.0,0.7120000000000001,1.0
2026-02-05 16:12:00,8.26,5.0,0.6519999999999999,1.0
2026-02-05 16:13:00,8.4,5.0,0.68,1.0
2026-02-05 16:14:00,8.3,5.0,0.6600000000000001,1.0
2026-02-05 16:15:00,8.36,5.0,0.6719999999999999,1.0
2026-02-05 16:16:00,8.54,5.0,0.7079999999999999,1.0
2026-02-05 16:17:00,8.55,5.0,0.7100000000000002,1.0
2026-02-05 16:18:00,8.49,5.0,0.6980000000000001,1.0
2026-02-05 16:19:00,8.33,5.0,0.666,1.0
2026-02-05 16:20:00,8.66,5.0,0.732,1.0
2026-02-05 16:21:00,8.55,5.0,0.7100000000000002,1.0
2026-02-05 16:22:00,8.57,5.0,0.7140000000000001,1.0
2026-02-05 16:23:00,8.53,5.0,0.7059999999999998,1.0
2026-02-05 16:24:00,8.27,5.0,0.6539999999999999,1.0
2026-02-05 16:25:00,8.27,5.0,0.6539999999999999,1.0
2026-02-05 16:26:00,8.57,5.0,0.7140000000000001,1.0
2026-02-05 16:27:00,8.69,5.0,0.7379999999999999,1.0
2026-02-05 16:28:00,8.33,5.0,0.666,1.0
2026-02-05 16:29:00,8.49,5.0,0.6980000000000001,1.0
2026-02-05 16:30:00,8.45,5.0,0.6899999999999998,1.0
2026-02-05 16:31:00,8.01,5.0,0.602,1.0
2026-02-05 16:32:00,7.9,5.0,0.5800000000000001,1.0
2026-02-05 16:33:00,8.05,5.0,0.6100000000000001,1.0
2026-02-05 16:34:00,7.77,5.0,0.5539999999999999,1.0
2026-02-05 16:35:00,7.76,5.0,0.5519999999999999,1.0
2026-02-05 16:36:00,8.13,5.0,0.6260000000000001,1.0
2026-02-05 16:37:00,8.2,5.0,0.6399999999999999,1.0
2026-02-05 16:38:00,8.11,5.0,0.6219999999999999,1.0
2026-02-05 16:39:00,8.09,5.0,0.618,1.0
2026-02-05 16:40:00,8.4,5.0,0.68,1.0
2026-02-05 16:41:00,8.08,5.0,0.616,1.0
2026-02-05 16:42:00,8.21,5.0,0.6420000000000001,1.0
2026-02-05 16:43:00,8.15,5.0,0.6300000000000001,1.0
2026-02-05 16:44:00,8.12,5.0,0.6239999999999999,1.0
2026-02-05 16:45:00,8.06,5.0,0.6120000000000001,1.0
2026-02-05 16:46:00,8.01,5.0,0.602,1.0
2026-02-05 16:47:00,7.93,5.0,0.586,1.0
2026-02-05 16:48:00,7.94,5.0,0.5880000000000001,1.0
2026-02-05 16:49:00,7.85,5.0,0.57,1.0
2026-02-05 16:50:00,7.86,5.0,0.5720000000000001,1.0
2026-02-05 16:51:00,7.95,5.0,0.5900000000000001,1.0
2026-02-05 16:52:00,8.04,5.0,0.6079999999999999,1.0
2026-02-05 16:53:00,8.19,5.0,0.6379999999999999,1.0
2026-02-05 16:54:00,8.13,5.0,0.6260000000000001,1.0
2026-02-05 16:55:00,8.6,5.0,0.72,1.0
2026-02-05 16:56:00,8.78,5.0,0.7559999999999999,1.0
2026-02-05 16:57:00,8.57,5.0,0.7140000000000001,1.0
2026-02-05 16:58:00,8.61,5.0,0.7219999999999999,1.0
2026-02-05 16:59:00,8.52,5.0,0.704,1.0
2026-02-05 17:00:00,8.49,5.0,0.6980000000000001,1.0
2026-02-05 17:01:00,8.35,5.0,0.6699999999999999,1.0
2026-02-05 17:02:00,8.4,5.0,0.68,1.0
2026-02-05 17:03:00,8.14,5.0,0.6280000000000001,1.0
2026-02-05 17:04:00,8.1,5.0,0.6199999999999999,1.0
2026-02-05 17:05:00,8.19,5.0,0.6379999999999999,1.0
2026-02-05 17:06:00,8.21,5.0,0.6420000000000001,1.0
2026-02-05 17:07:00,8.19,5.0,0.6379999999999999,1.0
2026-02-05 17:08:00,8.2,5.0,0.6399999999999999,1.0
2026-02-05 17:09:00,8.45,5.0,0.6899999999999998,1.0
2026-02-05 17:10:00,8.49,5.0,0.6980000000000001,1.0
2026-02-05 17:11:00,8.49,5.0,0.6980000000000001,1.0
2026-02-05 17:12:00,8.45,5.0,0.6899999999999998,1.0
2026-02-05 17:13:00,8.43,5.0,0.6859999999999999,1.0
2026-02-05 17:14:00,8.54,5.0,0.7079999999999999,1.0
2026-02-05 17:15:00,8.49,5.0,0.6980000000000001,1.0
2026-02-05 17:16:00,8.49,5.0,0.6980000000000001,1.0
2026-02-05 17:17:00,8.52,5.0,0.704,1.0
2026-02-05 17:18:00,8.5,5.0,0.7,1.0
2026-02-05 17:19:00,8.44,5.0,0.688,1.0
2026-02-05 17:20:00,8.5,5.0,0.7,1.0
2026-02-05 17:21:00,8.45,5.0,0.6899999999999998,1.0
2026-02-05 17:22:00,8.41,5.0,0.682,1.0
2026-02-05 17:23:00,8.52,5.0,0.704,1.0
2026-02-05 17:24:00,8.38,5.0,0.6760000000000002,1.0
2026-02-05 17:25:00,8.44,5.0,0.688,1.0
2026-02-05 17:26:00,8.5,5.0,0.7,1.0
2026-02-05 17:27:00,8.36,5.0,0.6719999999999999,1.0
2026-02-05 17:28:00,8.43,5.0,0.6859999999999999,1.0
2026-02-05 17:29:00,8.22,5.0,0.6440000000000001,1.0
2026-02-05 17:30:00,8.01,5.0,0.602,1.0
2026-02-05 17:31:00,8.31,5.0,0.6620000000000001,1.0
2026-02-05 17:32:00,8.1,5.0,0.6199999999999999,1.0
2026-02-05 17:33:00,8.79,5.0,0.7579999999999998,1.0
2026-02-05 17:34:00,8.92,5.0,0.784,1.0
2026-02-05 17:35:00,9.05,5.0,0.8100000000000002,1.0
2026-02-05 17:36:00,8.91,5.0,0.782,1.0
2026-02-05 17:37:00,9.06,5.0,0.812,1.0
2026-02-05 17:38:00,8.96,5.0,0.7920000000000001,1.0
2026-02-05 17:39:00,8.87,5.0,0.7739999999999998,1.0
2026-02-05 17:40:00,8.88,5.0,0.7760000000000001,1.0
2026-02-05 17:41:00,8.8,5.0,0.7600000000000001,1.0
2026-02-05 17:43:00,8.7,5.0,0.7399999999999999,1.0
2026-02-05 17:44:00,8.73,5.0,0.7460000000000001,1.0
2026-02-05 17:45:00,8.71,5.0,0.7420000000000002,1.0
2026-02-05 17:46:00,8.69,5.0,0.7379999999999999,1.0
2026-02-05 17:47:00,8.58,5.0,0.716,1.0
2026-02-05 17:48:00,8.61,5.0,0.7219999999999999,1.0
2026-02-05 17:49:00,8.64,5.0,0.7280000000000001,1.0
2026-02-05 17:50:00,8.64,5.0,0.7280000000000001,1.0
2026-02-05 17:51:00,8.6,5.0,0.72,1.0
2026-02-05 17:52:00,8.62,5.0,0.7239999999999999,1.0
2026-02-05 17:53:00,8.61,5.0,0.7219999999999999,1.0
2026-02-05 17:54:00,8.69,5.0,0.7379999999999999,1.0
2026-02-05 17:55:00,8.67,5.0,0.734,1.0
2026-02-05 17:56:00,8.57,5.0,0.7140000000000001,1.0
2026-02-05 17:57:00,8.52,5.0,0.704,1.0
2026-02-05 17:58:00,8.62,5.0,0.7239999999999999,1.0
2026-02-05 17:59:00,8.67,5.0,0.734,1.0
2026-02-05 18:00:00,8.74,5.0,0.748,1.0
2026-02-05 18:01:00,8.89,5.0,0.7780000000000001,1.0
2026-02-05 18:02:00,9.03,5.0,0.8059999999999998,1.0
2026-02-05 18:03:00,9.18,5.0,0.836,1.0
2026-02-05 18:04:00,9.27,5.0,0.8539999999999999,1.0
2026-02-05 18:05:00,9.13,5.0,0.8260000000000002,1.0
2026-02-05 18:06:00,9.08,5.0,0.8160000000000001,1.0
2026-02-05 18:07:00,9.07,5.0,0.8140000000000001,1.0
2026-02-05 18:08:00,8.52,5.0,0.704,1.0
2026-02-05 18:09:00,8.13,5.0,0.6260000000000001,1.0
2026-02-05 18:10:00,8.45,5.0,0.6899999999999998,1.0
2026-02-05 18:11:00,8.98,5.0,0.796,1.0
2026-02-05 18:12:00,9.39,5.0,0.8780000000000001,1.0
2026-02-05 18:13:00,9.18,5.0,0.836,1.0
2026-02-05 18:14:00,8.93,5.0,0.7859999999999999,1.0
2026-02-05 18:15:00,8.61,5.0,0.7219999999999999,1.0
2026-02-05 18:16:00,8.58,5.0,0.716,1.0
2026-02-05 18:17:00,8.72,5.0,0.7440000000000001,1.0
2026-02-05 18:18:00,8.82,5.0,0.764,1.0
2026-02-05 18:19:00,9.04,5.0,0.8079999999999998,1.0
2026-02-05 18:20:00,8.95,5.0,0.7899999999999998,1.0
2026-02-05 18:21:00,9.03,5.0,0.8059999999999998,1.0
2026-02-05 18:22:00,8.87,5.0,0.7739999999999998,1.0
2026-02-05 18:23:00,8.6,5.0,0.72,1.0
2026-02-05 18:24:00,8.66,5.0,0.732,1.0
2026-02-05 18:25:00,8.73,5.0,0.7460000000000001,1.0
2026-02-05 18:26:00,8.57,5.0,0.7140000000000001,1.0
2026-02-05 18:27:00,8.34,5.0,0.6679999999999999,1.0
2026-02-05 18:28:00,7.21,5.0,0.442,1.0
2026-02-05 18:29:00,7.62,5.0,0.524,1.0
2026-02-05 18:30:00,7.24,5.0,0.44800000000000006,1.0
2026-02-05 18:31:00,7.87,5.0,0.5740000000000001,1.0
2026-02-05 18:32:00,7.84,5.0,0.568,1.0
2026-02-05 18:33:00,7.92,5.0,0.584,1.0
2026-02-05 18:34:00,7.89,5.0,0.578,1.0
2026-02-05 18:35:00,7.89,5.0,0.578,1.0
2026-02-05 18:36:00,7.67,5.0,0.534,1.0
2026-02-05 18:37:00,8.09,5.0,0.618,1.0
2026-02-05 18:38:00,8.23,5.0,0.6460000000000001,1.0
2026-02-05 18:39:00,8.47,5.0,0.6940000000000002,1.0
2026-02-05 18:40:00,8.7,5.0,0.7399999999999999,1.0
2026-02-05 18:41:00,8.55,5.0,0.7100000000000002,1.0
2026-02-05 18:42:00,8.89,5.0,0.7780000000000001,1.0
2026-02-05 18:43:00,8.71,5.0,0.7420000000000002,1.0
2026-02-05 18:44:00,8.26,5.0,0.6519999999999999,1.0
2026-02-05 18:45:00,8.44,5.0,0.688,1.0
2026-02-05 18:46:00,8.53,5.0,0.7059999999999998,1.0
2026-02-05 18:47:00,8.55,5.0,0.7100000000000002,1.0
2026-02-05 18:48:00,8.63,5.0,0.7260000000000002,1.0
2026-02-05 18:49:00,8.7,5.0,0.7399999999999999,1.0
2026-02-05 18:50:00,8.66,5.0,0.732,1.0
2026-02-05 18:51:00,8.49,5.0,0.6980000000000001,1.0
2026-02-05 18:52:00,8.42,5.0,0.6839999999999999,1.0
2026-02-05 18:53:00,8.27,5.0,0.6539999999999999,1.0
2026-02-05 18:54:00,8.09,5.0,0.618,1.0
2026-02-05 18:55:00,7.57,5.0,0.514,1.0
2026-02-05 18:56:00,7.8,5.0,0.5599999999999999,1.0
2026-02-05 18:57:00,8.04,5.0,0.6079999999999999,1.0
2026-02-05 18:58:00,6.75,5.0,0.35,1.0
2026-02-05 18:59:00,6.73,5.0,0.3460000000000001,1.0
2026-02-05 19:00:00,6.62,5.0,0.324,1.0
2026-02-05 19:01:00,6.7,5.0,0.34,1.0
2026-02-05 19:02:00,5.55,5.0,0.10999999999999996,1.0
2026-02-05 19:03:00,6.45,5.0,0.29000000000000004,1.0
2026-02-05 19:04:00,6.46,5.0,0.292,1.0
2026-02-05 19:05:00,6.58,5.0,0.316,1.0
2026-02-05 19:06:00,6.46,5.0,0.292,1.0
2026-02-05 19:07:00,6.33,5.0,0.266,1.0
2026-02-05 19:08:00,6.61,5.0,0.32200000000000006,1.0
2026-02-05 19:09:00,6.84,5.0,0.368,1.0
2026-02-05 19:10:00,6.75,5.0,0.35,1.0
2026-02-05 19:11:00,6.46,5.0,0.292,1.0
2026-02-05 19:12:00,6.35,5.0,0.2699999999999999,1.0
2026-02-05 19:13:00,6.3,5.0,0.25999999999999995,1.0
2026-02-05 19:14:00,6.26,5.0,0.25199999999999995,1.0
2026-02-05 19:15:00,6.49,5.0,0.29800000000000004,1.0
2026-02-05 19:16:00,6.53,5.0,0.30600000000000005,1.0
2026-02-05 19:17:00,6.58,5.0,0.316,1.0
2026-02-05 19:18:00,6.28,5.0,0.25600000000000006,1.0
2026-02-05 19:19:00,5.88,5.0,0.176,1.0
2026-02-05 19:20:00,6.42,5.0,0.284,1.0
2026-02-05 19:21:00,6.28,5.0,0.25600000000000006,1.0
2026-02-05 19:22:00,5.38,5.0,0.07599999999999998,1.0
2026-02-05 19:23:00,5.72,5.0,0.14399999999999996,1.0
2026-02-05 19:24:00,5.89,5.0,0.17799999999999994,1.0
2026-02-05 19:25:00,5.7,5.0,0.14000000000000004,1.0
2026-02-05 19:26:00,5.93,5.0,0.18599999999999994,1.0
2026-02-05 19:27:00,5.86,5.0,0.17200000000000007,1.0
2026-02-05 19:28:00,5.88,5.0,0.176,1.0
2026-02-05 19:29:00,5.64,5.0,0.12799999999999995,1.0
2026-02-05 19:30:00,5.91,5.0,0.18200000000000002,1.0
2026-02-05 19:31:00,5.71,5.0,0.142,1.0
2026-02-05 19:32:00,6.08,5.0,0.21600000000000003,1.0
2026-02-05 19:33:00,6.08,5.0,0.21600000000000003,1.0
2026-02-05 19:34:00,5.87,5.0,0.17400000000000002,1.0
2026-02-05 19:35:00,6.25,5.0,0.25,1.0
2026-02-05 19:36:00,6.23,5.0,0.24600000000000008,1.0
2026-02-05 19:37:00,6.04,5.0,0.20800000000000002,1.0
2026-02-05 19:38:00,5.99,5.0,0.19800000000000004,1.0
2026-02-05 19:39:00,6.08,5.0,0.21600000000000003,1.0
2026-02-05 19:40:00,6.42,5.0,0.284,1.0
2026-02-05 19:41:00,6.6,5.0,0.31999999999999995,1.0
2026-02-05 19:42:00,6.7,5.0,0.34,1.0
2026-02-05 19:43:00,6.72,5.0,0.344,1.0
2026-02-05 19:44:00,6.07,5.0,0.21400000000000005,1.0
2026-02-05 19:45:00,5.95,5.0,0.19000000000000003,1.0
2026-02-05 19:46:00,6.49,5.0,0.29800000000000004,1.0
2026-02-05 19:47:00,6.01,5.0,0.20199999999999996,1.0
2026-02-05 19:48:00,6.03,5.0,0.20600000000000004,1.0
2026-02-05 19:49:00,6.17,5.0,0.23399999999999999,1.0
2026-02-05 19:50:00,6.12,5.0,0.22400000000000003,1.0
2026-02-05 19:51:00,6.23,5.0,0.24600000000000008,1.0
2026-02-05 19:52:00,6.27,5.0,0.2539999999999999,1.0
2026-02-05 19:53:00,6.11,5.0,0.22200000000000006,1.0
2026-02-05 19:54:00,6.01,5.0,0.20199999999999996,1.0
2026-02-05 19:55:00,6.42,5.0,0.284,1.0
2026-02-05 19:56:00,6.35,5.0,0.2699999999999999,1.0
2026-02-05 19:57:00,6.25,5.0,0.25,1.0
2026-02-05 19:58:00,6.17,5.0,0.23399999999999999,1.0
2026-02-05 19:59:00,6.26,5.0,0.25199999999999995,1.0
2026-02-05 20:00:00,6.11,5.0,0.22200000000000006,1.0
2026-02-05 20:01:00,6.23,5.0,0.24600000000000008,1.0
2026-02-05 20:02:00,6.2,5.0,0.24000000000000005,1.0
2026-02-05 20:03:00,6.2,5.0,0.24000000000000005,1.0
2026-02-05 20:04:00,6.27,5.0,0.2539999999999999,1.0
2026-02-05 20:05:00,6.34,5.0,0.26799999999999996,1.0
2026-02-05 20:06:00,6.38,5.0,0.27599999999999997,1.0
2026-02-05 20:07:00,6.41,5.0,0.28200000000000003,1.0
2026-02-05 20:08:00,6.18,5.0,0.23599999999999993,1.0
2026-02-05 20:09:00,6.42,5.0,0.284,1.0
2026-02-05 20:10:00,6.25,5.0,0.25,1.0
2026-02-05 20:11:00,6.33,5.0,0.266,1.0
2026-02-05 20:12:00,6.48,5.0,0.2960000000000001,1.0
2026-02-05 20:13:00,5.93,5.0,0.18599999999999994,1.0
2026-02-05 20:14:00,5.85,5.0,0.16999999999999993,1.0
2026-02-05 20:15:00,6.32,5.0,0.26400000000000007,1.0
2026-02-05 20:16:00,6.29,5.0,0.258,1.0
2026-02-05 20:17:00,6.32,5.0,0.26400000000000007,1.0
2026-02-05 20:18:00,6.24,5.0,0.24800000000000005,1.0
2026-02-05 20:19:00,6.35,5.0,0.2699999999999999,1.0
2026-02-05 20:20:00,6.24,5.0,0.24800000000000005,1.0
2026-02-05 20:21:00,6.26,5.0,0.25199999999999995,1.0
2026-02-05 20:22:00,6.2,5.0,0.24000000000000005,1.0
2026-02-05 20:23:00,6.21,5.0,0.242,1.0
2026-02-05 20:24:00,6.28,5.0,0.25600000000000006,1.0
2026-02-05 20:25:00,6.21,5.0,0.242,1.0
2026-02-05 20:26:00,6.22,5.0,0.24399999999999994,1.0
2026-02-05 20:27:00,6.35,5.0,0.2699999999999999,1.0
2026-02-05 20:28:00,6.29,5.0,0.258,1.0
2026-02-05 20:29:00,6.01,5.0,0.20199999999999996,1.0
2026-02-05 20:30:00,6.13,5.0,0.22599999999999998,1.0
2026-02-05 20:31:00,6.3,5.0,0.25999999999999995,1.0
2026-02-05 20:32:00,6.25,5.0,0.25,1.0
2026-02-05 20:33:00,6.21,5.0,0.242,1.0
2026-02-05 20:34:00,6.03,5.0,0.20600000000000004,1.0
2026-02-05 20:35:00,6.43,5.0,0.2859999999999999,1.0
2026-02-05 20:36:00,6.89,5.0,0.37799999999999995,1.0
2026-02-05 20:37:00,6.93,5.0,0.38599999999999995,1.0
2026-02-05 20:38:00,6.73,5.0,0.3460000000000001,1.0
2026-02-05 20:39:00,6.35,5.0,0.2699999999999999,1.0
2026-02-05 20:40:00,6.15,5.0,0.23000000000000007,1.0
2026-02-05 20:41:00,6.2,5.0,0.24000000000000005,1.0
2026-02-05 20:42:00,6.19,5.0,0.23800000000000007,1.0
2026-02-05 20:43:00,6.1,5.0,0.21999999999999992,1.0
2026-02-05 20:44:00,6.2,5.0,0.24000000000000005,1.0
2026-02-05 20:45:00,6.24,5.0,0.24800000000000005,1.0
2026-02-05 20:46:00,5.89,5.0,0.17799999999999994,1.0
2026-02-05 20:47:00,5.38,5.0,0.07599999999999998,1.0
2026-02-05 20:48:00,5.81,5.0,0.16199999999999992,1.0
2026-02-05 20:49:00,5.64,5.0,0.12799999999999995,1.0
2026-02-05 20:50:00,5.22,5.0,0.04399999999999995,1.0
2026-02-05 20:51:00,6.27,5.0,0.2539999999999999,1.0
2026-02-05 20:52:00,4.84,5.0,0.03200000000000003,0.937984496124031
2026-02-05 20:53:00,5.69,5.0,0.13800000000000007,1.0
2026-02-05 20:54:00,5.97,5.0,0.19399999999999995,1.0
2026-02-05 20:55:00,6.09,5.0,0.21799999999999997,1.0
2026-02-05 20:56:00,5.78,5.0,0.15600000000000006,1.0
2026-02-05 20:57:00,5.79,5.0,0.158,1.0
2026-02-05 20:58:00,5.92,5.0,0.184,1.0
2026-02-05 20:59:00,5.98,5.0,0.1960000000000001,1.0
2026-02-05 21:00:00,6.12,5.0,0.22400000000000003,1.0
2026-02-05 21:01:00,6.03,5.0,0.20600000000000004,1.0
2026-02-05 21:02:00,6.05,5.0,0.20999999999999996,1.0
2026-02-05 21:03:00,5.97,5.0,0.19399999999999995,1.0
2026-02-05 21:04:00,6.31,5.0,0.2619999999999999,1.0
2026-02-05 21:05:00,6.31,5.0,0.2619999999999999,1.0
2026-02-05 21:06:00,6.44,5.0,0.2880000000000001,1.0
2026-02-05 21:07:00,6.36,5.0,0.2720000000000001,1.0
2026-02-05 21:08:00,6.41,5.0,0.28200000000000003,1.0
2026-02-05 21:09:00,6.47,5.0,0.29399999999999993,1.0
2026-02-05 21:10:00,6.38,5.0,0.27599999999999997,1.0
2026-02-05 21:11:00,6.23,5.0,0.24600000000000008,1.0
2026-02-05 21:12:00,6.48,5.0,0.2960000000000001,1.0
2026-02-05 21:13:00,6.46,5.0,0.292,1.0
2026-02-05 21:14:00,6.17,5.0,0.23399999999999999,1.0
2026-02-05 21:15:00,6.2,5.0,0.24000000000000005,1.0
2026-02-05 21:16:00,6.21,5.0,0.242,1.0
2026-02-05 21:17:00,6.18,5.0,0.23599999999999993,1.0
2026-02-05 21:18:00,6.05,5.0,0.20999999999999996,1.0
2026-02-05 21:19:00,6.06,5.0,0.2119999999999999,1.0
2026-02-05 21:20:00,6.11,5.0,0.22200000000000006,1.0
2026-02-05 21:21:00,6.01,5.0,0.20199999999999996,1.0
2026-02-05 21:22:00,5.93,5.0,0.18599999999999994,1.0
2026-02-05 21:23:00,5.94,5.0,0.18800000000000008,1.0
2026-02-05 21:24:00,5.88,5.0,0.176,1.0
2026-02-05 21:25:00,6.0,5.0,0.2,1.0
2026-02-05 21:26:00,6.05,5.0,0.20999999999999996,1.0
2026-02-05 21:27:00,6.08,5.0,0.21600000000000003,1.0
2026-02-05 21:28:00,5.67,5.0,0.13399999999999998,1.0
2026-02-05 21:29:00,5.77,5.0,0.15399999999999991,1.0
2026-02-05 21:30:00,5.78,5.0,0.15600000000000006,1.0
2026-02-05 21:31:00,5.52,5.0,0.10399999999999991,1.0
2026-02-05 21:32:00,5.68,5.0,0.13599999999999995,1.0
2026-02-05 21:33:00,5.58,5.0,0.11600000000000002,1.0
2026-02-05 21:34:00,5.36,5.0,0.07200000000000006,1.0
2026-02-05 21:35:00,5.81,5.0,0.16199999999999992,1.0
2026-02-05 21:36:00,6.06,5.0,0.2119999999999999,1.0
2026-02-05 21:37:00,5.81,5.0,0.16199999999999992,1.0
2026-02-05 21:38:00,5.89,5.0,0.17799999999999994,1.0
2026-02-05 21:39:00,5.94,5.0,0.18800000000000008,1.0
2026-02-05 21:40:00,5.82,5.0,0.16400000000000006,1.0
2026-02-05 21:41:00,5.83,5.0,0.166,1.0
2026-02-05 21:42:00,5.94,5.0,0.18800000000000008,1.0
2026-02-05 21:43:00,5.96,5.0,0.192,1.0
2026-02-05 21:44:00,5.96,5.0,0.192,1.0
2026-02-05 21:45:00,5.96,5.0,0.192,1.0
2026-02-05 21:46:00,3.7,5.0,0.25999999999999995,0.5873015873015873
2026-02-05 21:47:00,5.77,5.0,0.15399999999999991,1.0
2026-02-05 21:48:00,5.46,5.0,0.092,1.0
2026-02-05 21:49:00,5.49,5.0,0.09800000000000005,1.0
2026-02-05 21:50:00,5.94,5.0,0.18800000000000008,1.0
2026-02-05 21:51:00,5.81,5.0,0.16199999999999992,1.0
2026-02-05 21:52:00,5.92,5.0,0.184,1.0
2026-02-05 21:53:00,5.72,5.0,0.14399999999999996,1.0
2026-02-05 21:54:00,5.71,5.0,0.142,1.0
2026-02-05 21:55:00,5.88,5.0,0.176,1.0
2026-02-05 21:56:00,5.43,5.0,0.08599999999999994,1.0
2026-02-05 21:57:00,5.63,5.0,0.12599999999999997,1.0
2026-02-05 21:58:00,5.54,5.0,0.10800000000000001,1.0
2026-02-05 22:00:00,5.46,5.0,0.092,1.0
2026-02-05 22:01:00,5.53,5.0,0.10600000000000005,1.0
2026-02-05 22:02:00,5.48,5.0,0.09600000000000009,1.0
2026-02-05 22:03:00,5.55,5.0,0.10999999999999996,1.0
2026-02-05 22:04:00,5.49,5.0,0.09800000000000005,1.0
2026-02-05 22:05:00,4.77,5.0,0.04600000000000008,0.9120458891013383
2026-02-05 22:06:00,5.5,5.0,0.1,1.0
2026-02-05 22:07:00,5.52,5.0,0.10399999999999991,1.0
2026-02-05 22:08:00,5.46,5.0,0.092,1.0
2026-02-05 22:09:00,5.38,5.0,0.07599999999999998,1.0
2026-02-05 22:10:00,5.35,5.0,0.06999999999999992,1.0
2026-02-05 22:11:00,5.71,5.0,0.142,1.0
2026-02-05 22:12:00,5.6,5.0,0.11999999999999993,1.0
2026-02-05 22:13:00,5.72,5.0,0.14399999999999996,1.0
2026-02-05 22:14:00,5.61,5.0,0.12200000000000007,1.0
2026-02-05 22:15:00,5.65,5.0,0.13000000000000006,1.0
2026-02-05 22:16:00,5.69,5.0,0.13800000000000007,1.0
2026-02-05 22:17:00,5.81,5.0,0.16199999999999992,1.0
2026-02-05 22:18:00,5.82,5.0,0.16400000000000006,1.0
2026-02-05 22:19:00,5.57,5.0,0.11400000000000006,1.0
2026-02-05 22:20:00,5.53,5.0,0.10600000000000005,1.0
2026-02-05 22:21:00,5.35,5.0,0.06999999999999992,1.0
2026-02-05 22:22:00,5.15,5.0,0.030000000000000072,1.0
2026-02-05 22:23:00,5.54,5.0,0.10800000000000001,1.0
2026-02-05 22:24:00,5.51,5.0,0.10199999999999995,1.0
2026-02-05 22:25:00,5.4,5.0,0.08000000000000007,1.0
2026-02-05 22:26:00,5.63,5.0,0.12599999999999997,1.0
2026-02-05 22:27:00,5.76,5.0,0.15199999999999997,1.0
2026-02-05 22:28:00,5.85,5.0,0.16999999999999993,1.0
2026-02-05 22:29:00,6.0,5.0,0.2,1.0
2026-02-05 22:31:00,6.13,5.0,0.22599999999999998,1.0
2026-02-05 22:32:00,6.06,5.0,0.2119999999999999,1.0
2026-02-05 22:33:00,5.99,5.0,0.19800000000000004,1.0
2026-02-05 22:34:00,6.13,5.0,0.22599999999999998,1.0
2026-02-05 22:35:00,6.19,5.0,0.23800000000000007,1.0
2026-02-05 22:36:00,6.21,5.0,0.242,1.0
2026-02-05 22:37:00,6.21,5.0,0.242,1.0
2026-02-05 22:38:00,6.23,5.0,0.24600000000000008,1.0
2026-02-05 22:39:00,6.11,5.0,0.22200000000000006,1.0
2026-02-05 22:40:00,4.85,5.0,0.030000000000000072,0.9417475728155339
2026-02-05 22:41:00,5.59,5.0,0.11799999999999997,1.0
2026-02-05 22:42:00,5.57,5.0,0.11400000000000006,1.0
2026-02-05 22:43:00,6.09,5.0,0.21799999999999997,1.0
2026-02-05 22:44:00,6.17,5.0,0.23399999999999999,1.0
2026-02-05 22:45:00,5.99,5.0,0.19800000000000004,1.0
2026-02-05 22:46:00,5.99,5.0,0.19800000000000004,1.0
2026-02-05 22:47:00,5.96,5.0,0.192,1.0
2026-02-05 22:48:00,6.16,5.0,0.23200000000000004,1.0
2026-02-05 22:49:00,6.07,5.0,0.21400000000000005,1.0
2026-02-05 22:50:00,6.06,5.0,0.2119999999999999,1.0
2026-02-05 22:51:00,5.96,5.0,0.192,1.0
2026-02-05 22:52:00,5.9,5.0,0.18000000000000008,1.0
2026-02-05 22:53:00,6.09,5.0,0.21799999999999997,1.0
2026-02-05 22:54:00,6.1,5.0,0.21999999999999992,1.0
2026-02-05 22:55:00,6.02,5.0,0.2039999999999999,1.0
2026-02-05 22:56:00,5.92,5.0,0.184,1.0
2026-02-05 22:57:00,6.09,5.0,0.21799999999999997,1.0
2026-02-05 22:58:00,5.99,5.0,0.19800000000000004,1.0
2026-02-05 22:59:00,5.87,5.0,0.17400000000000002,1.0
2026-02-05 23:00:00,6.21,5.0,0.242,1.0
2026-02-05 23:01:00,6.33,5.0,0.266,1.0
2026-02-05 23:02:00,6.28,5.0,0.25600000000000006,1.0
2026-02-05 23:03:00,6.32,5.0,0.26400000000000007,1.0
2026-02-05 23:04:00,6.45,5.0,0.29000000000000004,1.0
2026-02-05 23:05:00,6.44,5.0,0.2880000000000001,1.0
2026-02-05 23:06:00,6.47,5.0,0.29399999999999993,1.0
2026-02-05 23:07:00,6.34,5.0,0.26799999999999996,1.0
2026-02-05 23:08:00,6.35,5.0,0.2699999999999999,1.0
2026-02-05 23:09:00,6.3,5.0,0.25999999999999995,1.0
2026-02-05 23:10:00,6.33,5.0,0.266,1.0
2026-02-05 23:11:00,6.24,5.0,0.24800000000000005,1.0
2026-02-05 23:12:00,6.24,5.0,0.24800000000000005,1.0
2026-02-05 23:13:00,6.35,5.0,0.2699999999999999,1.0
2026-02-05 23:14:00,6.35,5.0,0.2699999999999999,1.0
2026-02-05 23:15:00,5.75,5.0,0.15,1.0
2026-02-05 23:16:00,5.97,5.0,0.19399999999999995,1.0
2026-02-05 23:17:00,6.03,5.0,0.20600000000000004,1.0
2026-02-05 23:18:00,6.06,5.0,0.2119999999999999,1.0
2026-02-05 23:19:00,6.01,5.0,0.20199999999999996,1.0
2026-02-05 23:20:00,5.95,5.0,0.19000000000000003,1.0
2026-02-05 23:21:00,6.01,5.0,0.20199999999999996,1.0
2026-02-05 23:22:00,6.06,5.0,0.2119999999999999,1.0
2026-02-05 23:23:00,6.0,5.0,0.2,1.0
2026-02-05 23:24:00,5.98,5.0,0.1960000000000001,1.0
2026-02-05 23:25:00,5.97,5.0,0.19399999999999995,1.0
2026-02-05 23:26:00,5.83,5.0,0.166,1.0
2026-02-05 23:27:00,5.91,5.0,0.18200000000000002,1.0
2026-02-05 23:28:00,5.85,5.0,0.16999999999999993,1.0
2026-02-05 23:29:00,6.04,5.0,0.20800000000000002,1.0
2026-02-05 23:30:00,6.09,5.0,0.21799999999999997,1.0
2026-02-05 23:31:00,6.09,5.0,0.21799999999999997,1.0
2026-02-05 23:32:00,6.16,5.0,0.23200000000000004,1.0
2026-02-05 23:33:00,6.11,5.0,0.22200000000000006,1.0
2026-02-05 23:34:00,6.28,5.0,0.25600000000000006,1.0
2026-02-05 23:35:00,6.45,5.0,0.29000000000000004,1.0
2026-02-05 23:36:00,6.42,5.0,0.284,1.0
2026-02-05 23:37:00,6.4,5.0,0.2800000000000001,1.0
2026-02-05 23:38:00,6.38,5.0,0.27599999999999997,1.0
2026-02-05 23:39:00,6.36,5.0,0.2720000000000001,1.0
2026-02-05 23:40:00,6.32,5.0,0.26400000000000007,1.0
2026-02-05 23:41:00,6.15,5.0,0.23000000000000007,1.0
2026-02-05 23:42:00,6.19,5.0,0.23800000000000007,1.0
2026-02-05 23:43:00,6.17,5.0,0.23399999999999999,1.0
2026-02-05 23:44:00,6.08,5.0,0.21600000000000003,1.0
2026-02-05 23:45:00,6.22,5.0,0.24399999999999994,1.0
2026-02-05 23:46:00,6.28,5.0,0.25600000000000006,1.0
2026-02-05 23:47:00,6.35,5.0,0.2699999999999999,1.0
2026-02-05 23:48:00,6.39,5.0,0.2779999999999999,1.0
2026-02-05 23:49:00,6.3,5.0,0.25999999999999995,1.0
2026-02-05 23:50:00,6.5,5.0,0.3,1.0
2026-02-05 23:51:00,6.62,5.0,0.324,1.0
2026-02-05 23:52:00,6.66,5.0,0.332,1.0
2026-02-05 23:53:00,6.3,5.0,0.25999999999999995,1.0
2026-02-05 23:54:00,6.37,5.0,0.274,1.0
2026-02-05 23:55:00,6.26,5.0,0.25199999999999995,1.0
2026-02-05 23:56:00,6.19,5.0,0.23800000000000007,1.0
2026-02-05 23:57:00,6.34,5.0,0.26799999999999996,1.0
2026-02-05 23:58:00,5.86,5.0,0.17200000000000007,1.0
2026-02-05 23:59:00,6.15,5.0,0.23000000000000007,1.0
2026-02-06 00:00:00,6.12,5.0,0.22400000000000003,1.0
2026-02-06 00:01:00,6.02,5.0,0.2039999999999999,1.0
2026-02-06 00:02:00,6.05,5.0,0.20999999999999996,1.0
2026-02-06 00:03:00,6.02,5.0,0.2039999999999999,1.0
2026-02-06 00:04:00,6.22,5.0,0.24399999999999994,1.0
2026-02-06 00:05:00,6.41,5.0,0.28200000000000003,1.0
2026-02-06 00:06:00,6.16,5.0,0.23200000000000004,1.0
2026-02-06 00:07:00,6.03,5.0,0.20600000000000004,1.0
2026-02-06 00:08:00,6.05,5.0,0.20999999999999996,1.0
2026-02-06 00:09:00,6.06,5.0,0.2119999999999999,1.0
2026-02-06 00:10:00,5.97,5.0,0.19399999999999995,1.0
2026-02-06 00:11:00,6.35,5.0,0.2699999999999999,1.0
2026-02-06 00:12:00,6.48,5.0,0.2960000000000001,1.0
2026-02-06 00:13:00,6.52,5.0,0.30399999999999994,1.0
2026-02-06 00:14:00,6.59,5.0,0.31799999999999995,1.0
2026-02-06 00:16:00,6.51,5.0,0.30199999999999994,1.0
2026-02-06 00:17:00,6.53,5.0,0.30600000000000005,1.0
2026-02-06 00:18:00,6.51,5.0,0.30199999999999994,1.0
2026-02-06 00:19:00,6.64,5.0,0.32799999999999996,1.0
2026-02-06 00:20:00,6.63,5.0,0.32599999999999996,1.0
2026-02-06 00:21:00,6.59,5.0,0.31799999999999995,1.0
2026-02-06 00:22:00,6.5,5.0,0.3,1.0
2026-02-06 00:23:00,6.5,5.0,0.3,1.0
2026-02-06 00:24:00,6.54,5.0,0.308,1.0
2026-02-06 00:25:00,6.5,5.0,0.3,1.0
2026-02-06 00:26:00,6.58,5.0,0.316,1.0
2026-02-06 00:27:00,6.56,5.0,0.31199999999999994,1.0
2026-02-06 00:28:00,6.57,5.0,0.31400000000000006,1.0
2026-02-06 00:29:00,6.46,5.0,0.292,1.0
2026-02-06 00:30:00,5.95,5.0,0.19000000000000003,1.0
2026-02-06 00:31:00,6.07,5.0,0.21400000000000005,1.0
2026-02-06 00:32:00,6.08,5.0,0.21600000000000003,1.0
2026-02-06 00:33:00,6.05,5.0,0.20999999999999996,1.0
2026-02-06 00:34:00,6.07,5.0,0.21400000000000005,1.0
2026-02-06 00:35:00,6.01,5.0,0.20199999999999996,1.0
2026-02-06 00:36:00,6.02,5.0,0.2039999999999999,1.0
2026-02-06 00:37:00,5.92,5.0,0.184,1.0
2026-02-06 00:38:00,5.86,5.0,0.17200000000000007,1.0
2026-02-06 00:39:00,5.88,5.0,0.176,1.0
2026-02-06 00:40:00,5.79,5.0,0.158,1.0
2026-02-06 00:41:00,5.89,5.0,0.17799999999999994,1.0
2026-02-06 00:42:00,5.77,5.0,0.15399999999999991,1.0
2026-02-06 00:43:00,5.84,5.0,0.16799999999999998,1.0
2026-02-06 00:44:00,5.89,5.0,0.17799999999999994,1.0
2026-02-06 00:45:00,5.93,5.0,0.18599999999999994,1.0
2026-02-06 00:46:00,6.06,5.0,0.2119999999999999,1.0
2026-02-06 00:47:00,5.93,5.0,0.18599999999999994,1.0
2026-02-06 00:48:00,5.97,5.0,0.19399999999999995,1.0
2026-02-06 00:49:00,6.02,5.0,0.2039999999999999,1.0
2026-02-06 00:50:00,6.25,5.0,0.25,1.0
2026-02-06 00:51:00,6.42,5.0,0.284,1.0
2026-02-06 00:52:00,6.49,5.0,0.29800000000000004,1.0
2026-02-06 00:53:00,6.62,5.0,0.324,1.0
2026-02-06 00:54:00,6.35,5.0,0.2699999999999999,1.0
2026-02-06 00:55:00,6.22,5.0,0.24399999999999994,1.0
2026-02-06 00:56:00,6.27,5.0,0.2539999999999999,1.0
2026-02-06 00:57:00,6.25,5.0,0.25,1.0
2026-02-06 00:58:00,6.19,5.0,0.23800000000000007,1.0
2026-02-06 00:59:00,6.23,5.0,0.24600000000000008,1.0
2026-02-06 01:00:00,6.31,5.0,0.2619999999999999,1.0
2026-02-06 01:01:00,6.32,5.0,0.26400000000000007,1.0
2026-02-06 01:02:00,6.31,5.0,0.2619999999999999,1.0
2026-02-06 01:03:00,6.28,5.0,0.25600000000000006,1.0
2026-02-06 01:04:00,6.54,5.0,0.308,1.0
2026-02-06 01:05:00,6.46,5.0,0.292,1.0
2026-02-06 01:06:00,6.3,5.0,0.25999999999999995,1.0
2026-02-06 01:07:00,6.28,5.0,0.25600000000000006,1.0
2026-02-06 01:08:00,6.37,5.0,0.274,1.0
2026-02-06 01:09:00,6.23,5.0,0.24600000000000008,1.0
2026-02-06 01:10:00,6.18,5.0,0.23599999999999993,1.0
2026-02-06 01:11:00,6.23,5.0,0.24600000000000008,1.0
2026-02-06 01:12:00,6.14,5.0,0.22799999999999992,1.0
2026-02-06 01:13:00,6.42,5.0,0.284,1.0
2026-02-06 01:14:00,6.28,5.0,0.25600000000000006,1.0
2026-02-06 01:15:00,6.24,5.0,0.24800000000000005,1.0
2026-02-06 01:16:00,6.53,5.0,0.30600000000000005,1.0
2026-02-06 01:17:00,6.76,5.0,0.352,1.0
2026-02-06 01:18:00,6.91,5.0,0.382,1.0
2026-02-06 01:19:00,6.89,5.0,0.37799999999999995,1.0
2026-02-06 01:20:00,6.56,5.0,0.31199999999999994,1.0
2026-02-06 01:21:00,6.23,5.0,0.24600000000000008,1.0
2026-02-06 01:22:00,6.46,5.0,0.292,1.0
2026-02-06 01:23:00,6.45,5.0,0.29000000000000004,1.0
2026-02-06 01:24:00,6.39,5.0,0.2779999999999999,1.0
2026-02-06 01:25:00,6.62,5.0,0.324,1.0
2026-02-06 01:26:00,6.2,5.0,0.24000000000000005,1.0
2026-02-06 01:27:00,5.78,5.0,0.15600000000000006,1.0
2026-02-06 01:28:00,5.29,5.0,0.05800000000000001,1.0
2026-02-06 01:29:00,5.96,5.0,0.192,1.0
2026-02-06 01:30:00,5.77,5.0,0.15399999999999991,1.0
2026-02-06 01:31:00,5.45,5.0,0.09000000000000004,1.0
2026-02-06 01:32:00,5.82,5.0,0.16400000000000006,1.0
2026-02-06 01:33:00,6.05,5.0,0.20999999999999996,1.0
2026-02-06 01:34:00,6.08,5.0,0.21600000000000003,1.0
2026-02-06 01:35:00,6.04,5.0,0.20800000000000002,1.0
2026-02-06 01:36:00,5.84,5.0,0.16799999999999998,1.0
2026-02-06 01:37:00,5.98,5.0,0.1960000000000001,1.0
2026-02-06 01:38:00,6.13,5.0,0.22599999999999998,1.0
2026-02-06 01:39:00,6.09,5.0,0.21799999999999997,1.0
2026-02-06 01:40:00,6.32,5.0,0.26400000000000007,1.0
2026-02-06 01:41:00,6.25,5.0,0.25,1.0
2026-02-06 01:42:00,6.44,5.0,0.2880000000000001,1.0
2026-02-06 01:43:00,6.38,5.0,0.27599999999999997,1.0
2026-02-06 01:44:00,6.39,5.0,0.2779999999999999,1.0
2026-02-06 01:45:00,6.45,5.0,0.29000000000000004,1.0
2026-02-06 01:46:00,6.4,5.0,0.2800000000000001,1.0
2026-02-06 01:47:00,6.4,5.0,0.2800000000000001,1.0
2026-02-06 01:48:00,6.33,5.0,0.266,1.0
2026-02-06 01:49:00,6.3,5.0,0.25999999999999995,1.0
2026-02-06 01:50:00,6.22,5.0,0.24399999999999994,1.0
2026-02-06 01:51:00,6.23,5.0,0.24600000000000008,1.0
2026-02-06 01:52:00,5.95,5.0,0.19000000000000003,1.0
2026-02-06 01:53:00,6.03,5.0,0.20600000000000004,1.0
2026-02-06 01:54:00,6.04,5.0,0.20800000000000002,1.0
2026-02-06 01:55:00,6.42,5.0,0.284,1.0
2026-02-06 01:56:00,6.29,5.0,0.258,1.0
2026-02-06 01:57:00,6.73,5.0,0.3460000000000001,1.0
2026-02-06 01:59:00,6.63,5.0,0.32599999999999996,1.0
2026-02-06 02:00:00,6.54,5.0,0.308,1.0
2026-02-06 02:01:00,6.55,5.0,0.30999999999999994,1.0
2026-02-06 02:02:00,6.79,5.0,0.358,1.0
2026-02-06 02:03:00,7.07,5.0,0.41400000000000003,1.0
2026-02-06 02:04:00,6.92,5.0,0.384,1.0
2026-02-06 02:05:00,6.76,5.0,0.352,1.0
2026-02-06 02:06:00,6.29,5.0,0.258,1.0
2026-02-06 02:07:00,5.75,5.0,0.15,1.0
2026-02-06 02:08:00,6.24,5.0,0.24800000000000005,1.0
2026-02-06 02:09:00,6.22,5.0,0.24399999999999994,1.0
2026-02-06 02:10:00,6.39,5.0,0.2779999999999999,1.0
2026-02-06 02:11:00,6.64,5.0,0.32799999999999996,1.0
2026-02-06 02:12:00,6.49,5.0,0.29800000000000004,1.0
2026-02-06 02:13:00,6.41,5.0,0.28200000000000003,1.0
2026-02-06 02:14:00,6.36,5.0,0.2720000000000001,1.0
2026-02-06 02:15:00,6.5,5.0,0.3,1.0
2026-02-06 02:16:00,6.61,5.0,0.32200000000000006,1.0
2026-02-06 02:17:00,6.65,5.0,0.33000000000000007,1.0
2026-02-06 02:18:00,6.38,5.0,0.27599999999999997,1.0
2026-02-06 02:19:00,6.21,5.0,0.242,1.0
2026-02-06 02:20:00,6.31,5.0,0.2619999999999999,1.0
2026-02-06 02:21:00,6.2,5.0,0.24000000000000005,1.0
2026-02-06 02:22:00,6.15,5.0,0.23000000000000007,1.0
2026-02-06 02:23:00,6.15,5.0,0.23000000000000007,1.0
2026-02-06 02:24:00,6.12,5.0,0.22400000000000003,1.0
2026-02-06 02:25:00,6.31,5.0,0.2619999999999999,1.0
2026-02-06 02:26:00,6.44,5.0,0.2880000000000001,1.0
2026-02-06 02:27:00,6.3,5.0,0.25999999999999995,1.0
2026-02-06 02:28:00,6.37,5.0,0.274,1.0
2026-02-06 02:29:00,6.3,5.0,0.25999999999999995,1.0
2026-02-06 02:30:00,6.25,5.0,0.25,1.0
2026-02-06 02:31:00,6.27,5.0,0.2539999999999999,1.0
2026-02-06 02:32:00,6.36,5.0,0.2720000000000001,1.0
2026-02-06 02:33:00,6.44,5.0,0.2880000000000001,1.0
2026-02-06 02:34:00,6.38,5.0,0.27599999999999997,1.0
2026-02-06 02:35:00,5.92,5.0,0.184,1.0
2026-02-06 02:36:00,5.86,5.0,0.17200000000000007,1.0
2026-02-06 02:37:00,6.3,5.0,0.25999999999999995,1.0
2026-02-06 02:38:00,6.41,5.0,0.28200000000000003,1.0
2026-02-06 02:39:00,6.34,5.0,0.26799999999999996,1.0
2026-02-06 02:40:00,6.74,5.0,0.34800000000000003,1.0
2026-02-06 02:41:00,6.78,5.0,0.35600000000000004,1.0
2026-02-06 02:42:00,6.64,5.0,0.32799999999999996,1.0
2026-02-06 02:43:00,6.86,5.0,0.37200000000000005,1.0
2026-02-06 02:44:00,6.79,5.0,0.358,1.0
2026-02-06 02:45:00,4.95,5.0,0.009999999999999964,0.9801980198019802
2026-02-06 02:46:00,7.08,5.0,0.41600000000000004,1.0
2026-02-06 02:47:00,7.09,5.0,0.418,1.0
2026-02-06 02:48:00,7.12,5.0,0.42400000000000004,1.0
2026-02-06 02:49:00,6.44,5.0,0.2880000000000001,1.0
2026-02-06 02:50:00,6.49,5.0,0.29800000000000004,1.0
2026-02-06 02:51:00,6.54,5.0,0.308,1.0
2026-02-06 02:52:00,6.52,5.0,0.30399999999999994,1.0
2026-02-06 02:53:00,6.6,5.0,0.31999999999999995,1.0
2026-02-06 02:54:00,6.55,5.0,0.30999999999999994,1.0
2026-02-06 02:55:00,5.56,5.0,0.11199999999999992,1.0
2026-02-06 02:56:00,6.2,5.0,0.24000000000000005,1.0
2026-02-06 02:57:00,6.22,5.0,0.24399999999999994,1.0
2026-02-06 02:58:00,5.67,5.0,0.13399999999999998,1.0
2026-02-06 02:59:00,6.25,5.0,0.25,1.0
2026-02-06 03:00:00,6.16,5.0,0.23200000000000004,1.0
2026-02-06 03:01:00,6.8,5.0,0.36,1.0
2026-02-06 03:02:00,6.71,5.0,0.34199999999999997,1.0
2026-02-06 03:03:00,6.72,5.0,0.344,1.0
2026-02-06 03:04:00,6.56,5.0,0.31199999999999994,1.0
2026-02-06 03:05:00,6.45,5.0,0.29000000000000004,1.0
2026-02-06 03:06:00,6.61,5.0,0.32200000000000006,1.0
2026-02-06 03:07:00,6.68,5.0,0.33599999999999997,1.0
2026-02-06 03:08:00,6.66,5.0,0.332,1.0
2026-02-06 03:09:00,6.77,5.0,0.3539999999999999,1.0
2026-02-06 03:10:00,6.76,5.0,0.352,1.0
2026-02-06 03:11:00,6.67,5.0,0.33399999999999996,1.0
2026-02-06 03:12:00,6.65,5.0,0.33000000000000007,1.0
2026-02-06 03:13:00,6.65,5.0,0.33000000000000007,1.0
2026-02-06 03:14:00,6.63,5.0,0.32599999999999996,1.0
2026-02-06 03:15:00,6.57,5.0,0.31400000000000006,1.0
2026-02-06 03:16:00,6.62,5.0,0.324,1.0
2026-02-06 03:17:00,6.61,5.0,0.32200000000000006,1.0
2026-02-06 03:18:00,6.64,5.0,0.32799999999999996,1.0
2026-02-06 03:19:00,6.72,5.0,0.344,1.0
2026-02-06 03:20:00,6.63,5.0,0.32599999999999996,1.0
2026-02-06 03:21:00,6.65,5.0,0.33000000000000007,1.0
2026-02-06 03:22:00,6.63,5.0,0.32599999999999996,1.0
2026-02-06 03:23:00,6.6,5.0,0.31999999999999995,1.0
2026-02-06 03:24:00,6.62,5.0,0.324,1.0
2026-02-06 03:25:00,6.62,5.0,0.324,1.0
2026-02-06 03:26:00,6.59,5.0,0.31799999999999995,1.0
2026-02-06 03:27:00,6.55,5.0,0.30999999999999994,1.0
2026-02-06 03:28:00,6.49,5.0,0.29800000000000004,1.0
2026-02-06 03:29:00,6.41,5.0,0.28200000000000003,1.0
2026-02-06 03:30:00,6.28,5.0,0.25600000000000006,1.0
2026-02-06 03:31:00,6.41,5.0,0.28200000000000003,1.0
2026-02-06 03:32:00,6.57,5.0,0.31400000000000006,1.0
2026-02-06 03:33:00,6.62,5.0,0.324,1.0
2026-02-06 03:34:00,6.6,5.0,0.31999999999999995,1.0
2026-02-06 03:35:00,6.69,5.0,0.3380000000000001,1.0
2026-02-06 03:36:00,6.7,5.0,0.34,1.0
2026-02-06 03:37:00,6.52,5.0,0.30399999999999994,1.0
2026-02-06 03:38:00,6.56,5.0,0.31199999999999994,1.0
2026-02-06 03:39:00,6.56,5.0,0.31199999999999994,1.0
2026-02-06 03:40:00,6.74,5.0,0.34800000000000003,1.0
2026-02-06 03:41:00,6.68,5.0,0.33599999999999997,1.0
2026-02-06 03:42:00,6.72,5.0,0.344,1.0
2026-02-06 03:43:00,6.79,5.0,0.358,1.0
2026-02-06 03:44:00,6.68,5.0,0.33599999999999997,1.0
2026-02-06 03:45:00,6.72,5.0,0.344,1.0
2026-02-06 03:46:00,6.66,5.0,0.332,1.0
2026-02-06 03:47:00,6.72,5.0,0.344,1.0
2026-02-06 03:48:00,6.68,5.0,0.33599999999999997,1.0
2026-02-06 03:49:00,6.67,5.0,0.33399999999999996,1.0
2026-02-06 03:50:00,6.62,5.0,0.324,1.0
2026-02-06 03:51:00,6.63,5.0,0.32599999999999996,1.0
2026-02-06 03:52:00,6.51,5.0,0.30199999999999994,1.0
2026-02-06 03:53:00,6.66,5.0,0.332,1.0
2026-02-06 03:54:00,6.52,5.0,0.30399999999999994,1.0
2026-02-06 03:55:00,6.21,5.0,0.242,1.0
2026-02-06 03:56:00,6.38,5.0,0.27599999999999997,1.0
2026-02-06 03:57:00,6.41,5.0,0.28200000000000003,1.0
2026-02-06 03:58:00,6.34,5.0,0.26799999999999996,1.0
2026-02-06 04:00:00,6.35,5.0,0.2699999999999999,1.0
2026-02-06 04:01:00,6.12,5.0,0.22400000000000003,1.0
2026-02-06 04:02:00,6.43,5.0,0.2859999999999999,1.0
2026-02-06 04:03:00,6.51,5.0,0.30199999999999994,1.0
2026-02-06 04:04:00,6.44,5.0,0.2880000000000001,1.0
2026-02-06 04:05:00,6.4,5.0,0.2800000000000001,1.0
2026-02-06 04:06:00,6.59,5.0,0.31799999999999995,1.0
2026-02-06 04:07:00,6.54,5.0,0.308,1.0
2026-02-06 04:08:00,6.26,5.0,0.25199999999999995,1.0
2026-02-06 04:09:00,6.14,5.0,0.22799999999999992,1.0
2026-02-06 04:10:00,6.16,5.0,0.23200000000000004,1.0
2026-02-06 04:11:00,6.14,5.0,0.22799999999999992,1.0
2026-02-06 04:12:00,6.33,5.0,0.266,1.0
2026-02-06 04:13:00,6.39,5.0,0.2779999999999999,1.0
2026-02-06 04:14:00,6.46,5.0,0.292,1.0
2026-02-06 04:15:00,6.42,5.0,0.284,1.0
2026-02-06 04:16:00,6.38,5.0,0.27599999999999997,1.0
2026-02-06 04:17:00,6.27,5.0,0.2539999999999999,1.0
2026-02-06 04:18:00,6.39,5.0,0.2779999999999999,1.0
2026-02-06 04:19:00,5.99,5.0,0.19800000000000004,1.0
2026-02-06 04:20:00,5.94,5.0,0.18800000000000008,1.0
2026-02-06 04:21:00,5.88,5.0,0.176,1.0
2026-02-06 04:22:00,5.65,5.0,0.13000000000000006,1.0
2026-02-06 04:23:00,5.73,5.0,0.14600000000000007,1.0
2026-02-06 04:24:00,5.82,5.0,0.16400000000000006,1.0
2026-02-06 04:25:00,5.85,5.0,0.16999999999999993,1.0
2026-02-06 04:26:00,6.06,5.0,0.2119999999999999,1.0
2026-02-06 04:27:00,6.46,5.0,0.292,1.0
2026-02-06 04:28:00,6.64,5.0,0.32799999999999996,1.0
2026-02-06 04:29:00,6.66,5.0,0.332,1.0
2026-02-06 04:30:00,6.65,5.0,0.33000000000000007,1.0
2026-02-06 04:31:00,6.69,5.0,0.3380000000000001,1.0
2026-02-06 04:32:00,6.66,5.0,0.332,1.0
2026-02-06 04:33:00,6.54,5.0,0.308,1.0
2026-02-06 04:34:00,6.55,5.0,0.30999999999999994,1.0
2026-02-06 04:35:00,6.59,5.0,0.31799999999999995,1.0
2026-02-06 04:36:00,6.65,5.0,0.33000000000000007,1.0
2026-02-06 04:37:00,6.52,5.0,0.30399999999999994,1.0
2026-02-06 04:38:00,6.13,5.0,0.22599999999999998,1.0
2026-02-06 04:39:00,6.17,5.0,0.23399999999999999,1.0
2026-02-06 04:40:00,6.48,5.0,0.2960000000000001,1.0
2026-02-06 04:41:00,6.47,5.0,0.29399999999999993,1.0
2026-02-06 04:42:00,6.59,5.0,0.31799999999999995,1.0
2026-02-06 04:43:00,6.55,5.0,0.30999999999999994,1.0
2026-02-06 04:44:00,6.56,5.0,0.31199999999999994,1.0
2026-02-06 04:45:00,6.51,5.0,0.30199999999999994,1.0
2026-02-06 04:46:00,6.43,5.0,0.2859999999999999,1.0
2026-02-06 04:47:00,6.51,5.0,0.30199999999999994,1.0
2026-02-06 04:48:00,6.29,5.0,0.258,1.0
2026-02-06 04:49:00,6.43,5.0,0.2859999999999999,1.0
2026-02-06 04:50:00,6.45,5.0,0.29000000000000004,1.0
2026-02-06 04:51:00,6.24,5.0,0.24800000000000005,1.0
2026-02-06 04:52:00,6.18,5.0,0.23599999999999993,1.0
2026-02-06 04:53:00,5.96,5.0,0.192,1.0
2026-02-06 04:54:00,5.92,5.0,0.184,1.0
2026-02-06 04:55:00,6.13,5.0,0.22599999999999998,1.0
2026-02-06 04:56:00,6.1,5.0,0.21999999999999992,1.0
2026-02-06 04:57:00,6.44,5.0,0.2880000000000001,1.0
2026-02-06 04:58:00,6.42,5.0,0.284,1.0
2026-02-06 04:59:00,6.44,5.0,0.2880000000000001,1.0
2026-02-06 05:00:00,6.6,5.0,0.31999999999999995,1.0
2026-02-06 05:01:00,6.45,5.0,0.29000000000000004,1.0
2026-02-06 05:02:00,6.49,5.0,0.29800000000000004,1.0
2026-02-06 05:03:00,6.38,5.0,0.27599999999999997,1.0
2026-02-06 05:04:00,6.39,5.0,0.2779999999999999,1.0
2026-02-06 05:05:00,6.47,5.0,0.29399999999999993,1.0
2026-02-06 05:06:00,6.18,5.0,0.23599999999999993,1.0
2026-02-06 05:07:00,6.05,5.0,0.20999999999999996,1.0
2026-02-06 05:08:00,6.01,5.0,0.20199999999999996,1.0
2026-02-06 05:09:00,6.06,5.0,0.2119999999999999,1.0
2026-02-06 05:10:00,5.99,5.0,0.19800000000000004,1.0
2026-02-06 05:11:00,6.01,5.0,0.20199999999999996,1.0
2026-02-06 05:12:00,6.07,5.0,0.21400000000000005,1.0
2026-02-06 05:13:00,6.16,5.0,0.23200000000000004,1.0
2026-02-06 05:14:00,6.33,5.0,0.266,1.0
2026-02-06 05:15:00,6.28,5.0,0.25600000000000006,1.0
2026-02-06 05:16:00,6.35,5.0,0.2699999999999999,1.0
2026-02-06 05:17:00,6.4,5.0,0.2800000000000001,1.0
2026-02-06 05:18:00,6.27,5.0,0.2539999999999999,1.0
2026-02-06 05:19:00,6.24,5.0,0.24800000000000005,1.0
2026-02-06 05:20:00,6.22,5.0,0.24399999999999994,1.0
2026-02-06 05:21:00,6.15,5.0,0.23000000000000007,1.0
2026-02-06 05:22:00,6.3,5.0,0.25999999999999995,1.0
2026-02-06 05:23:00,6.17,5.0,0.23399999999999999,1.0
2026-02-06 05:24:00,6.45,5.0,0.29000000000000004,1.0
2026-02-06 05:25:00,6.65,5.0,0.33000000000000007,1.0
2026-02-06 05:26:00,6.66,5.0,0.332,1.0
2026-02-06 05:27:00,6.63,5.0,0.32599999999999996,1.0
2026-02-06 05:28:00,6.67,5.0,0.33399999999999996,1.0
2026-02-06 05:29:00,6.57,5.0,0.31400000000000006,1.0
2026-02-06 05:30:00,6.85,5.0,0.36999999999999994,1.0
2026-02-06 05:31:00,6.85,5.0,0.36999999999999994,1.0
2026-02-06 05:32:00,6.8,5.0,0.36,1.0
2026-02-06 05:33:00,6.88,5.0,0.376,1.0
2026-02-06 05:34:00,6.93,5.0,0.38599999999999995,1.0
2026-02-06 05:35:00,6.94,5.0,0.38800000000000007,1.0
2026-02-06 05:36:00,6.94,5.0,0.38800000000000007,1.0
2026-02-06 05:37:00,6.56,5.0,0.31199999999999994,1.0
2026-02-06 05:38:00,6.76,5.0,0.352,1.0
2026-02-06 05:39:00,6.61,5.0,0.32200000000000006,1.0
2026-02-06 05:40:00,6.48,5.0,0.2960000000000001,1.0
2026-02-06 05:41:00,6.57,5.0,0.31400000000000006,1.0
2026-02-06 05:42:00,6.55,5.0,0.30999999999999994,1.0
2026-02-06 05:43:00,6.47,5.0,0.29399999999999993,1.0
2026-02-06 05:44:00,6.61,5.0,0.32200000000000006,1.0
2026-02-06 05:45:00,6.61,5.0,0.32200000000000006,1.0
2026-02-06 05:46:00,6.62,5.0,0.324,1.0
2026-02-06 05:47:00,6.64,5.0,0.32799999999999996,1.0
2026-02-06 05:48:00,6.4,5.0,0.2800000000000001,1.0
2026-02-06 05:49:00,6.19,5.0,0.23800000000000007,1.0
2026-02-06 05:50:00,6.43,5.0,0.2859999999999999,1.0
2026-02-06 05:51:00,6.5,5.0,0.3,1.0
2026-02-06 05:52:00,6.28,5.0,0.25600000000000006,1.0
2026-02-06 05:53:00,6.3,5.0,0.25999999999999995,1.0
2026-02-06 05:54:00,6.41,5.0,0.28200000000000003,1.0
2026-02-06 05:55:00,6.31,5.0,0.2619999999999999,1.0
2026-02-06 05:56:00,6.27,5.0,0.2539999999999999,1.0
2026-02-06 05:57:00,6.34,5.0,0.26799999999999996,1.0
2026-02-06 05:58:00,6.39,5.0,0.2779999999999999,1.0
2026-02-06 05:59:00,6.37,5.0,0.274,1.0
2026-02-06 06:00:00,6.52,5.0,0.30399999999999994,1.0
2026-02-06 06:01:00,6.31,5.0,0.2619999999999999,1.0
2026-02-06 06:02:00,6.48,5.0,0.2960000000000001,1.0
2026-02-06 06:03:00,6.34,5.0,0.26799999999999996,1.0
2026-02-06 06:04:00,6.32,5.0,0.26400000000000007,1.0
2026-02-06 06:05:00,6.35,5.0,0.2699999999999999,1.0
2026-02-06 06:06:00,6.38,5.0,0.27599999999999997,1.0
2026-02-06 06:07:00,6.33,5.0,0.266,1.0
2026-02-06 06:08:00,6.34,5.0,0.26799999999999996,1.0
2026-02-06 06:09:00,6.36,5.0,0.2720000000000001,1.0
2026-02-06 06:10:00,6.15,5.0,0.23000000000000007,1.0
2026-02-06 06:11:00,6.45,5.0,0.29000000000000004,1.0
2026-02-06 06:12:00,6.52,5.0,0.30399999999999994,1.0
2026-02-06 06:13:00,6.32,5.0,0.26400000000000007,1.0
2026-02-06 06:14:00,6.35,5.0,0.2699999999999999,1.0
2026-02-06 06:15:00,6.22,5.0,0.24399999999999994,1.0
2026-02-06 06:16:00,5.93,5.0,0.18599999999999994,1.0
2026-02-06 06:17:00,6.01,5.0,0.20199999999999996,1.0
2026-02-06 06:18:00,6.17,5.0,0.23399999999999999,1.0
2026-02-06 06:19:00,6.34,5.0,0.26799999999999996,1.0
2026-02-06 06:20:00,6.37,5.0,0.274,1.0
2026-02-06 06:21:00,6.2,5.0,0.24000000000000005,1.0
2026-02-06 06:22:00,6.12,5.0,0.22400000000000003,1.0
2026-02-06 06:23:00,6.13,5.0,0.22599999999999998,1.0
2026-02-06 06:24:00,5.98,5.0,0.1960000000000001,1.0
2026-02-06 06:25:00,6.41,5.0,0.28200000000000003,1.0
2026-02-06 06:26:00,6.37,5.0,0.274,1.0
2026-02-06 06:27:00,6.34,5.0,0.26799999999999996,1.0
2026-02-06 06:28:00,6.24,5.0,0.24800000000000005,1.0
2026-02-06 06:29:00,6.39,5.0,0.2779999999999999,1.0
2026-02-06 06:30:00,6.12,5.0,0.22400000000000003,1.0
2026-02-06 06:31:00,6.46,5.0,0.292,1.0
2026-02-06 06:32:00,5.94,5.0,0.18800000000000008,1.0
2026-02-06 06:33:00,6.1,5.0,0.21999999999999992,1.0
2026-02-06 06:34:00,6.23,5.0,0.24600000000000008,1.0
2026-02-06 06:35:00,6.16,5.0,0.23200000000000004,1.0
2026-02-06 06:36:00,6.14,5.0,0.22799999999999992,1.0
2026-02-06 06:37:00,6.1,5.0,0.21999999999999992,1.0
2026-02-06 06:38:00,6.12,5.0,0.22400000000000003,1.0
2026-02-06 06:39:00,6.11,5.0,0.22200000000000006,1.0
2026-02-06 06:40:00,6.18,5.0,0.23599999999999993,1.0
2026-02-06 06:41:00,6.3,5.0,0.25999999999999995,1.0
2026-02-06 06:42:00,6.32,5.0,0.26400000000000007,1.0
2026-02-06 06:43:00,6.39,5.0,0.2779999999999999,1.0
2026-02-06 06:44:00,6.49,5.0,0.29800000000000004,1.0
2026-02-06 06:45:00,6.3,5.0,0.25999999999999995,1.0
2026-02-06 06:46:00,6.34,5.0,0.26799999999999996,1.0
2026-02-06 06:47:00,6.32,5.0,0.26400000000000007,1.0
2026-02-06 06:48:00,6.39,5.0,0.2779999999999999,1.0
2026-02-06 06:49:00,6.43,5.0,0.2859999999999999,1.0
2026-02-06 06:50:00,6.42,5.0,0.284,1.0
2026-02-06 06:51:00,6.39,5.0,0.2779999999999999,1.0
2026-02-06 06:52:00,6.22,5.0,0.24399999999999994,1.0
2026-02-06 06:53:00,6.38,5.0,0.27599999999999997,1.0
2026-02-06 06:54:00,6.35,5.0,0.2699999999999999,1.0
2026-02-06 06:55:00,6.33,5.0,0.266,1.0
2026-02-06 06:56:00,6.36,5.0,0.2720000000000001,1.0
2026-02-06 06:57:00,6.37,5.0,0.274,1.0
2026-02-06 06:58:00,6.54,5.0,0.308,1.0
2026-02-06 06:59:00,6.58,5.0,0.316,1.0
2026-02-06 07:00:00,6.57,5.0,0.31400000000000006,1.0
2026-02-06 07:01:00,6.64,5.0,0.32799999999999996,1.0
2026-02-06 07:02:00,6.62,5.0,0.324,1.0
2026-02-06 07:03:00,6.51,5.0,0.30199999999999994,1.0
2026-02-06 07:04:00,6.43,5.0,0.2859999999999999,1.0
2026-02-06 07:50:00,6.88,5.0,0.376,1.0
2026-02-06 07:51:00,6.83,5.0,0.366,1.0
2026-02-06 07:52:00,7.02,5.0,0.4039999999999999,1.0
2026-02-06 07:53:00,7.12,5.0,0.42400000000000004,1.0
2026-02-06 07:54:00,6.64,5.0,0.32799999999999996,1.0
2026-02-06 07:55:00,6.92,5.0,0.384,1.0
2026-02-06 07:56:00,7.28,5.0,0.45600000000000007,1.0
2026-02-06 07:57:00,6.63,5.0,0.32599999999999996,1.0
2026-02-06 07:58:00,6.61,5.0,0.32200000000000006,1.0
2026-02-06 07:59:00,6.9,5.0,0.38000000000000006,1.0
2026-02-06 08:00:00,6.95,5.0,0.39,1.0
2026-02-06 08:01:00,7.19,5.0,0.43800000000000006,1.0
2026-02-06 08:02:00,7.18,5.0,0.43599999999999994,1.0
2026-02-06 08:03:00,7.13,5.0,0.426,1.0
2026-02-06 08:04:00,7.12,5.0,0.42400000000000004,1.0
2026-02-06 08:05:00,7.22,5.0,0.44399999999999995,1.0
2026-02-06 08:06:00,6.98,5.0,0.3960000000000001,1.0
2026-02-06 08:07:00,6.85,5.0,0.36999999999999994,1.0
2026-02-06 08:08:00,6.91,5.0,0.382,1.0
2026-02-06 08:09:00,6.94,5.0,0.38800000000000007,1.0
2026-02-06 08:10:00,7.03,5.0,0.406,1.0
2026-02-06 08:11:00,7.02,5.0,0.4039999999999999,1.0
2026-02-06 08:12:00,6.99,5.0,0.398,1.0
2026-02-06 08:13:00,6.95,5.0,0.39,1.0
2026-02-06 08:14:00,6.81,5.0,0.36199999999999993,1.0
2026-02-06 08:15:00,7.1,5.0,0.41999999999999993,1.0
2026-02-06 08:16:00,7.19,5.0,0.43800000000000006,1.0
2026-02-06 08:17:00,7.27,5.0,0.4539999999999999,1.0
2026-02-06 08:18:00,7.1,5.0,0.41999999999999993,1.0
2026-02-06 08:19:00,7.06,5.0,0.4119999999999999,1.0
2026-02-06 08:20:00,6.93,5.0,0.38599999999999995,1.0
2026-02-06 08:21:00,6.84,5.0,0.368,1.0
2026-02-06 08:22:00,6.97,5.0,0.39399999999999996,1.0
2026-02-06 08:23:00,6.89,5.0,0.37799999999999995,1.0
2026-02-06 08:24:00,6.85,5.0,0.36999999999999994,1.0
2026-02-06 08:25:00,6.86,5.0,0.37200000000000005,1.0
2026-02-06 08:26:00,6.87,5.0,0.374,1.0
2026-02-06 08:27:00,7.0,5.0,0.4,1.0
2026-02-06 08:28:00,6.99,5.0,0.398,1.0
2026-02-06 08:29:00,6.99,5.0,0.398,1.0
2026-02-06 08:30:00,6.97,5.0,0.39399999999999996,1.0
2026-02-06 08:31:00,6.92,5.0,0.384,1.0
2026-02-06 08:32:00,6.94,5.0,0.38800000000000007,1.0
2026-02-06 08:33:00,6.86,5.0,0.37200000000000005,1.0
2026-02-06 08:34:00,6.75,5.0,0.35,1.0
2026-02-06 08:35:00,6.94,5.0,0.38800000000000007,1.0
2026-02-06 08:36:00,6.85,5.0,0.36999999999999994,1.0
2026-02-06 08:37:00,6.81,5.0,0.36199999999999993,1.0
2026-02-06 08:38:00,6.84,5.0,0.368,1.0
2026-02-06 08:39:00,6.8,5.0,0.36,1.0
2026-02-06 08:40:00,6.78,5.0,0.35600000000000004,1.0
2026-02-06 08:41:00,6.86,5.0,0.37200000000000005,1.0
2026-02-06 08:42:00,6.87,5.0,0.374,1.0
2026-02-06 08:43:00,6.83,5.0,0.366,1.0
2026-02-06 08:44:00,6.75,5.0,0.35,1.0
2026-02-06 08:45:00,6.7,5.0,0.34,1.0
2026-02-06 08:46:00,6.82,5.0,0.36400000000000005,1.0
2026-02-06 08:47:00,6.98,5.0,0.3960000000000001,1.0
2026-02-06 08:48:00,7.03,5.0,0.406,1.0
2026-02-06 08:49:00,6.86,5.0,0.37200000000000005,1.0
2026-02-06 08:50:00,6.97,5.0,0.39399999999999996,1.0
2026-02-06 08:51:00,6.86,5.0,0.37200000000000005,1.0
2026-02-06 08:52:00,6.84,5.0,0.368,1.0
2026-02-06 08:53:00,6.88,5.0,0.376,1.0
2026-02-06 08:54:00,6.81,5.0,0.36199999999999993,1.0
2026-02-06 08:55:00,6.83,5.0,0.366,1.0
2026-02-06 08:56:00,6.81,5.0,0.36199999999999993,1.0
2026-02-06 08:57:00,6.81,5.0,0.36199999999999993,1.0
2026-02-06 08:58:00,6.82,5.0,0.36400000000000005,1.0
2026-02-06 08:59:00,6.85,5.0,0.36999999999999994,1.0
2026-02-06 09:00:00,6.76,5.0,0.352,1.0
2026-02-06 09:01:00,6.82,5.0,0.36400000000000005,1.0
2026-02-06 09:02:00,6.69,5.0,0.3380000000000001,1.0
2026-02-06 09:03:00,6.79,5.0,0.358,1.0
2026-02-06 09:04:00,6.83,5.0,0.366,1.0
2026-02-06 09:05:00,6.8,5.0,0.36,1.0
2026-02-06 09:06:00,6.9,5.0,0.38000000000000006,1.0
2026-02-06 09:07:00,6.85,5.0,0.36999999999999994,1.0
2026-02-06 09:08:00,6.7,5.0,0.34,1.0
2026-02-06 09:09:00,6.8,5.0,0.36,1.0
2026-02-06 09:10:00,6.83,5.0,0.366,1.0
2026-02-06 09:11:00,6.68,5.0,0.33599999999999997,1.0
2026-02-06 09:12:00,6.72,5.0,0.344,1.0
2026-02-06 09:13:00,6.66,5.0,0.332,1.0
2026-02-06 09:14:00,6.6,5.0,0.31999999999999995,1.0
2026-02-06 09:15:00,6.59,5.0,0.31799999999999995,1.0
2026-02-06 09:16:00,6.15,5.0,0.23000000000000007,1.0
2026-02-06 09:17:00,6.19,5.0,0.23800000000000007,1.0
2026-02-06 09:18:00,6.28,5.0,0.25600000000000006,1.0
2026-02-06 09:19:00,6.39,5.0,0.2779999999999999,1.0
2026-02-06 09:20:00,6.29,5.0,0.258,1.0
2026-02-06 09:21:00,6.28,5.0,0.25600000000000006,1.0
2026-02-06 09:22:00,6.24,5.0,0.24800000000000005,1.0
2026-02-06 09:23:00,6.28,5.0,0.25600000000000006,1.0
2026-02-06 09:24:00,6.21,5.0,0.242,1.0
2026-02-06 09:25:00,6.2,5.0,0.24000000000000005,1.0
2026-02-06 09:26:00,6.21,5.0,0.242,1.0
2026-02-06 09:27:00,6.19,5.0,0.23800000000000007,1.0
2026-02-06 09:28:00,6.21,5.0,0.242,1.0
2026-02-06 09:29:00,6.11,5.0,0.22200000000000006,1.0
2026-02-06 09:30:00,6.38,5.0,0.27599999999999997,1.0
2026-02-06 09:31:00,6.27,5.0,0.2539999999999999,1.0
2026-02-06 09:32:00,6.32,5.0,0.26400000000000007,1.0
2026-02-06 09:33:00,6.44,5.0,0.2880000000000001,1.0
2026-02-06 09:34:00,6.42,5.0,0.284,1.0
2026-02-06 09:35:00,6.41,5.0,0.28200000000000003,1.0
2026-02-06 09:36:00,6.39,5.0,0.2779999999999999,1.0
2026-02-06 09:37:00,6.37,5.0,0.274,1.0
2026-02-06 09:38:00,6.39,5.0,0.2779999999999999,1.0
2026-02-06 09:39:00,6.33,5.0,0.266,1.0
2026-02-06 09:40:00,6.44,5.0,0.2880000000000001,1.0
2026-02-06 09:41:00,6.36,5.0,0.2720000000000001,1.0
2026-02-06 09:42:00,6.3,5.0,0.25999999999999995,1.0
2026-02-06 09:43:00,6.35,5.0,0.2699999999999999,1.0
2026-02-06 09:44:00,6.3,5.0,0.25999999999999995,1.0
2026-02-06 09:45:00,6.24,5.0,0.24800000000000005,1.0
2026-02-06 09:46:00,6.31,5.0,0.2619999999999999,1.0
2026-02-06 09:47:00,6.28,5.0,0.25600000000000006,1.0
2026-02-06 09:48:00,6.3,5.0,0.25999999999999995,1.0
2026-02-06 09:49:00,6.46,5.0,0.292,1.0
2026-02-06 09:50:00,6.39,5.0,0.2779999999999999,1.0
2026-02-06 09:51:00,6.28,5.0,0.25600000000000006,1.0
2026-02-06 09:52:00,6.26,5.0,0.25199999999999995,1.0
2026-02-06 09:53:00,6.26,5.0,0.25199999999999995,1.0
2026-02-06 09:54:00,6.45,5.0,0.29000000000000004,1.0
2026-02-06 09:55:00,6.47,5.0,0.29399999999999993,1.0
2026-02-06 09:56:00,6.34,5.0,0.26799999999999996,1.0
2026-02-06 09:57:00,6.3,5.0,0.25999999999999995,1.0
2026-02-06 09:58:00,6.17,5.0,0.23399999999999999,1.0
2026-02-06 10:02:00,6.16,5.0,0.23200000000000004,1.0
2026-02-06 10:03:00,6.09,5.0,0.21799999999999997,1.0
2026-02-06 10:04:00,6.25,5.0,0.25,1.0
2026-02-06 10:05:00,6.08,5.0,0.21600000000000003,1.0
2026-02-06 10:06:00,5.87,5.0,0.17400000000000002,1.0
2026-02-06 10:07:00,6.09,5.0,0.21799999999999997,1.0
2026-02-06 10:08:00,6.04,5.0,0.20800000000000002,1.0
2026-02-06 10:09:00,6.08,5.0,0.21600000000000003,1.0
2026-02-06 10:10:00,6.17,5.0,0.23399999999999999,1.0
2026-02-06 10:11:00,6.11,5.0,0.22200000000000006,1.0
2026-02-06 10:12:00,6.31,5.0,0.2619999999999999,1.0
2026-02-06 10:13:00,5.94,5.0,0.18800000000000008,1.0
2026-02-06 10:15:00,6.11,5.0,0.22200000000000006,1.0
2026-02-06 10:16:00,6.09,5.0,0.21799999999999997,1.0
2026-02-06 10:17:00,6.11,5.0,0.22200000000000006,1.0
2026-02-06 10:18:00,6.08,5.0,0.21600000000000003,1.0
2026-02-06 10:19:00,6.08,5.0,0.21600000000000003,1.0
2026-02-06 10:20:00,6.24,5.0,0.24800000000000005,1.0
2026-02-06 10:21:00,6.28,5.0,0.25600000000000006,1.0
2026-02-06 10:22:00,6.23,5.0,0.24600000000000008,1.0
2026-02-06 10:23:00,6.19,5.0,0.23800000000000007,1.0
2026-02-06 10:24:00,6.14,5.0,0.22799999999999992,1.0
2026-02-06 10:25:00,6.17,5.0,0.23399999999999999,1.0
2026-02-06 10:26:00,5.92,5.0,0.184,1.0
2026-02-06 10:27:00,5.92,5.0,0.184,1.0
2026-02-06 10:28:00,5.97,5.0,0.19399999999999995,1.0
2026-02-06 10:29:00,6.09,5.0,0.21799999999999997,1.0
2026-02-06 10:30:00,6.0,5.0,0.2,1.0
2026-02-06 10:31:00,5.94,5.0,0.18800000000000008,1.0
2026-02-06 10:32:00,6.04,5.0,0.20800000000000002,1.0
2026-02-06 10:33:00,4.84,5.0,0.03200000000000003,0.937984496124031
2026-02-06 10:34:00,6.37,5.0,0.274,1.0
2026-02-06 10:35:00,6.27,5.0,0.2539999999999999,1.0
2026-02-06 10:36:00,6.13,5.0,0.22599999999999998,1.0
2026-02-06 10:37:00,5.89,5.0,0.17799999999999994,1.0
2026-02-06 10:38:00,6.26,5.0,0.25199999999999995,1.0
2026-02-06 10:39:00,4.17,5.0,0.166,0.7152658662092625
2026-02-06 10:40:00,6.31,5.0,0.2619999999999999,1.0
2026-02-06 10:41:00,6.18,5.0,0.23599999999999993,1.0
2026-02-06 10:42:00,6.45,5.0,0.29000000000000004,1.0
2026-02-06 10:43:00,6.44,5.0,0.2880000000000001,1.0
2026-02-06 10:44:00,6.39,5.0,0.2779999999999999,1.0
2026-02-06 10:45:00,6.07,5.0,0.21400000000000005,1.0
2026-02-06 10:46:00,6.01,5.0,0.20199999999999996,1.0
2026-02-06 10:47:00,5.99,5.0,0.19800000000000004,1.0
2026-02-06 10:48:00,5.97,5.0,0.19399999999999995,1.0
2026-02-06 10:49:00,6.02,5.0,0.2039999999999999,1.0
2026-02-06 10:50:00,6.56,5.0,0.31199999999999994,1.0
2026-02-06 10:51:00,6.38,5.0,0.27599999999999997,1.0
2026-02-06 10:52:00,6.14,5.0,0.22799999999999992,1.0
2026-02-06 10:53:00,6.15,5.0,0.23000000000000007,1.0
2026-02-06 10:54:00,5.87,5.0,0.17400000000000002,1.0
2026-02-06 10:55:00,5.7,5.0,0.14000000000000004,1.0
2026-02-06 10:56:00,5.76,5.0,0.15199999999999997,1.0
2026-02-06 10:57:00,5.84,5.0,0.16799999999999998,1.0
2026-02-06 10:58:00,5.41,5.0,0.08200000000000003,1.0
2026-02-06 10:59:00,6.44,5.0,0.2880000000000001,1.0
2026-02-06 11:00:00,6.59,5.0,0.31799999999999995,1.0
2026-02-06 11:01:00,6.62,5.0,0.324,1.0
2026-02-06 11:02:00,6.77,5.0,0.3539999999999999,1.0
2026-02-06 11:03:00,6.24,5.0,0.24800000000000005,1.0
2026-02-06 11:04:00,6.37,5.0,0.274,1.0
2026-02-06 11:05:00,6.28,5.0,0.25600000000000006,1.0
2026-02-06 11:06:00,6.4,5.0,0.2800000000000001,1.0
2026-02-06 11:07:00,6.4,5.0,0.2800000000000001,1.0
2026-02-06 11:08:00,6.15,5.0,0.23000000000000007,1.0
2026-02-06 11:09:00,6.21,5.0,0.242,1.0
2026-02-06 11:10:00,6.09,5.0,0.21799999999999997,1.0
2026-02-06 11:11:00,6.31,5.0,0.2619999999999999,1.0
2026-02-06 11:12:00,6.05,5.0,0.20999999999999996,1.0
2026-02-06 11:13:00,6.18,5.0,0.23599999999999993,1.0
2026-02-06 11:14:00,6.06,5.0,0.2119999999999999,1.0
2026-02-06 11:15:00,5.86,5.0,0.17200000000000007,1.0
2026-02-06 11:16:00,5.88,5.0,0.176,1.0
2026-02-06 11:17:00,5.76,5.0,0.15199999999999997,1.0
2026-02-06 11:18:00,5.81,5.0,0.16199999999999992,1.0
2026-02-06 11:19:00,5.7,5.0,0.14000000000000004,1.0
2026-02-06 11:20:00,5.16,5.0,0.03200000000000003,1.0
2026-02-06 11:21:00,6.12,5.0,0.22400000000000003,1.0
2026-02-06 11:22:00,6.3,5.0,0.25999999999999995,1.0
2026-02-06 11:23:00,5.81,5.0,0.16199999999999992,1.0
2026-02-06 11:24:00,5.89,5.0,0.17799999999999994,1.0
2026-02-06 11:25:00,6.04,5.0,0.20800000000000002,1.0
2026-02-06 11:26:00,6.04,5.0,0.20800000000000002,1.0
2026-02-06 11:27:00,6.04,5.0,0.20800000000000002,1.0
2026-02-06 11:28:00,5.59,5.0,0.11799999999999997,1.0
2026-02-06 11:29:00,5.95,5.0,0.19000000000000003,1.0
2026-02-06 11:30:00,5.85,5.0,0.16999999999999993,1.0
2026-02-06 11:31:00,5.81,5.0,0.16199999999999992,1.0
2026-02-06 11:32:00,5.84,5.0,0.16799999999999998,1.0
2026-02-06 11:33:00,5.8,5.0,0.15999999999999998,1.0
2026-02-06 11:34:00,5.81,5.0,0.16199999999999992,1.0
2026-02-06 11:35:00,6.06,5.0,0.2119999999999999,1.0
2026-02-06 11:36:00,6.09,5.0,0.21799999999999997,1.0
2026-02-06 11:37:00,6.11,5.0,0.22200000000000006,1.0
2026-02-06 11:38:00,6.1,5.0,0.21999999999999992,1.0
2026-02-06 11:39:00,6.16,5.0,0.23200000000000004,1.0
2026-02-06 11:40:00,6.16,5.0,0.23200000000000004,1.0
2026-02-06 11:41:00,6.21,5.0,0.242,1.0
2026-02-06 11:42:00,6.14,5.0,0.22799999999999992,1.0
2026-02-06 11:43:00,6.17,5.0,0.23399999999999999,1.0
2026-02-06 11:44:00,6.2,5.0,0.24000000000000005,1.0
2026-02-06 11:45:00,6.19,5.0,0.23800000000000007,1.0
2026-02-06 11:46:00,6.03,5.0,0.20600000000000004,1.0
2026-02-06 11:47:00,6.05,5.0,0.20999999999999996,1.0
2026-02-06 11:48:00,6.07,5.0,0.21400000000000005,1.0
2026-02-06 11:49:00,6.0,5.0,0.2,1.0
2026-02-06 11:50:00,6.09,5.0,0.21799999999999997,1.0
2026-02-06 11:51:00,6.12,5.0,0.22400000000000003,1.0
2026-02-06 11:52:00,5.96,5.0,0.192,1.0
2026-02-06 11:53:00,5.88,5.0,0.176,1.0
2026-02-06 11:54:00,5.87,5.0,0.17400000000000002,1.0
2026-02-06 11:55:00,6.08,5.0,0.21600000000000003,1.0
2026-02-06 11:56:00,6.11,5.0,0.22200000000000006,1.0
2026-02-06 11:57:00,6.02,5.0,0.2039999999999999,1.0
2026-02-06 11:58:00,6.03,5.0,0.20600000000000004,1.0
2026-02-06 11:59:00,6.07,5.0,0.21400000000000005,1.0
2026-02-06 12:00:00,6.16,5.0,0.23200000000000004,1.0
2026-02-06 12:01:00,6.01,5.0,0.20199999999999996,1.0
2026-02-06 12:02:00,6.04,5.0,0.20800000000000002,1.0
2026-02-06 12:03:00,6.1,5.0,0.21999999999999992,1.0
2026-02-06 12:04:00,6.15,5.0,0.23000000000000007,1.0
2026-02-06 12:05:00,6.13,5.0,0.22599999999999998,1.0
2026-02-06 12:06:00,6.09,5.0,0.21799999999999997,1.0
2026-02-06 12:07:00,6.24,5.0,0.24800000000000005,1.0
2026-02-06 12:08:00,6.23,5.0,0.24600000000000008,1.0
2026-02-06 12:09:00,6.21,5.0,0.242,1.0
2026-02-06 12:10:00,6.25,5.0,0.25,1.0
2026-02-06 12:11:00,6.07,5.0,0.21400000000000005,1.0
2026-02-06 12:12:00,6.17,5.0,0.23399999999999999,1.0
2026-02-06 12:13:00,6.23,5.0,0.24600000000000008,1.0
2026-02-06 12:14:00,6.24,5.0,0.24800000000000005,1.0
2026-02-06 12:15:00,6.13,5.0,0.22599999999999998,1.0
2026-02-06 12:16:00,6.1,5.0,0.21999999999999992,1.0
2026-02-06 12:17:00,6.17,5.0,0.23399999999999999,1.0
2026-02-06 12:18:00,6.18,5.0,0.23599999999999993,1.0
2026-02-06 12:19:00,6.13,5.0,0.22599999999999998,1.0
2026-02-06 12:20:00,6.16,5.0,0.23200000000000004,1.0
2026-02-06 12:21:00,6.13,5.0,0.22599999999999998,1.0
2026-02-06 12:22:00,6.03,5.0,0.20600000000000004,1.0
2026-02-06 12:23:00,6.21,5.0,0.242,1.0
2026-02-06 12:24:00,6.64,5.0,0.32799999999999996,1.0
2026-02-06 12:25:00,6.72,5.0,0.344,1.0
2026-02-06 12:26:00,6.67,5.0,0.33399999999999996,1.0
2026-02-06 12:27:00,6.54,5.0,0.308,1.0
2026-02-06 12:28:00,6.5,5.0,0.3,1.0
2026-02-06 12:29:00,6.34,5.0,0.26799999999999996,1.0
2026-02-06 12:30:00,6.31,5.0,0.2619999999999999,1.0
2026-02-06 12:31:00,6.41,5.0,0.28200000000000003,1.0
2026-02-06 12:32:00,6.4,5.0,0.2800000000000001,1.0
2026-02-06 12:33:00,6.32,5.0,0.26400000000000007,1.0
2026-02-06 12:34:00,6.26,5.0,0.25199999999999995,1.0
2026-02-06 12:35:00,6.31,5.0,0.2619999999999999,1.0
2026-02-06 12:36:00,6.41,5.0,0.28200000000000003,1.0
2026-02-06 12:37:00,6.49,5.0,0.29800000000000004,1.0
2026-02-06 12:38:00,5.76,5.0,0.15199999999999997,1.0
2026-02-06 12:39:00,5.98,5.0,0.1960000000000001,1.0
2026-02-06 12:40:00,5.95,5.0,0.19000000000000003,1.0
2026-02-06 12:41:00,5.78,5.0,0.15600000000000006,1.0
2026-02-06 12:42:00,6.06,5.0,0.2119999999999999,1.0
2026-02-06 12:43:00,6.0,5.0,0.2,1.0
2026-02-06 12:44:00,6.05,5.0,0.20999999999999996,1.0
2026-02-06 12:45:00,6.08,5.0,0.21600000000000003,1.0
2026-02-06 12:46:00,6.09,5.0,0.21799999999999997,1.0
2026-02-06 12:47:00,6.28,5.0,0.25600000000000006,1.0
2026-02-06 12:48:00,6.42,5.0,0.284,1.0
2026-02-06 12:49:00,6.47,5.0,0.29399999999999993,1.0
2026-02-06 12:50:00,6.47,5.0,0.29399999999999993,1.0
2026-02-06 12:51:00,6.4,5.0,0.2800000000000001,1.0
2026-02-06 12:52:00,6.27,5.0,0.2539999999999999,1.0
2026-02-06 12:53:00,6.29,5.0,0.258,1.0
2026-02-06 12:54:00,6.31,5.0,0.2619999999999999,1.0
2026-02-06 12:55:00,6.5,5.0,0.3,1.0
2026-02-06 12:56:00,6.41,5.0,0.28200000000000003,1.0
2026-02-06 12:57:00,6.31,5.0,0.2619999999999999,1.0
2026-02-06 12:58:00,6.13,5.0,0.22599999999999998,1.0
2026-02-06 12:59:00,6.21,5.0,0.242,1.0
2026-02-06 13:00:00,6.19,5.0,0.23800000000000007,1.0
2026-02-06 13:01:00,6.34,5.0,0.26799999999999996,1.0
2026-02-06 13:02:00,6.3,5.0,0.25999999999999995,1.0
2026-02-06 13:03:00,6.28,5.0,0.25600000000000006,1.0
2026-02-06 13:04:00,6.23,5.0,0.24600000000000008,1.0
2026-02-06 13:05:00,6.18,5.0,0.23599999999999993,1.0
2026-02-06 13:06:00,6.22,5.0,0.24399999999999994,1.0
2026-02-06 13:07:00,6.32,5.0,0.26400000000000007,1.0
2026-02-06 13:08:00,6.24,5.0,0.24800000000000005,1.0
2026-02-06 13:09:00,6.26,5.0,0.25199999999999995,1.0
2026-02-06 13:10:00,6.35,5.0,0.2699999999999999,1.0
2026-02-06 13:11:00,6.26,5.0,0.25199999999999995,1.0
2026-02-06 13:12:00,6.14,5.0,0.22799999999999992,1.0
2026-02-06 13:13:00,6.49,5.0,0.29800000000000004,1.0
2026-02-06 13:14:00,6.46,5.0,0.292,1.0
2026-02-06 13:15:00,6.46,5.0,0.292,1.0
2026-02-06 13:16:00,6.43,5.0,0.2859999999999999,1.0
2026-02-06 13:17:00,6.39,5.0,0.2779999999999999,1.0
2026-02-06 13:18:00,6.29,5.0,0.258,1.0
2026-02-06 13:19:00,6.53,5.0,0.30600000000000005,1.0
2026-02-06 13:20:00,6.42,5.0,0.284,1.0
2026-02-06 13:21:00,6.23,5.0,0.24600000000000008,1.0
2026-02-06 13:22:00,6.25,5.0,0.25,1.0
2026-02-06 13:23:00,6.03,5.0,0.20600000000000004,1.0
2026-02-06 13:24:00,5.95,5.0,0.19000000000000003,1.0
2026-02-06 13:25:00,5.96,5.0,0.192,1.0
2026-02-06 13:26:00,5.91,5.0,0.18200000000000002,1.0
2026-02-06 13:27:00,5.91,5.0,0.18200000000000002,1.0
2026-02-06 13:28:00,5.87,5.0,0.17400000000000002,1.0
2026-02-06 13:29:00,5.66,5.0,0.13200000000000003,1.0
2026-02-06 13:30:00,5.51,5.0,0.10199999999999995,1.0
2026-02-06 13:31:00,5.56,5.0,0.11199999999999992,1.0
2026-02-06 13:32:00,5.68,5.0,0.13599999999999995,1.0
2026-02-06 13:33:00,5.78,5.0,0.15600000000000006,1.0
2026-02-06 13:34:00,5.63,5.0,0.12599999999999997,1.0
2026-02-06 13:35:00,5.81,5.0,0.16199999999999992,1.0
2026-02-06 13:36:00,5.84,5.0,0.16799999999999998,1.0
2026-02-06 13:37:00,5.62,5.0,0.12400000000000003,1.0
2026-02-06 13:38:00,5.79,5.0,0.158,1.0
2026-02-06 13:39:00,5.58,5.0,0.11600000000000002,1.0
2026-02-06 13:40:00,5.95,5.0,0.19000000000000003,1.0
2026-02-06 13:41:00,6.22,5.0,0.24399999999999994,1.0
2026-02-06 13:42:00,6.16,5.0,0.23200000000000004,1.0
2026-02-06 13:43:00,6.16,5.0,0.23200000000000004,1.0
2026-02-06 13:44:00,6.15,5.0,0.23000000000000007,1.0
2026-02-06 13:45:00,6.03,5.0,0.20600000000000004,1.0
2026-02-06 13:46:00,6.13,5.0,0.22599999999999998,1.0
2026-02-06 13:47:00,6.14,5.0,0.22799999999999992,1.0
2026-02-06 13:48:00,6.19,5.0,0.23800000000000007,1.0
2026-02-06 13:49:00,5.99,5.0,0.19800000000000004,1.0
2026-02-06 13:50:00,5.65,5.0,0.13000000000000006,1.0
2026-02-06 13:51:00,5.96,5.0,0.192,1.0
2026-02-06 13:52:00,5.95,5.0,0.19000000000000003,1.0
2026-02-06 13:53:00,5.96,5.0,0.192,1.0
2026-02-06 13:54:00,5.83,5.0,0.166,1.0
2026-02-06 13:55:00,5.96,5.0,0.192,1.0
2026-02-06 13:56:00,5.89,5.0,0.17799999999999994,1.0
2026-02-06 13:57:00,5.55,5.0,0.10999999999999996,1.0
2026-02-06 13:58:00,5.68,5.0,0.13599999999999995,1.0
2026-02-06 13:59:00,5.53,5.0,0.10600000000000005,1.0
2026-02-06 14:00:00,5.74,5.0,0.14800000000000005,1.0
2026-02-06 14:01:00,5.7,5.0,0.14000000000000004,1.0
2026-02-06 14:02:00,5.66,5.0,0.13200000000000003,1.0
2026-02-06 14:03:00,5.66,5.0,0.13200000000000003,1.0
2026-02-06 14:04:00,5.7,5.0,0.14000000000000004,1.0
2026-02-06 14:05:00,5.61,5.0,0.12200000000000007,1.0
2026-02-06 14:06:00,5.79,5.0,0.158,1.0
2026-02-06 14:07:00,5.71,5.0,0.142,1.0
2026-02-06 14:08:00,5.81,5.0,0.16199999999999992,1.0
2026-02-06 14:09:00,5.89,5.0,0.17799999999999994,1.0
2026-02-06 14:10:00,6.14,5.0,0.22799999999999992,1.0
2026-02-06 14:11:00,6.69,5.0,0.3380000000000001,1.0
2026-02-06 14:12:00,6.58,5.0,0.316,1.0
2026-02-06 14:13:00,5.46,5.0,0.092,1.0
2026-02-06 14:14:00,5.65,5.0,0.13000000000000006,1.0
2026-02-06 14:15:00,5.7,5.0,0.14000000000000004,1.0
2026-02-06 14:16:00,5.61,5.0,0.12200000000000007,1.0
2026-02-06 14:17:00,5.65,5.0,0.13000000000000006,1.0
2026-02-06 14:18:00,5.93,5.0,0.18599999999999994,1.0
2026-02-06 14:19:00,5.95,5.0,0.19000000000000003,1.0
2026-02-06 14:20:00,5.97,5.0,0.19399999999999995,1.0
2026-02-06 14:21:00,5.87,5.0,0.17400000000000002,1.0
2026-02-06 14:22:00,5.95,5.0,0.19000000000000003,1.0
2026-02-06 14:23:00,5.94,5.0,0.18800000000000008,1.0
2026-02-06 14:24:00,5.96,5.0,0.192,1.0
2026-02-06 14:25:00,6.0,5.0,0.2,1.0
2026-02-06 14:26:00,5.9,5.0,0.18000000000000008,1.0
2026-02-06 14:27:00,5.78,5.0,0.15600000000000006,1.0
2026-02-06 14:28:00,5.84,5.0,0.16799999999999998,1.0
2026-02-06 14:29:00,5.8,5.0,0.15999999999999998,1.0
2026-02-06 14:30:00,5.86,5.0,0.17200000000000007,1.0
2026-02-06 14:31:00,5.93,5.0,0.18599999999999994,1.0
2026-02-06 14:32:00,6.02,5.0,0.2039999999999999,1.0
2026-02-06 14:33:00,6.03,5.0,0.20600000000000004,1.0
2026-02-06 14:34:00,6.02,5.0,0.2039999999999999,1.0
2026-02-06 14:35:00,5.95,5.0,0.19000000000000003,1.0
2026-02-06 14:36:00,5.74,5.0,0.14800000000000005,1.0
2026-02-06 14:37:00,5.77,5.0,0.15399999999999991,1.0
2026-02-06 14:38:00,6.01,5.0,0.20199999999999996,1.0
2026-02-06 14:41:00,5.83,5.0,0.166,1.0
2026-02-06 14:42:00,6.05,5.0,0.20999999999999996,1.0
2026-02-06 14:43:00,5.93,5.0,0.18599999999999994,1.0
2026-02-06 14:44:00,5.8,5.0,0.15999999999999998,1.0
2026-02-06 14:45:00,5.95,5.0,0.19000000000000003,1.0
2026-02-06 14:46:00,5.99,5.0,0.19800000000000004,1.0
2026-02-06 14:47:00,6.16,5.0,0.23200000000000004,1.0
2026-02-06 14:48:00,6.06,5.0,0.2119999999999999,1.0
2026-02-06 14:49:00,6.16,5.0,0.23200000000000004,1.0
2026-02-06 14:50:00,5.79,5.0,0.158,1.0
2026-02-06 14:51:00,6.56,5.0,0.31199999999999994,1.0
2026-02-06 14:52:00,6.64,5.0,0.32799999999999996,1.0
2026-02-06 14:53:00,6.51,5.0,0.30199999999999994,1.0
2026-02-06 14:54:00,6.46,5.0,0.292,1.0
2026-02-06 14:55:00,6.53,5.0,0.30600000000000005,1.0
2026-02-06 14:56:00,6.28,5.0,0.25600000000000006,1.0
2026-02-06 14:57:00,6.27,5.0,0.2539999999999999,1.0
2026-02-06 14:58:00,6.22,5.0,0.24399999999999994,1.0
2026-02-06 14:59:00,6.26,5.0,0.25199999999999995,1.0
2026-02-06 15:00:00,6.3,5.0,0.25999999999999995,1.0
2026-02-06 15:01:00,6.27,5.0,0.2539999999999999,1.0
2026-02-06 15:02:00,6.38,5.0,0.27599999999999997,1.0
2026-02-06 15:03:00,6.14,5.0,0.22799999999999992,1.0
2026-02-06 15:04:00,6.1,5.0,0.21999999999999992,1.0
2026-02-06 15:05:00,6.04,5.0,0.20800000000000002,1.0
2026-02-06 15:06:00,6.06,5.0,0.2119999999999999,1.0
2026-02-06 15:07:00,6.09,5.0,0.21799999999999997,1.0
2026-02-06 15:08:00,6.14,5.0,0.22799999999999992,1.0
2026-02-06 15:09:00,5.95,5.0,0.19000000000000003,1.0
2026-02-06 15:10:00,6.0,5.0,0.2,1.0
2026-02-06 15:11:00,5.97,5.0,0.19399999999999995,1.0
2026-02-06 15:12:00,6.02,5.0,0.2039999999999999,1.0
2026-02-06 15:13:00,5.86,5.0,0.17200000000000007,1.0
2026-02-06 15:14:00,6.11,5.0,0.22200000000000006,1.0
2026-02-06 15:15:00,6.09,5.0,0.21799999999999997,1.0
2026-02-06 15:16:00,6.16,5.0,0.23200000000000004,1.0
2026-02-06 15:17:00,6.09,5.0,0.21799999999999997,1.0
2026-02-06 15:18:00,5.85,5.0,0.16999999999999993,1.0
2026-02-06 15:19:00,6.27,5.0,0.2539999999999999,1.0
2026-02-06 15:20:00,6.26,5.0,0.25199999999999995,1.0
2026-02-06 15:21:00,6.26,5.0,0.25199999999999995,1.0
2026-02-06 15:22:00,6.24,5.0,0.24800000000000005,1.0
2026-02-06 15:23:00,6.27,5.0,0.2539999999999999,1.0
2026-02-06 15:24:00,6.32,5.0,0.26400000000000007,1.0
2026-02-06 15:25:00,6.21,5.0,0.242,1.0
2026-02-06 15:26:00,6.06,5.0,0.2119999999999999,1.0
2026-02-06 15:27:00,6.0,5.0,0.2,1.0
2026-02-06 15:28:00,5.93,5.0,0.18599999999999994,1.0
2026-02-06 15:29:00,6.08,5.0,0.21600000000000003,1.0
2026-02-06 15:30:00,5.85,5.0,0.16999999999999993,1.0
2026-02-06 15:31:00,5.79,5.0,0.158,1.0
2026-02-06 15:32:00,5.58,5.0,0.11600000000000002,1.0
2026-02-06 15:33:00,5.69,5.0,0.13800000000000007,1.0
2026-02-06 15:34:00,5.72,5.0,0.14399999999999996,1.0
2026-02-06 15:35:00,5.65,5.0,0.13000000000000006,1.0
2026-02-06 15:36:00,5.57,5.0,0.11400000000000006,1.0
2026-02-06 15:37:00,5.6,5.0,0.11999999999999993,1.0
2026-02-06 15:38:00,5.59,5.0,0.11799999999999997,1.0
2026-02-06 15:39:00,5.6,5.0,0.11999999999999993,1.0
2026-02-06 15:40:00,5.59,5.0,0.11799999999999997,1.0
2026-02-06 15:41:00,5.56,5.0,0.11199999999999992,1.0
2026-02-06 15:42:00,5.66,5.0,0.13200000000000003,1.0
2026-02-06 15:43:00,5.66,5.0,0.13200000000000003,1.0
2026-02-06 15:44:00,5.68,5.0,0.13599999999999995,1.0
2026-02-06 15:45:00,5.73,5.0,0.14600000000000007,1.0
2026-02-06 15:46:00,5.6,5.0,0.11999999999999993,1.0
2026-02-06 15:47:00,5.67,5.0,0.13399999999999998,1.0
2026-02-06 15:48:00,5.7,5.0,0.14000000000000004,1.0
2026-02-06 15:49:00,5.58,5.0,0.11600000000000002,1.0
2026-02-06 15:50:00,5.31,5.0,0.06199999999999992,1.0
2026-02-06 15:51:00,6.25,5.0,0.25,1.0
2026-02-06 15:52:00,5.49,5.0,0.09800000000000005,1.0
2026-02-06 15:53:00,6.36,5.0,0.2720000000000001,1.0
2026-02-06 15:54:00,6.37,5.0,0.274,1.0
2026-02-06 15:55:00,6.24,5.0,0.24800000000000005,1.0
2026-02-06 15:56:00,6.35,5.0,0.2699999999999999,1.0
2026-02-06 15:57:00,5.83,5.0,0.166,1.0
2026-02-06 15:58:00,5.84,5.0,0.16799999999999998,1.0
2026-02-06 16:00:00,5.93,5.0,0.18599999999999994,1.0
2026-02-06 16:01:00,5.91,5.0,0.18200000000000002,1.0
2026-02-06 16:02:00,5.96,5.0,0.192,1.0
2026-02-06 16:03:00,5.88,5.0,0.176,1.0
2026-02-06 16:04:00,5.74,5.0,0.14800000000000005,1.0
2026-02-06 16:05:00,5.73,5.0,0.14600000000000007,1.0
2026-02-06 16:06:00,5.72,5.0,0.14399999999999996,1.0
2026-02-06 16:07:00,5.15,5.0,0.030000000000000072,1.0
2026-02-06 16:08:00,6.66,5.0,0.332,1.0
2026-02-06 16:09:00,6.47,5.0,0.29399999999999993,1.0
2026-02-06 16:10:00,6.65,5.0,0.33000000000000007,1.0
2026-02-06 16:11:00,6.11,5.0,0.22200000000000006,1.0
2026-02-06 16:12:00,5.98,5.0,0.1960000000000001,1.0
2026-02-06 16:13:00,6.08,5.0,0.21600000000000003,1.0
2026-02-06 16:14:00,6.23,5.0,0.24600000000000008,1.0
2026-02-06 16:15:00,6.21,5.0,0.242,1.0
2026-02-06 16:16:00,6.22,5.0,0.24399999999999994,1.0
2026-02-06 16:17:00,6.26,5.0,0.25199999999999995,1.0
2026-02-06 16:18:00,6.32,5.0,0.26400000000000007,1.0
2026-02-06 16:19:00,6.05,5.0,0.20999999999999996,1.0
2026-02-06 16:20:00,5.92,5.0,0.184,1.0
2026-02-06 16:21:00,5.95,5.0,0.19000000000000003,1.0
2026-02-06 16:22:00,5.9,5.0,0.18000000000000008,1.0
2026-02-06 16:23:00,5.97,5.0,0.19399999999999995,1.0
2026-02-06 16:24:00,6.02,5.0,0.2039999999999999,1.0
2026-02-06 16:25:00,6.06,5.0,0.2119999999999999,1.0
2026-02-06 16:26:00,6.01,5.0,0.20199999999999996,1.0
2026-02-06 16:27:00,5.94,5.0,0.18800000000000008,1.0
2026-02-06 16:28:00,5.94,5.0,0.18800000000000008,1.0
2026-02-06 16:29:00,5.94,5.0,0.18800000000000008,1.0
2026-02-06 16:30:00,5.64,5.0,0.12799999999999995,1.0
2026-02-06 16:31:00,5.92,5.0,0.184,1.0
2026-02-06 16:32:00,5.97,5.0,0.19399999999999995,1.0
2026-02-06 16:33:00,6.0,5.0,0.2,1.0
2026-02-06 16:34:00,6.02,5.0,0.2039999999999999,1.0
2026-02-06 16:35:00,5.79,5.0,0.158,1.0
2026-02-06 16:36:00,5.77,5.0,0.15399999999999991,1.0
2026-02-06 16:37:00,5.67,5.0,0.13399999999999998,1.0
2026-02-06 16:38:00,5.85,5.0,0.16999999999999993,1.0
2026-02-06 16:39:00,5.8,5.0,0.15999999999999998,1.0
2026-02-06 16:40:00,5.83,5.0,0.166,1.0
2026-02-06 16:41:00,5.97,5.0,0.19399999999999995,1.0
2026-02-06 16:42:00,6.03,5.0,0.20600000000000004,1.0
2026-02-06 16:43:00,5.67,5.0,0.13399999999999998,1.0
2026-02-06 16:44:00,5.92,5.0,0.184,1.0
2026-02-06 16:45:00,5.96,5.0,0.192,1.0
2026-02-06 16:46:00,5.87,5.0,0.17400000000000002,1.0
2026-02-06 16:47:00,6.02,5.0,0.2039999999999999,1.0
2026-02-06 16:48:00,6.02,5.0,0.2039999999999999,1.0
2026-02-06 16:49:00,5.73,5.0,0.14600000000000007,1.0
2026-02-06 16:50:00,5.86,5.0,0.17200000000000007,1.0
2026-02-06 16:53:00,5.89,5.0,0.17799999999999994,1.0
2026-02-06 16:54:00,6.0,5.0,0.2,1.0
2026-02-06 16:55:00,5.66,5.0,0.13200000000000003,1.0
2026-02-06 16:56:00,6.04,5.0,0.20800000000000002,1.0
2026-02-06 16:57:00,6.1,5.0,0.21999999999999992,1.0
2026-02-06 16:58:00,6.21,5.0,0.242,1.0
2026-02-06 16:59:00,6.29,5.0,0.258,1.0
2026-02-06 17:00:00,6.2,5.0,0.24000000000000005,1.0
2026-02-06 17:01:00,5.39,5.0,0.07799999999999993,1.0
2026-02-06 17:02:00,5.42,5.0,0.08399999999999999,1.0
2026-02-06 17:03:00,5.46,5.0,0.092,1.0
2026-02-06 17:04:00,5.42,5.0,0.08399999999999999,1.0
2026-02-06 17:05:00,5.38,5.0,0.07599999999999998,1.0
2026-02-06 17:06:00,5.17,5.0,0.03399999999999999,1.0
2026-02-06 17:07:00,5.65,5.0,0.13000000000000006,1.0
2026-02-06 17:08:00,5.42,5.0,0.08399999999999999,1.0
2026-02-06 17:09:00,5.3,5.0,0.05999999999999996,1.0
2026-02-06 17:10:00,4.56,5.0,0.08800000000000008,0.838235294117647
2026-02-06 17:11:00,5.33,5.0,0.06600000000000002,1.0
2026-02-06 17:12:00,4.82,5.0,0.03599999999999994,0.9305019305019305
2026-02-06 17:13:00,5.41,5.0,0.08200000000000003,1.0
2026-02-06 17:14:00,5.44,5.0,0.08800000000000008,1.0
2026-02-06 17:15:00,5.4,5.0,0.08000000000000007,1.0
2026-02-06 17:16:00,5.39,5.0,0.07799999999999993,1.0
2026-02-06 17:17:00,5.41,5.0,0.08200000000000003,1.0
2026-02-06 17:18:00,5.56,5.0,0.11199999999999992,1.0
2026-02-06 17:19:00,5.52,5.0,0.10399999999999991,1.0
2026-02-06 17:20:00,5.53,5.0,0.10600000000000005,1.0
2026-02-06 17:21:00,5.55,5.0,0.10999999999999996,1.0
2026-02-06 17:22:00,5.53,5.0,0.10600000000000005,1.0
2026-02-06 17:23:00,5.65,5.0,0.13000000000000006,1.0
2026-02-06 17:24:00,5.8,5.0,0.15999999999999998,1.0
2026-02-06 17:25:00,5.81,5.0,0.16199999999999992,1.0
2026-02-06 17:26:00,5.84,5.0,0.16799999999999998,1.0
2026-02-06 17:27:00,5.76,5.0,0.15199999999999997,1.0
2026-02-06 17:28:00,5.82,5.0,0.16400000000000006,1.0
2026-02-06 17:29:00,5.55,5.0,0.10999999999999996,1.0
2026-02-06 17:30:00,5.82,5.0,0.16400000000000006,1.0
2026-02-06 17:31:00,5.76,5.0,0.15199999999999997,1.0
2026-02-06 17:32:00,5.69,5.0,0.13800000000000007,1.0
2026-02-06 17:33:00,5.45,5.0,0.09000000000000004,1.0
2026-02-06 17:34:00,5.33,5.0,0.06600000000000002,1.0
2026-02-06 17:35:00,5.49,5.0,0.09800000000000005,1.0
2026-02-06 17:36:00,5.59,5.0,0.11799999999999997,1.0
2026-02-06 17:37:00,5.59,5.0,0.11799999999999997,1.0
2026-02-06 17:38:00,4.44,5.0,0.11199999999999992,0.7985611510791369
2026-02-06 17:39:00,4.9,5.0,0.019999999999999928,0.9607843137254902
2026-02-06 17:40:00,5.2,5.0,0.040000000000000036,1.0
2026-02-06 17:41:00,5.63,5.0,0.12599999999999997,1.0
2026-02-06 17:42:00,5.63,5.0,0.12599999999999997,1.0
2026-02-06 17:43:00,5.62,5.0,0.12400000000000003,1.0
2026-02-06 17:44:00,5.63,5.0,0.12599999999999997,1.0
2026-02-06 17:45:00,4.32,5.0,0.13599999999999995,0.7605633802816903
2026-02-06 17:46:00,6.4,5.0,0.2800000000000001,1.0
2026-02-06 17:47:00,5.95,5.0,0.19000000000000003,1.0
2026-02-06 17:48:00,5.72,5.0,0.14399999999999996,1.0
2026-02-06 17:49:00,5.44,5.0,0.08800000000000008,1.0
2026-02-06 17:50:00,5.68,5.0,0.13599999999999995,1.0
2026-02-06 17:51:00,5.64,5.0,0.12799999999999995,1.0
2026-02-06 17:52:00,5.75,5.0,0.15,1.0
2026-02-06 17:53:00,5.72,5.0,0.14399999999999996,1.0
2026-02-06 17:54:00,5.6,5.0,0.11999999999999993,1.0
2026-02-06 17:55:00,5.63,5.0,0.12599999999999997,1.0
2026-02-06 17:57:00,5.54,5.0,0.10800000000000001,1.0
2026-02-06 17:58:00,4.19,5.0,0.16199999999999992,0.7211703958691912
2026-02-06 17:59:00,5.36,5.0,0.07200000000000006,1.0
2026-02-06 18:00:00,5.48,5.0,0.09600000000000009,1.0
2026-02-06 18:01:00,5.35,5.0,0.06999999999999992,1.0
2026-02-06 18:02:00,5.28,5.0,0.05600000000000005,1.0
2026-02-06 18:03:00,5.36,5.0,0.07200000000000006,1.0
2026-02-06 18:04:00,5.34,5.0,0.06799999999999998,1.0
2026-02-06 18:05:00,5.32,5.0,0.06400000000000006,1.0
2026-02-06 18:06:00,5.27,5.0,0.053999999999999916,1.0
2026-02-06 18:07:00,5.62,5.0,0.12400000000000003,1.0
2026-02-06 18:08:00,5.62,5.0,0.12400000000000003,1.0
2026-02-06 18:09:00,5.43,5.0,0.08599999999999994,1.0
2026-02-06 18:10:00,5.57,5.0,0.11400000000000006,1.0
2026-02-06 18:11:00,5.67,5.0,0.13399999999999998,1.0
2026-02-06 18:12:00,5.7,5.0,0.14000000000000004,1.0
2026-02-06 18:13:00,5.79,5.0,0.158,1.0
2026-02-06 18:14:00,5.89,5.0,0.17799999999999994,1.0
2026-02-06 18:15:00,6.04,5.0,0.20800000000000002,1.0
2026-02-06 18:16:00,6.09,5.0,0.21799999999999997,1.0
2026-02-06 18:17:00,6.12,5.0,0.22400000000000003,1.0
2026-02-06 18:18:00,5.85,5.0,0.16999999999999993,1.0
2026-02-06 18:19:00,5.76,5.0,0.15199999999999997,1.0
2026-02-06 18:20:00,6.05,5.0,0.20999999999999996,1.0
2026-02-06 18:21:00,5.93,5.0,0.18599999999999994,1.0
2026-02-06 18:22:00,5.92,5.0,0.184,1.0
2026-02-06 18:23:00,5.85,5.0,0.16999999999999993,1.0
2026-02-06 18:24:00,5.5,5.0,0.1,1.0
2026-02-06 18:25:00,5.93,5.0,0.18599999999999994,1.0
2026-02-06 18:26:00,5.83,5.0,0.166,1.0
2026-02-06 18:27:00,5.82,5.0,0.16400000000000006,1.0
2026-02-06 18:28:00,5.68,5.0,0.13599999999999995,1.0
2026-02-06 18:31:00,5.61,5.0,0.12200000000000007,1.0
2026-02-06 18:32:00,5.41,5.0,0.08200000000000003,1.0
2026-02-06 18:33:00,5.55,5.0,0.10999999999999996,1.0
2026-02-06 18:34:00,5.42,5.0,0.08399999999999999,1.0
2026-02-06 18:35:00,5.32,5.0,0.06400000000000006,1.0
2026-02-06 18:36:00,5.44,5.0,0.08800000000000008,1.0
2026-02-06 18:37:00,5.14,5.0,0.027999999999999935,1.0
2026-02-06 18:38:00,5.78,5.0,0.15600000000000006,1.0
2026-02-06 18:39:00,5.14,5.0,0.027999999999999935,1.0
2026-02-06 18:40:00,5.69,5.0,0.13800000000000007,1.0
2026-02-06 18:41:00,5.8,5.0,0.15999999999999998,1.0
2026-02-06 18:42:00,5.73,5.0,0.14600000000000007,1.0
2026-02-06 18:43:00,5.8,5.0,0.15999999999999998,1.0
2026-02-06 18:44:00,5.92,5.0,0.184,1.0
2026-02-06 18:45:00,5.69,5.0,0.13800000000000007,1.0
2026-02-06 18:46:00,5.56,5.0,0.11199999999999992,1.0
2026-02-06 18:47:00,5.79,5.0,0.158,1.0
2026-02-06 18:48:00,5.69,5.0,0.13800000000000007,1.0
2026-02-06 18:49:00,5.68,5.0,0.13599999999999995,1.0
2026-02-06 18:50:00,5.57,5.0,0.11400000000000006,1.0
2026-02-06 18:51:00,5.57,5.0,0.11400000000000006,1.0
2026-02-06 18:52:00,5.64,5.0,0.12799999999999995,1.0
2026-02-06 18:53:00,5.5,5.0,0.1,1.0
2026-02-06 18:54:00,5.72,5.0,0.14399999999999996,1.0
2026-02-06 18:55:00,5.71,5.0,0.142,1.0
2026-02-06 18:56:00,5.68,5.0,0.13599999999999995,1.0
2026-02-06 18:57:00,5.68,5.0,0.13599999999999995,1.0
2026-02-06 18:58:00,5.75,5.0,0.15,1.0
2026-02-06 18:59:00,5.73,5.0,0.14600000000000007,1.0
2026-02-06 19:00:00,5.91,5.0,0.18200000000000002,1.0
2026-02-06 19:01:00,5.98,5.0,0.1960000000000001,1.0
2026-02-06 19:04:00,5.8,5.0,0.15999999999999998,1.0
2026-02-06 19:05:00,5.78,5.0,0.15600000000000006,1.0
2026-02-06 19:06:00,5.53,5.0,0.10600000000000005,1.0
2026-02-06 19:07:00,6.03,5.0,0.20600000000000004,1.0
2026-02-06 19:08:00,5.86,5.0,0.17200000000000007,1.0
2026-02-06 19:09:00,5.78,5.0,0.15600000000000006,1.0
2026-02-06 19:10:00,5.66,5.0,0.13200000000000003,1.0
2026-02-06 19:11:00,5.77,5.0,0.15399999999999991,1.0
2026-02-06 19:12:00,5.72,5.0,0.14399999999999996,1.0
2026-02-06 19:13:00,5.64,5.0,0.12799999999999995,1.0
2026-02-06 19:14:00,5.66,5.0,0.13200000000000003,1.0
2026-02-06 19:15:00,5.57,5.0,0.11400000000000006,1.0
2026-02-06 19:16:00,5.64,5.0,0.12799999999999995,1.0
2026-02-06 19:17:00,5.6,5.0,0.11999999999999993,1.0
2026-02-06 19:18:00,5.94,5.0,0.18800000000000008,1.0
2026-02-06 19:19:00,5.86,5.0,0.17200000000000007,1.0
2026-02-06 19:20:00,5.87,5.0,0.17400000000000002,1.0
2026-02-06 19:21:00,5.94,5.0,0.18800000000000008,1.0
2026-02-06 19:22:00,5.48,5.0,0.09600000000000009,1.0
2026-02-06 19:23:00,5.61,5.0,0.12200000000000007,1.0
2026-02-06 19:24:00,5.78,5.0,0.15600000000000006,1.0
2026-02-06 19:25:00,5.76,5.0,0.15199999999999997,1.0
2026-02-06 19:26:00,5.6,5.0,0.11999999999999993,1.0
2026-02-06 19:27:00,5.44,5.0,0.08800000000000008,1.0
2026-02-06 19:28:00,5.85,5.0,0.16999999999999993,1.0
2026-02-06 19:29:00,5.77,5.0,0.15399999999999991,1.0
2026-02-06 19:30:00,5.83,5.0,0.166,1.0
2026-02-06 19:31:00,4.19,5.0,0.16199999999999992,0.7211703958691912
2026-02-06 19:32:00,6.72,5.0,0.344,1.0
2026-02-06 19:33:00,6.05,5.0,0.20999999999999996,1.0
2026-02-06 19:34:00,5.07,5.0,0.014000000000000058,1.0
2026-02-06 19:37:00,5.7,5.0,0.14000000000000004,1.0
2026-02-06 19:38:00,5.88,5.0,0.176,1.0
2026-02-06 19:39:00,5.74,5.0,0.14800000000000005,1.0
2026-02-06 19:40:00,5.79,5.0,0.158,1.0
2026-02-06 19:41:00,5.8,5.0,0.15999999999999998,1.0
2026-02-06 19:42:00,5.84,5.0,0.16799999999999998,1.0
2026-02-06 19:43:00,5.74,5.0,0.14800000000000005,1.0
2026-02-06 19:44:00,5.89,5.0,0.17799999999999994,1.0
2026-02-06 19:45:00,5.87,5.0,0.17400000000000002,1.0
2026-02-06 19:46:00,5.56,5.0,0.11199999999999992,1.0
2026-02-06 19:47:00,5.53,5.0,0.10600000000000005,1.0
2026-02-06 19:48:00,5.62,5.0,0.12400000000000003,1.0
2026-02-06 19:49:00,5.7,5.0,0.14000000000000004,1.0
2026-02-06 19:50:00,5.65,5.0,0.13000000000000006,1.0
2026-02-06 19:51:00,5.64,5.0,0.12799999999999995,1.0
2026-02-06 19:52:00,6.16,5.0,0.23200000000000004,1.0
2026-02-06 19:53:00,6.36,5.0,0.2720000000000001,1.0
2026-02-06 19:54:00,6.35,5.0,0.2699999999999999,1.0
2026-02-06 19:55:00,6.37,5.0,0.274,1.0
2026-02-06 19:56:00,6.55,5.0,0.30999999999999994,1.0
2026-02-06 19:57:00,6.01,5.0,0.20199999999999996,1.0
2026-02-06 19:58:00,5.46,5.0,0.092,1.0
2026-02-06 19:59:00,5.77,5.0,0.15399999999999991,1.0
2026-02-06 20:00:00,5.5,5.0,0.1,1.0
2026-02-06 20:01:00,5.83,5.0,0.166,1.0
2026-02-06 20:02:00,5.51,5.0,0.10199999999999995,1.0
2026-02-06 20:03:00,5.68,5.0,0.13599999999999995,1.0
2026-02-06 20:04:00,5.73,5.0,0.14600000000000007,1.0
2026-02-06 20:05:00,5.7,5.0,0.14000000000000004,1.0
2026-02-06 20:06:00,5.73,5.0,0.14600000000000007,1.0
2026-02-06 20:07:00,6.02,5.0,0.2039999999999999,1.0
2026-02-06 20:08:00,5.95,5.0,0.19000000000000003,1.0
2026-02-06 20:09:00,5.82,5.0,0.16400000000000006,1.0
2026-02-06 20:10:00,5.71,5.0,0.142,1.0
2026-02-06 20:11:00,5.68,5.0,0.13599999999999995,1.0
2026-02-06 20:12:00,5.78,5.0,0.15600000000000006,1.0
2026-02-06 20:13:00,5.81,5.0,0.16199999999999992,1.0
2026-02-06 20:14:00,5.68,5.0,0.13599999999999995,1.0
2026-02-06 20:15:00,5.58,5.0,0.11600000000000002,1.0
2026-02-06 20:16:00,5.52,5.0,0.10399999999999991,1.0
2026-02-06 20:17:00,5.7,5.0,0.14000000000000004,1.0
2026-02-06 20:18:00,5.62,5.0,0.12400000000000003,1.0
2026-02-06 20:19:00,5.37,5.0,0.07400000000000002,1.0
2026-02-06 20:20:00,5.76,5.0,0.15199999999999997,1.0
2026-02-06 20:21:00,5.74,5.0,0.14800000000000005,1.0
2026-02-06 20:22:00,5.72,5.0,0.14399999999999996,1.0
2026-02-06 20:23:00,5.59,5.0,0.11799999999999997,1.0
2026-02-06 20:24:00,5.75,5.0,0.15,1.0
2026-02-06 20:25:00,5.77,5.0,0.15399999999999991,1.0
2026-02-06 20:26:00,5.74,5.0,0.14800000000000005,1.0
2026-02-06 20:27:00,5.83,5.0,0.166,1.0
2026-02-06 20:28:00,5.85,5.0,0.16999999999999993,1.0
2026-02-06 20:29:00,5.78,5.0,0.15600000000000006,1.0
2026-02-06 20:30:00,6.32,5.0,0.26400000000000007,1.0
2026-02-06 20:31:00,6.55,5.0,0.30999999999999994,1.0
2026-02-06 20:32:00,6.48,5.0,0.2960000000000001,1.0
2026-02-06 20:33:00,6.46,5.0,0.292,1.0
2026-02-06 20:34:00,6.38,5.0,0.27599999999999997,1.0
2026-02-06 20:39:00,6.1,5.0,0.21999999999999992,1.0
2026-02-06 20:40:00,5.99,5.0,0.19800000000000004,1.0
2026-02-06 20:41:00,6.03,5.0,0.20600000000000004,1.0
2026-02-06 20:42:00,6.13,5.0,0.22599999999999998,1.0
2026-02-06 20:43:00,6.14,5.0,0.22799999999999992,1.0
2026-02-06 20:44:00,6.14,5.0,0.22799999999999992,1.0
2026-02-06 20:45:00,5.9,5.0,0.18000000000000008,1.0
2026-02-06 20:46:00,5.84,5.0,0.16799999999999998,1.0
2026-02-06 20:47:00,5.87,5.0,0.17400000000000002,1.0
2026-02-06 20:48:00,5.81,5.0,0.16199999999999992,1.0
2026-02-06 20:49:00,4.65,5.0,0.06999999999999992,0.8691588785046731
2026-02-06 20:50:00,5.8,5.0,0.15999999999999998,1.0
2026-02-06 20:51:00,5.84,5.0,0.16799999999999998,1.0
2026-02-06 20:52:00,5.89,5.0,0.17799999999999994,1.0
2026-02-06 20:53:00,5.57,5.0,0.11400000000000006,1.0
2026-02-06 20:54:00,5.96,5.0,0.192,1.0
2026-02-06 20:55:00,5.99,5.0,0.19800000000000004,1.0
2026-02-06 20:56:00,6.02,5.0,0.2039999999999999,1.0
2026-02-06 20:57:00,5.98,5.0,0.1960000000000001,1.0
2026-02-06 20:58:00,6.05,5.0,0.20999999999999996,1.0
2026-02-06 20:59:00,5.99,5.0,0.19800000000000004,1.0
2026-02-06 21:00:00,6.02,5.0,0.2039999999999999,1.0
2026-02-06 21:01:00,5.95,5.0,0.19000000000000003,1.0
2026-02-06 21:02:00,5.96,5.0,0.192,1.0
2026-02-06 21:03:00,5.95,5.0,0.19000000000000003,1.0
2026-02-06 21:04:00,5.8,5.0,0.15999999999999998,1.0
2026-02-06 21:05:00,6.03,5.0,0.20600000000000004,1.0
2026-02-06 21:06:00,6.1,5.0,0.21999999999999992,1.0
2026-02-06 21:07:00,6.11,5.0,0.22200000000000006,1.0
2026-02-06 21:08:00,5.99,5.0,0.19800000000000004,1.0
2026-02-06 21:09:00,5.88,5.0,0.176,1.0
2026-02-06 21:10:00,6.0,5.0,0.2,1.0
2026-02-06 21:11:00,6.2,5.0,0.24000000000000005,1.0
2026-02-06 21:12:00,6.13,5.0,0.22599999999999998,1.0
2026-02-06 21:13:00,6.09,5.0,0.21799999999999997,1.0
2026-02-06 21:14:00,6.04,5.0,0.20800000000000002,1.0
2026-02-06 21:15:00,6.19,5.0,0.23800000000000007,1.0
2026-02-06 21:16:00,6.22,5.0,0.24399999999999994,1.0
2026-02-06 21:17:00,6.22,5.0,0.24399999999999994,1.0
2026-02-06 21:18:00,6.28,5.0,0.25600000000000006,1.0
2026-02-06 21:19:00,6.09,5.0,0.21799999999999997,1.0
2026-02-06 21:20:00,5.99,5.0,0.19800000000000004,1.0
2026-02-06 21:21:00,5.74,5.0,0.14800000000000005,1.0
2026-02-06 21:22:00,5.73,5.0,0.14600000000000007,1.0
2026-02-06 21:23:00,5.84,5.0,0.16799999999999998,1.0
2026-02-06 21:24:00,5.82,5.0,0.16400000000000006,1.0
2026-02-06 21:25:00,5.95,5.0,0.19000000000000003,1.0
2026-02-06 21:26:00,5.77,5.0,0.15399999999999991,1.0
2026-02-06 21:27:00,5.98,5.0,0.1960000000000001,1.0
2026-02-06 21:28:00,5.93,5.0,0.18599999999999994,1.0
2026-02-06 21:29:00,5.61,5.0,0.12200000000000007,1.0
2026-02-06 21:30:00,5.53,5.0,0.10600000000000005,1.0
2026-02-06 21:31:00,5.61,5.0,0.12200000000000007,1.0
2026-02-06 21:32:00,5.53,5.0,0.10600000000000005,1.0
2026-02-06 21:33:00,5.53,5.0,0.10600000000000005,1.0
2026-02-06 21:34:00,5.57,5.0,0.11400000000000006,1.0
2026-02-06 21:35:00,5.65,5.0,0.13000000000000006,1.0
2026-02-06 21:36:00,5.67,5.0,0.13399999999999998,1.0
2026-02-06 21:37:00,5.55,5.0,0.10999999999999996,1.0
2026-02-06 21:38:00,5.42,5.0,0.08399999999999999,1.0
2026-02-06 21:39:00,5.37,5.0,0.07400000000000002,1.0
2026-02-06 21:40:00,5.43,5.0,0.08599999999999994,1.0
2026-02-06 21:41:00,5.51,5.0,0.10199999999999995,1.0
2026-02-06 21:42:00,5.45,5.0,0.09000000000000004,1.0
2026-02-06 21:43:00,5.46,5.0,0.092,1.0
2026-02-06 21:44:00,5.48,5.0,0.09600000000000009,1.0
2026-02-06 21:45:00,5.49,5.0,0.09800000000000005,1.0
2026-02-06 21:46:00,5.55,5.0,0.10999999999999996,1.0
2026-02-06 21:47:00,5.57,5.0,0.11400000000000006,1.0
2026-02-06 21:48:00,5.57,5.0,0.11400000000000006,1.0
2026-02-06 21:49:00,5.63,5.0,0.12599999999999997,1.0
2026-02-06 21:50:00,5.59,5.0,0.11799999999999997,1.0
2026-02-06 21:51:00,5.48,5.0,0.09600000000000009,1.0
2026-02-06 21:52:00,5.45,5.0,0.09000000000000004,1.0
2026-02-06 21:53:00,5.59,5.0,0.11799999999999997,1.0
2026-02-06 21:54:00,5.61,5.0,0.12200000000000007,1.0
2026-02-06 21:55:00,5.63,5.0,0.12599999999999997,1.0
2026-02-06 21:56:00,5.58,5.0,0.11600000000000002,1.0
2026-02-06 21:57:00,5.49,5.0,0.09800000000000005,1.0
2026-02-06 21:58:00,5.45,5.0,0.09000000000000004,1.0
2026-02-06 22:00:00,5.49,5.0,0.09800000000000005,1.0
2026-02-06 22:01:00,5.51,5.0,0.10199999999999995,1.0
2026-02-06 22:02:00,5.65,5.0,0.13000000000000006,1.0
2026-02-06 22:03:00,5.63,5.0,0.12599999999999997,1.0
2026-02-06 22:04:00,5.53,5.0,0.10600000000000005,1.0
2026-02-06 22:05:00,5.43,5.0,0.08599999999999994,1.0
2026-02-06 22:06:00,5.38,5.0,0.07599999999999998,1.0
2026-02-06 22:07:00,5.4,5.0,0.08000000000000007,1.0
2026-02-06 22:08:00,5.4,5.0,0.08000000000000007,1.0
2026-02-06 22:09:00,5.51,5.0,0.10199999999999995,1.0
2026-02-06 22:10:00,5.47,5.0,0.09399999999999994,1.0
2026-02-06 22:11:00,5.55,5.0,0.10999999999999996,1.0
2026-02-06 22:12:00,5.64,5.0,0.12799999999999995,1.0
2026-02-06 22:13:00,5.62,5.0,0.12400000000000003,1.0
2026-02-06 22:14:00,5.14,5.0,0.027999999999999935,1.0
2026-02-06 22:15:00,5.15,5.0,0.030000000000000072,1.0
2026-02-06 22:16:00,5.43,5.0,0.08599999999999994,1.0
2026-02-06 22:17:00,5.71,5.0,0.142,1.0
2026-02-06 22:18:00,5.67,5.0,0.13399999999999998,1.0
2026-02-06 22:19:00,5.69,5.0,0.13800000000000007,1.0
2026-02-06 22:20:00,5.8,5.0,0.15999999999999998,1.0
2026-02-06 22:21:00,5.86,5.0,0.17200000000000007,1.0
2026-02-06 22:22:00,5.85,5.0,0.16999999999999993,1.0
2026-02-06 22:23:00,5.78,5.0,0.15600000000000006,1.0
2026-02-06 22:24:00,5.57,5.0,0.11400000000000006,1.0
2026-02-06 22:25:00,5.42,5.0,0.08399999999999999,1.0
2026-02-06 22:26:00,5.49,5.0,0.09800000000000005,1.0
2026-02-06 22:27:00,5.52,5.0,0.10399999999999991,1.0
2026-02-06 22:28:00,5.12,5.0,0.02400000000000002,1.0
2026-02-06 22:29:00,5.27,5.0,0.053999999999999916,1.0
2026-02-06 22:30:00,5.37,5.0,0.07400000000000002,1.0
2026-02-06 22:31:00,5.61,5.0,0.12200000000000007,1.0
2026-02-06 22:32:00,5.61,5.0,0.12200000000000007,1.0
2026-02-06 22:33:00,5.62,5.0,0.12400000000000003,1.0
2026-02-06 22:34:00,5.65,5.0,0.13000000000000006,1.0
2026-02-06 22:35:00,5.47,5.0,0.09399999999999994,1.0
2026-02-06 22:36:00,5.47,5.0,0.09399999999999994,1.0
2026-02-06 22:37:00,5.56,5.0,0.11199999999999992,1.0
2026-02-06 22:38:00,5.44,5.0,0.08800000000000008,1.0
2026-02-06 22:39:00,5.41,5.0,0.08200000000000003,1.0
2026-02-06 22:40:00,5.34,5.0,0.06799999999999998,1.0
2026-02-06 22:41:00,5.55,5.0,0.10999999999999996,1.0
2026-02-06 22:42:00,5.53,5.0,0.10600000000000005,1.0
2026-02-06 22:43:00,5.53,5.0,0.10600000000000005,1.0
2026-02-06 22:44:00,5.29,5.0,0.05800000000000001,1.0
2026-02-06 22:45:00,5.44,5.0,0.08800000000000008,1.0
2026-02-06 22:46:00,5.49,5.0,0.09800000000000005,1.0
2026-02-06 22:47:00,5.47,5.0,0.09399999999999994,1.0
2026-02-06 22:48:00,5.46,5.0,0.092,1.0
2026-02-06 22:49:00,5.51,5.0,0.10199999999999995,1.0
2026-02-06 22:50:00,5.42,5.0,0.08399999999999999,1.0
2026-02-06 22:51:00,5.39,5.0,0.07799999999999993,1.0
2026-02-06 22:52:00,5.47,5.0,0.09399999999999994,1.0
2026-02-06 22:53:00,5.54,5.0,0.10800000000000001,1.0
2026-02-06 22:54:00,5.58,5.0,0.11600000000000002,1.0
2026-02-06 22:55:00,5.45,5.0,0.09000000000000004,1.0
2026-02-06 22:56:00,5.46,5.0,0.092,1.0
2026-02-06 22:57:00,5.58,5.0,0.11600000000000002,1.0
2026-02-06 22:58:00,5.59,5.0,0.11799999999999997,1.0
2026-02-06 22:59:00,5.45,5.0,0.09000000000000004,1.0
2026-02-06 23:00:00,5.53,5.0,0.10600000000000005,1.0
2026-02-06 23:01:00,5.55,5.0,0.10999999999999996,1.0
2026-02-06 23:02:00,5.47,5.0,0.09399999999999994,1.0
2026-02-06 23:03:00,5.5,5.0,0.1,1.0
2026-02-06 23:04:00,5.46,5.0,0.092,1.0
2026-02-06 23:05:00,5.5,5.0,0.1,1.0
2026-02-06 23:06:00,5.54,5.0,0.10800000000000001,1.0
2026-02-06 23:07:00,5.55,5.0,0.10999999999999996,1.0
2026-02-06 23:08:00,5.59,5.0,0.11799999999999997,1.0
2026-02-06 23:09:00,5.54,5.0,0.10800000000000001,1.0
2026-02-06 23:10:00,5.58,5.0,0.11600000000000002,1.0
2026-02-06 23:11:00,5.57,5.0,0.11400000000000006,1.0
2026-02-06 23:12:00,5.55,5.0,0.10999999999999996,1.0
2026-02-06 23:13:00,5.53,5.0,0.10600000000000005,1.0
2026-02-06 23:14:00,5.52,5.0,0.10399999999999991,1.0
2026-02-06 23:15:00,5.56,5.0,0.11199999999999992,1.0
2026-02-06 23:16:00,5.52,5.0,0.10399999999999991,1.0
2026-02-06 23:17:00,5.49,5.0,0.09800000000000005,1.0
2026-02-06 23:18:00,5.48,5.0,0.09600000000000009,1.0
2026-02-06 23:19:00,5.5,5.0,0.1,1.0
2026-02-06 23:20:00,5.47,5.0,0.09399999999999994,1.0
2026-02-06 23:21:00,5.45,5.0,0.09000000000000004,1.0
2026-02-06 23:22:00,5.52,5.0,0.10399999999999991,1.0
2026-02-06 23:23:00,5.43,5.0,0.08599999999999994,1.0
2026-02-06 23:24:00,5.44,5.0,0.08800000000000008,1.0
2026-02-06 23:25:00,5.42,5.0,0.08399999999999999,1.0
2026-02-06 23:26:00,5.43,5.0,0.08599999999999994,1.0
2026-02-06 23:27:00,5.52,5.0,0.10399999999999991,1.0
2026-02-06 23:28:00,5.57,5.0,0.11400000000000006,1.0
2026-02-06 23:29:00,5.65,5.0,0.13000000000000006,1.0
2026-02-06 23:30:00,5.61,5.0,0.12200000000000007,1.0
2026-02-06 23:31:00,5.45,5.0,0.09000000000000004,1.0
2026-02-06 23:32:00,5.46,5.0,0.092,1.0
2026-02-06 23:33:00,5.72,5.0,0.14399999999999996,1.0
2026-02-06 23:34:00,5.7,5.0,0.14000000000000004,1.0
2026-02-06 23:35:00,5.71,5.0,0.142,1.0
2026-02-06 23:36:00,5.56,5.0,0.11199999999999992,1.0
2026-02-06 23:37:00,5.54,5.0,0.10800000000000001,1.0
2026-02-06 23:38:00,5.03,5.0,0.0060000000000000496,1.0
2026-02-06 23:39:00,5.48,5.0,0.09600000000000009,1.0
2026-02-06 23:40:00,5.44,5.0,0.08800000000000008,1.0
2026-02-06 23:41:00,5.5,5.0,0.1,1.0
2026-02-06 23:42:00,5.41,5.0,0.08200000000000003,1.0
2026-02-06 23:43:00,5.27,5.0,0.053999999999999916,1.0
2026-02-06 23:44:00,5.18,5.0,0.03599999999999994,1.0
2026-02-06 23:45:00,5.34,5.0,0.06799999999999998,1.0
2026-02-06 23:46:00,5.3,5.0,0.05999999999999996,1.0
2026-02-06 23:47:00,5.32,5.0,0.06400000000000006,1.0
2026-02-06 23:48:00,5.41,5.0,0.08200000000000003,1.0
2026-02-06 23:49:00,5.38,5.0,0.07599999999999998,1.0
2026-02-06 23:50:00,5.4,5.0,0.08000000000000007,1.0
2026-02-06 23:51:00,5.4,5.0,0.08000000000000007,1.0
2026-02-06 23:52:00,5.29,5.0,0.05800000000000001,1.0
2026-02-06 23:53:00,5.4,5.0,0.08000000000000007,1.0
2026-02-06 23:54:00,5.28,5.0,0.05600000000000005,1.0
2026-02-06 23:55:00,5.26,5.0,0.051999999999999956,1.0
2026-02-06 23:56:00,5.2,5.0,0.040000000000000036,1.0
2026-02-06 23:57:00,5.22,5.0,0.04399999999999995,1.0
2026-02-06 23:58:00,5.21,5.0,0.041999999999999996,1.0
2026-02-06 23:59:00,5.18,5.0,0.03599999999999994,1.0
2026-02-07 00:00:00,5.24,5.0,0.04800000000000004,1.0
2026-02-07 00:01:00,5.34,5.0,0.06799999999999998,1.0
2026-02-07 00:02:00,5.4,5.0,0.08000000000000007,1.0
2026-02-07 00:03:00,5.49,5.0,0.09800000000000005,1.0
2026-02-07 00:04:00,5.44,5.0,0.08800000000000008,1.0
2026-02-07 00:05:00,5.45,5.0,0.09000000000000004,1.0
2026-02-07 00:06:00,5.57,5.0,0.11400000000000006,1.0
2026-02-07 00:07:00,5.54,5.0,0.10800000000000001,1.0
2026-02-07 00:08:00,5.55,5.0,0.10999999999999996,1.0
2026-02-07 00:09:00,5.51,5.0,0.10199999999999995,1.0
2026-02-07 00:10:00,5.58,5.0,0.11600000000000002,1.0
2026-02-07 00:11:00,5.58,5.0,0.11600000000000002,1.0
2026-02-07 00:12:00,5.43,5.0,0.08599999999999994,1.0
2026-02-07 00:13:00,5.15,5.0,0.030000000000000072,1.0
2026-02-07 00:14:00,5.28,5.0,0.05600000000000005,1.0
2026-02-07 00:15:00,5.29,5.0,0.05800000000000001,1.0
2026-02-07 00:16:00,5.26,5.0,0.051999999999999956,1.0
2026-02-07 00:17:00,5.4,5.0,0.08000000000000007,1.0
2026-02-07 00:18:00,5.18,5.0,0.03599999999999994,1.0
2026-02-07 00:19:00,5.19,5.0,0.038000000000000075,1.0
2026-02-07 00:20:00,5.16,5.0,0.03200000000000003,1.0
2026-02-07 00:21:00,5.31,5.0,0.06199999999999992,1.0
2026-02-07 00:22:00,5.29,5.0,0.05800000000000001,1.0
2026-02-07 00:23:00,5.38,5.0,0.07599999999999998,1.0
2026-02-07 00:24:00,5.54,5.0,0.10800000000000001,1.0
2026-02-07 00:25:00,5.64,5.0,0.12799999999999995,1.0
2026-02-07 00:26:00,5.56,5.0,0.11199999999999992,1.0
2026-02-07 00:27:00,5.64,5.0,0.12799999999999995,1.0
2026-02-07 00:28:00,5.72,5.0,0.14399999999999996,1.0
2026-02-07 00:29:00,5.6,5.0,0.11999999999999993,1.0
2026-02-07 00:30:00,5.48,5.0,0.09600000000000009,1.0
2026-02-07 00:31:00,5.62,5.0,0.12400000000000003,1.0
2026-02-07 00:32:00,5.59,5.0,0.11799999999999997,1.0
2026-02-07 00:33:00,5.68,5.0,0.13599999999999995,1.0
2026-02-07 00:34:00,5.69,5.0,0.13800000000000007,1.0
2026-02-07 00:35:00,5.7,5.0,0.14000000000000004,1.0
2026-02-07 00:37:00,5.68,5.0,0.13599999999999995,1.0
2026-02-07 00:38:00,5.35,5.0,0.06999999999999992,1.0
2026-02-07 00:39:00,5.81,5.0,0.16199999999999992,1.0
2026-02-07 00:40:00,5.83,5.0,0.166,1.0
2026-02-07 00:41:00,6.0,5.0,0.2,1.0
2026-02-07 00:42:00,5.74,5.0,0.14800000000000005,1.0
2026-02-07 00:43:00,5.74,5.0,0.14800000000000005,1.0
2026-02-07 00:44:00,5.77,5.0,0.15399999999999991,1.0
2026-02-07 00:45:00,5.6,5.0,0.11999999999999993,1.0
2026-02-07 00:46:00,5.75,5.0,0.15,1.0
2026-02-07 00:47:00,5.63,5.0,0.12599999999999997,1.0
2026-02-07 00:48:00,5.58,5.0,0.11600000000000002,1.0
2026-02-07 00:49:00,5.7,5.0,0.14000000000000004,1.0
2026-02-07 00:50:00,5.67,5.0,0.13399999999999998,1.0
2026-02-07 00:51:00,5.72,5.0,0.14399999999999996,1.0
2026-02-07 00:52:00,5.76,5.0,0.15199999999999997,1.0
2026-02-07 00:53:00,5.77,5.0,0.15399999999999991,1.0
2026-02-07 00:54:00,5.82,5.0,0.16400000000000006,1.0
2026-02-07 00:55:00,5.83,5.0,0.166,1.0
2026-02-07 00:56:00,5.78,5.0,0.15600000000000006,1.0
2026-02-07 00:57:00,5.65,5.0,0.13000000000000006,1.0
2026-02-07 00:58:00,5.62,5.0,0.12400000000000003,1.0
2026-02-07 00:59:00,5.49,5.0,0.09800000000000005,1.0
2026-02-07 01:00:00,5.59,5.0,0.11799999999999997,1.0
2026-02-07 01:01:00,5.7,5.0,0.14000000000000004,1.0
2026-02-07 01:02:00,5.65,5.0,0.13000000000000006,1.0
2026-02-07 01:03:00,5.66,5.0,0.13200000000000003,1.0
2026-02-07 01:04:00,5.67,5.0,0.13399999999999998,1.0
2026-02-07 01:05:00,5.83,5.0,0.166,1.0
2026-02-07 01:06:00,5.81,5.0,0.16199999999999992,1.0
2026-02-07 01:07:00,5.78,5.0,0.15600000000000006,1.0
2026-02-07 01:08:00,5.79,5.0,0.158,1.0
2026-02-07 01:09:00,5.61,5.0,0.12200000000000007,1.0
2026-02-07 01:10:00,5.69,5.0,0.13800000000000007,1.0
2026-02-07 01:11:00,5.53,5.0,0.10600000000000005,1.0
2026-02-07 01:12:00,5.62,5.0,0.12400000000000003,1.0
2026-02-07 01:13:00,5.59,5.0,0.11799999999999997,1.0
2026-02-07 01:14:00,5.6,5.0,0.11999999999999993,1.0
2026-02-07 01:15:00,5.65,5.0,0.13000000000000006,1.0
2026-02-07 01:16:00,5.55,5.0,0.10999999999999996,1.0
2026-02-07 01:17:00,5.43,5.0,0.08599999999999994,1.0
2026-02-07 01:18:00,5.47,5.0,0.09399999999999994,1.0
2026-02-07 01:20:00,5.36,5.0,0.07200000000000006,1.0
2026-02-07 01:21:00,5.29,5.0,0.05800000000000001,1.0
2026-02-07 01:22:00,5.29,5.0,0.05800000000000001,1.0
2026-02-07 01:23:00,5.24,5.0,0.04800000000000004,1.0
2026-02-07 01:24:00,5.23,5.0,0.04600000000000008,1.0
2026-02-07 01:28:00,5.35,5.0,0.06999999999999992,1.0
2026-02-07 01:29:00,5.3,5.0,0.05999999999999996,1.0
2026-02-07 01:30:00,5.41,5.0,0.08200000000000003,1.0
2026-02-07 01:31:00,5.29,5.0,0.05800000000000001,1.0
2026-02-07 01:32:00,5.2,5.0,0.040000000000000036,1.0
2026-02-07 01:33:00,5.22,5.0,0.04399999999999995,1.0
2026-02-07 01:34:00,5.18,5.0,0.03599999999999994,1.0
2026-02-07 01:35:00,5.28,5.0,0.05600000000000005,1.0
2026-02-07 01:36:00,4.97,5.0,0.0060000000000000496,0.9880715705765407
2026-02-07 01:37:00,5.12,5.0,0.02400000000000002,1.0
2026-02-07 01:38:00,5.18,5.0,0.03599999999999994,1.0
2026-02-07 01:39:00,5.39,5.0,0.07799999999999993,1.0
2026-02-07 01:40:00,5.34,5.0,0.06799999999999998,1.0
2026-02-07 01:41:00,5.32,5.0,0.06400000000000006,1.0
2026-02-07 01:42:00,5.23,5.0,0.04600000000000008,1.0
2026-02-07 01:43:00,5.25,5.0,0.05,1.0
2026-02-07 01:44:00,5.2,5.0,0.040000000000000036,1.0
2026-02-07 01:45:00,5.26,5.0,0.051999999999999956,1.0
2026-02-07 01:46:00,5.22,5.0,0.04399999999999995,1.0
2026-02-07 01:47:00,5.26,5.0,0.051999999999999956,1.0
2026-02-07 01:48:00,5.35,5.0,0.06999999999999992,1.0
2026-02-07 01:49:00,5.31,5.0,0.06199999999999992,1.0
2026-02-07 01:50:00,5.33,5.0,0.06600000000000002,1.0
2026-02-07 01:51:00,5.34,5.0,0.06799999999999998,1.0
2026-02-07 01:52:00,5.41,5.0,0.08200000000000003,1.0
2026-02-07 01:53:00,5.47,5.0,0.09399999999999994,1.0
2026-02-07 01:54:00,5.52,5.0,0.10399999999999991,1.0
2026-02-07 01:55:00,5.58,5.0,0.11600000000000002,1.0
2026-02-07 01:56:00,5.47,5.0,0.09399999999999994,1.0
2026-02-07 01:57:00,5.36,5.0,0.07200000000000006,1.0
2026-02-07 01:58:00,5.54,5.0,0.10800000000000001,1.0
2026-02-07 01:59:00,5.4,5.0,0.08000000000000007,1.0
2026-02-07 02:00:00,5.61,5.0,0.12200000000000007,1.0
2026-02-07 02:01:00,5.57,5.0,0.11400000000000006,1.0
2026-02-07 02:02:00,5.48,5.0,0.09600000000000009,1.0
2026-02-07 02:03:00,5.6,5.0,0.11999999999999993,1.0
2026-02-07 02:04:00,5.66,5.0,0.13200000000000003,1.0
2026-02-07 02:05:00,5.36,5.0,0.07200000000000006,1.0
2026-02-07 02:06:00,4.99,5.0,0.0019999999999999575,0.9960079840319361
2026-02-07 02:07:00,5.25,5.0,0.05,1.0
2026-02-07 02:08:00,5.29,5.0,0.05800000000000001,1.0
2026-02-07 02:09:00,5.34,5.0,0.06799999999999998,1.0
2026-02-07 02:10:00,5.32,5.0,0.06400000000000006,1.0
2026-02-07 02:11:00,5.14,5.0,0.027999999999999935,1.0
2026-02-07 02:12:00,5.16,5.0,0.03200000000000003,1.0
2026-02-07 02:13:00,5.04,5.0,0.008000000000000007,1.0
2026-02-07 02:14:00,5.42,5.0,0.08399999999999999,1.0
2026-02-07 02:15:00,5.45,5.0,0.09000000000000004,1.0
2026-02-07 02:16:00,5.44,5.0,0.08800000000000008,1.0
2026-02-07 02:17:00,5.42,5.0,0.08399999999999999,1.0
2026-02-07 02:18:00,5.37,5.0,0.07400000000000002,1.0
2026-02-07 02:19:00,5.09,5.0,0.01799999999999997,1.0
2026-02-07 02:20:00,5.35,5.0,0.06999999999999992,1.0
2026-02-07 02:21:00,5.45,5.0,0.09000000000000004,1.0
2026-02-07 02:22:00,5.33,5.0,0.06600000000000002,1.0
2026-02-07 02:23:00,5.47,5.0,0.09399999999999994,1.0
2026-02-07 02:24:00,5.44,5.0,0.08800000000000008,1.0
2026-02-07 02:25:00,5.46,5.0,0.092,1.0
2026-02-07 02:26:00,5.48,5.0,0.09600000000000009,1.0
2026-02-07 02:27:00,5.45,5.0,0.09000000000000004,1.0
2026-02-07 02:28:00,5.31,5.0,0.06199999999999992,1.0
2026-02-07 02:29:00,5.26,5.0,0.051999999999999956,1.0
2026-02-07 02:30:00,5.06,5.0,0.011999999999999922,1.0
2026-02-07 02:31:00,5.11,5.0,0.022000000000000065,1.0
2026-02-07 02:32:00,5.2,5.0,0.040000000000000036,1.0
2026-02-07 02:33:00,5.27,5.0,0.053999999999999916,1.0
2026-02-07 02:34:00,5.3,5.0,0.05999999999999996,1.0
2026-02-07 02:35:00,5.33,5.0,0.06600000000000002,1.0
2026-02-07 02:36:00,5.39,5.0,0.07799999999999993,1.0
2026-02-07 02:37:00,5.34,5.0,0.06799999999999998,1.0
2026-02-07 02:38:00,5.1,5.0,0.019999999999999928,1.0
2026-02-07 02:39:00,5.09,5.0,0.01799999999999997,1.0
2026-02-07 02:40:00,5.53,5.0,0.10600000000000005,1.0
2026-02-07 02:41:00,5.57,5.0,0.11400000000000006,1.0
2026-02-07 02:42:00,5.39,5.0,0.07799999999999993,1.0
2026-02-07 02:43:00,5.42,5.0,0.08399999999999999,1.0
2026-02-07 02:44:00,5.42,5.0,0.08399999999999999,1.0
2026-02-07 02:45:00,5.42,5.0,0.08399999999999999,1.0
2026-02-07 02:47:00,5.45,5.0,0.09000000000000004,1.0
2026-02-07 02:48:00,5.41,5.0,0.08200000000000003,1.0
2026-02-07 02:49:00,5.38,5.0,0.07599999999999998,1.0
2026-02-07 02:50:00,5.23,5.0,0.04600000000000008,1.0
2026-02-07 02:51:00,5.31,5.0,0.06199999999999992,1.0
2026-02-07 02:52:00,5.21,5.0,0.041999999999999996,1.0
2026-02-07 02:53:00,5.6,5.0,0.11999999999999993,1.0
2026-02-07 02:54:00,5.61,5.0,0.12200000000000007,1.0
2026-02-07 02:55:00,5.52,5.0,0.10399999999999991,1.0
2026-02-07 02:56:00,5.46,5.0,0.092,1.0
2026-02-07 02:57:00,5.42,5.0,0.08399999999999999,1.0
2026-02-07 02:58:00,5.59,5.0,0.11799999999999997,1.0
2026-02-07 02:59:00,5.56,5.0,0.11199999999999992,1.0
2026-02-07 03:00:00,5.48,5.0,0.09600000000000009,1.0
2026-02-07 03:01:00,5.53,5.0,0.10600000000000005,1.0
2026-02-07 03:02:00,5.58,5.0,0.11600000000000002,1.0
2026-02-07 03:03:00,5.44,5.0,0.08800000000000008,1.0
2026-02-07 03:04:00,5.43,5.0,0.08599999999999994,1.0
2026-02-07 03:05:00,5.48,5.0,0.09600000000000009,1.0
2026-02-07 03:06:00,5.45,5.0,0.09000000000000004,1.0
2026-02-07 03:07:00,5.4,5.0,0.08000000000000007,1.0
2026-02-07 03:08:00,5.43,5.0,0.08599999999999994,1.0
2026-02-07 03:09:00,5.38,5.0,0.07599999999999998,1.0
2026-02-07 03:10:00,5.34,5.0,0.06799999999999998,1.0
2026-02-07 03:11:00,5.33,5.0,0.06600000000000002,1.0
2026-02-07 03:12:00,5.31,5.0,0.06199999999999992,1.0
2026-02-07 03:13:00,5.43,5.0,0.08599999999999994,1.0
2026-02-07 03:14:00,5.39,5.0,0.07799999999999993,1.0
2026-02-07 03:15:00,5.34,5.0,0.06799999999999998,1.0
2026-02-07 03:16:00,5.3,5.0,0.05999999999999996,1.0
2026-02-07 03:17:00,5.36,5.0,0.07200000000000006,1.0
2026-02-07 03:18:00,5.42,5.0,0.08399999999999999,1.0
2026-02-07 03:19:00,5.43,5.0,0.08599999999999994,1.0
2026-02-07 03:20:00,5.42,5.0,0.08399999999999999,1.0
2026-02-07 03:21:00,5.33,5.0,0.06600000000000002,1.0
2026-02-07 03:22:00,5.52,5.0,0.10399999999999991,1.0
2026-02-07 03:23:00,5.33,5.0,0.06600000000000002,1.0
2026-02-07 03:24:00,4.71,5.0,0.05800000000000001,0.8903591682419659
2026-02-07 03:25:00,5.02,5.0,0.003999999999999915,1.0
2026-02-07 03:26:00,5.04,5.0,0.008000000000000007,1.0
2026-02-07 03:27:00,5.08,5.0,0.016000000000000014,1.0
2026-02-07 03:28:00,5.05,5.0,0.009999999999999964,1.0
2026-02-07 03:29:00,5.04,5.0,0.008000000000000007,1.0
2026-02-07 03:30:00,5.08,5.0,0.016000000000000014,1.0
2026-02-07 03:31:00,5.05,5.0,0.009999999999999964,1.0
2026-02-07 03:32:00,5.18,5.0,0.03599999999999994,1.0
2026-02-07 03:33:00,5.02,5.0,0.003999999999999915,1.0
2026-02-07 03:34:00,5.01,5.0,0.0019999999999999575,1.0
2026-02-07 03:35:00,4.98,5.0,0.003999999999999915,0.9920318725099603
2026-02-07 03:36:00,4.94,5.0,0.011999999999999922,0.9762845849802373
2026-02-07 03:37:00,5.06,5.0,0.011999999999999922,1.0
2026-02-07 03:38:00,4.9,5.0,0.019999999999999928,0.9607843137254902
2026-02-07 03:39:00,5.18,5.0,0.03599999999999994,1.0
2026-02-07 03:40:00,5.31,5.0,0.06199999999999992,1.0
2026-02-07 03:41:00,5.37,5.0,0.07400000000000002,1.0
2026-02-07 03:42:00,5.26,5.0,0.051999999999999956,1.0
2026-02-07 03:43:00,5.19,5.0,0.038000000000000075,1.0
2026-02-07 03:44:00,5.23,5.0,0.04600000000000008,1.0
2026-02-07 03:45:00,5.35,5.0,0.06999999999999992,1.0
2026-02-07 03:46:00,5.35,5.0,0.06999999999999992,1.0
2026-02-07 03:47:00,5.44,5.0,0.08800000000000008,1.0
2026-02-07 03:48:00,3.37,5.0,0.32599999999999996,0.5082956259426847
2026-02-07 03:49:00,5.19,5.0,0.038000000000000075,1.0
2026-02-07 03:50:00,5.24,5.0,0.04800000000000004,1.0
2026-02-07 03:51:00,5.31,5.0,0.06199999999999992,1.0
2026-02-07 03:52:00,5.16,5.0,0.03200000000000003,1.0
2026-02-07 03:53:00,5.39,5.0,0.07799999999999993,1.0
2026-02-07 03:54:00,5.49,5.0,0.09800000000000005,1.0
2026-02-07 03:55:00,5.5,5.0,0.1,1.0
2026-02-07 03:56:00,5.45,5.0,0.09000000000000004,1.0
2026-02-07 03:57:00,5.04,5.0,0.008000000000000007,1.0
2026-02-07 03:58:00,5.13,5.0,0.025999999999999978,1.0
2026-02-07 04:00:00,5.19,5.0,0.038000000000000075,1.0
2026-02-07 04:01:00,5.19,5.0,0.038000000000000075,1.0
2026-02-07 04:02:00,5.16,5.0,0.03200000000000003,1.0
2026-02-07 04:03:00,5.14,5.0,0.027999999999999935,1.0
2026-02-07 04:04:00,5.35,5.0,0.06999999999999992,1.0
2026-02-07 04:05:00,5.12,5.0,0.02400000000000002,1.0
2026-02-07 04:06:00,5.04,5.0,0.008000000000000007,1.0
2026-02-07 04:07:00,4.95,5.0,0.009999999999999964,0.9801980198019802
2026-02-07 04:08:00,5.1,5.0,0.019999999999999928,1.0
2026-02-07 04:09:00,5.23,5.0,0.04600000000000008,1.0
2026-02-07 04:10:00,5.02,5.0,0.003999999999999915,1.0
2026-02-07 04:11:00,4.95,5.0,0.009999999999999964,0.9801980198019802
2026-02-07 04:12:00,5.06,5.0,0.011999999999999922,1.0
2026-02-07 04:13:00,5.28,5.0,0.05600000000000005,1.0
2026-02-07 04:14:00,5.24,5.0,0.04800000000000004,1.0
2026-02-07 04:15:00,5.1,5.0,0.019999999999999928,1.0
2026-02-07 04:16:00,5.23,5.0,0.04600000000000008,1.0
2026-02-07 04:17:00,5.22,5.0,0.04399999999999995,1.0
2026-02-07 04:18:00,5.24,5.0,0.04800000000000004,1.0
2026-02-07 04:19:00,5.23,5.0,0.04600000000000008,1.0
2026-02-07 04:20:00,5.22,5.0,0.04399999999999995,1.0
2026-02-07 04:21:00,5.25,5.0,0.05,1.0
2026-02-07 04:22:00,5.19,5.0,0.038000000000000075,1.0
2026-02-07 04:23:00,5.22,5.0,0.04399999999999995,1.0
2026-02-07 04:24:00,5.2,5.0,0.040000000000000036,1.0
2026-02-07 04:25:00,5.2,5.0,0.040000000000000036,1.0
2026-02-07 04:26:00,4.78,5.0,0.04399999999999995,0.9157088122605365
2026-02-07 04:27:00,5.01,5.0,0.0019999999999999575,1.0
2026-02-07 04:28:00,5.06,5.0,0.011999999999999922,1.0
2026-02-07 04:29:00,5.02,5.0,0.003999999999999915,1.0
2026-02-07 04:30:00,4.89,5.0,0.022000000000000065,0.9569471624266145
2026-02-07 04:31:00,5.18,5.0,0.03599999999999994,1.0
2026-02-07 04:32:00,5.1,5.0,0.019999999999999928,1.0
2026-02-07 04:33:00,4.97,5.0,0.0060000000000000496,0.9880715705765407
2026-02-07 04:34:00,5.11,5.0,0.022000000000000065,1.0
2026-02-07 04:35:00,5.09,5.0,0.01799999999999997,1.0
2026-02-07 04:36:00,5.1,5.0,0.019999999999999928,1.0
2026-02-07 04:37:00,5.15,5.0,0.030000000000000072,1.0
2026-02-07 04:38:00,5.15,5.0,0.030000000000000072,1.0
2026-02-07 04:39:00,5.11,5.0,0.022000000000000065,1.0
2026-02-07 06:22:00,5.78,5.0,0.15600000000000006,1.0
2026-02-07 06:23:00,5.67,5.0,0.13399999999999998,1.0
2026-02-07 06:24:00,5.8,5.0,0.15999999999999998,1.0
2026-02-07 06:25:00,5.74,5.0,0.14800000000000005,1.0
2026-02-07 06:26:00,5.81,5.0,0.16199999999999992,1.0
2026-02-07 06:27:00,5.03,5.0,0.0060000000000000496,1.0
2026-02-07 06:28:00,5.31,5.0,0.06199999999999992,1.0
2026-02-07 06:29:00,5.44,5.0,0.08800000000000008,1.0
2026-02-07 06:30:00,5.36,5.0,0.07200000000000006,1.0
2026-02-07 06:31:00,5.47,5.0,0.09399999999999994,1.0
2026-02-07 06:32:00,5.36,5.0,0.07200000000000006,1.0
2026-02-07 06:33:00,5.33,5.0,0.06600000000000002,1.0
2026-02-07 06:34:00,5.31,5.0,0.06199999999999992,1.0
2026-02-07 06:35:00,5.4,5.0,0.08000000000000007,1.0
2026-02-07 06:36:00,5.34,5.0,0.06799999999999998,1.0
2026-02-07 06:37:00,5.31,5.0,0.06199999999999992,1.0
2026-02-07 06:38:00,5.21,5.0,0.041999999999999996,1.0
2026-02-07 06:39:00,5.42,5.0,0.08399999999999999,1.0
2026-02-07 06:40:00,5.58,5.0,0.11600000000000002,1.0
2026-02-07 06:41:00,5.65,5.0,0.13000000000000006,1.0
2026-02-07 06:42:00,5.71,5.0,0.142,1.0
2026-02-07 06:43:00,5.61,5.0,0.12200000000000007,1.0
2026-02-07 06:44:00,5.67,5.0,0.13399999999999998,1.0
2026-02-07 06:45:00,5.73,5.0,0.14600000000000007,1.0
2026-02-07 06:46:00,5.77,5.0,0.15399999999999991,1.0
2026-02-07 06:47:00,5.94,5.0,0.18800000000000008,1.0
2026-02-07 06:48:00,5.94,5.0,0.18800000000000008,1.0
2026-02-07 06:49:00,5.93,5.0,0.18599999999999994,1.0
2026-02-07 06:50:00,5.07,5.0,0.014000000000000058,1.0
2026-02-07 06:51:00,5.43,5.0,0.08599999999999994,1.0
2026-02-07 06:52:00,6.09,5.0,0.21799999999999997,1.0
2026-02-07 06:53:00,5.87,5.0,0.17400000000000002,1.0
2026-02-07 07:54:00,6.46,5.0,0.292,1.0
2026-02-07 07:55:00,6.57,5.0,0.31400000000000006,1.0
2026-02-07 07:56:00,6.58,5.0,0.316,1.0
2026-02-07 07:57:00,6.56,5.0,0.31199999999999994,1.0
2026-02-07 07:58:00,6.57,5.0,0.31400000000000006,1.0
2026-02-07 07:59:00,6.52,5.0,0.30399999999999994,1.0
2026-02-07 08:00:00,6.62,5.0,0.324,1.0
2026-02-07 08:01:00,6.56,5.0,0.31199999999999994,1.0
2026-02-07 08:02:00,6.54,5.0,0.308,1.0
2026-02-07 08:03:00,6.54,5.0,0.308,1.0
2026-02-07 08:04:00,6.61,5.0,0.32200000000000006,1.0
2026-02-07 08:05:00,6.69,5.0,0.3380000000000001,1.0
2026-02-07 08:06:00,6.45,5.0,0.29000000000000004,1.0
2026-02-07 08:07:00,6.48,5.0,0.2960000000000001,1.0
2026-02-07 08:08:00,6.51,5.0,0.30199999999999994,1.0
2026-02-07 08:09:00,6.53,5.0,0.30600000000000005,1.0
2026-02-07 08:10:00,6.54,5.0,0.308,1.0
2026-02-07 08:11:00,6.79,5.0,0.358,1.0
2026-02-07 08:12:00,6.75,5.0,0.35,1.0
2026-02-07 08:13:00,6.71,5.0,0.34199999999999997,1.0
2026-02-07 08:14:00,6.59,5.0,0.31799999999999995,1.0
2026-02-07 08:15:00,6.39,5.0,0.2779999999999999,1.0
2026-02-07 08:16:00,6.18,5.0,0.23599999999999993,1.0
2026-02-07 08:17:00,6.31,5.0,0.2619999999999999,1.0
2026-02-07 08:18:00,6.31,5.0,0.2619999999999999,1.0
2026-02-07 08:19:00,6.43,5.0,0.2859999999999999,1.0
2026-02-07 08:20:00,6.13,5.0,0.22599999999999998,1.0
2026-02-07 08:21:00,6.04,5.0,0.20800000000000002,1.0
2026-02-07 08:22:00,6.03,5.0,0.20600000000000004,1.0
2026-02-07 08:23:00,6.6,5.0,0.31999999999999995,1.0
2026-02-07 08:24:00,6.32,5.0,0.26400000000000007,1.0
2026-02-07 08:25:00,6.33,5.0,0.266,1.0
2026-02-07 08:26:00,6.38,5.0,0.27599999999999997,1.0
2026-02-07 08:27:00,6.41,5.0,0.28200000000000003,1.0
2026-02-07 08:28:00,6.43,5.0,0.2859999999999999,1.0
2026-02-07 08:29:00,6.31,5.0,0.2619999999999999,1.0
2026-02-07 08:30:00,6.25,5.0,0.25,1.0
2026-02-07 08:31:00,6.26,5.0,0.25199999999999995,1.0
2026-02-07 08:32:00,6.06,5.0,0.2119999999999999,1.0
2026-02-07 08:33:00,6.4,5.0,0.2800000000000001,1.0
2026-02-07 08:34:00,6.73,5.0,0.3460000000000001,1.0
2026-02-07 08:35:00,6.67,5.0,0.33399999999999996,1.0
2026-02-07 08:36:00,6.74,5.0,0.34800000000000003,1.0
2026-02-07 08:37:00,6.83,5.0,0.366,1.0
2026-02-07 08:38:00,6.87,5.0,0.374,1.0
2026-02-07 08:40:00,7.11,5.0,0.42200000000000004,1.0
2026-02-07 08:41:00,6.97,5.0,0.39399999999999996,1.0
2026-02-07 08:42:00,7.1,5.0,0.41999999999999993,1.0
2026-02-07 08:43:00,6.98,5.0,0.3960000000000001,1.0
2026-02-07 08:44:00,6.99,5.0,0.398,1.0
2026-02-07 08:45:00,7.07,5.0,0.41400000000000003,1.0
2026-02-07 08:46:00,7.04,5.0,0.40800000000000003,1.0
2026-02-07 08:47:00,7.08,5.0,0.41600000000000004,1.0
2026-02-07 08:48:00,6.97,5.0,0.39399999999999996,1.0
2026-02-07 08:49:00,6.98,5.0,0.3960000000000001,1.0
2026-02-07 08:50:00,6.86,5.0,0.37200000000000005,1.0
2026-02-07 08:51:00,6.82,5.0,0.36400000000000005,1.0
2026-02-07 08:52:00,6.9,5.0,0.38000000000000006,1.0
2026-02-07 08:53:00,6.89,5.0,0.37799999999999995,1.0
2026-02-07 08:54:00,6.92,5.0,0.384,1.0
2026-02-07 08:55:00,6.73,5.0,0.3460000000000001,1.0
2026-02-07 08:56:00,6.39,5.0,0.2779999999999999,1.0
2026-02-07 08:57:00,6.42,5.0,0.284,1.0
2026-02-07 08:58:00,6.58,5.0,0.316,1.0
2026-02-07 08:59:00,6.48,5.0,0.2960000000000001,1.0
2026-02-07 09:00:00,6.61,5.0,0.32200000000000006,1.0
2026-02-07 09:01:00,6.57,5.0,0.31400000000000006,1.0
2026-02-07 09:02:00,6.44,5.0,0.2880000000000001,1.0
2026-02-07 09:03:00,5.48,5.0,0.09600000000000009,1.0
2026-02-07 09:04:00,5.11,5.0,0.022000000000000065,1.0
2026-02-07 09:05:00,5.81,5.0,0.16199999999999992,1.0
2026-02-07 09:06:00,5.35,5.0,0.06999999999999992,1.0
2026-02-07 09:07:00,5.65,5.0,0.13000000000000006,1.0
2026-02-07 09:08:00,5.44,5.0,0.08800000000000008,1.0
2026-02-07 09:09:00,5.62,5.0,0.12400000000000003,1.0
2026-02-07 09:10:00,5.32,5.0,0.06400000000000006,1.0
2026-02-07 09:11:00,5.56,5.0,0.11199999999999992,1.0
2026-02-07 09:12:00,5.03,5.0,0.0060000000000000496,1.0
2026-02-07 09:13:00,5.32,5.0,0.06400000000000006,1.0
2026-02-07 09:14:00,5.09,5.0,0.01799999999999997,1.0
2026-02-07 09:15:00,5.83,5.0,0.166,1.0
2026-02-07 09:16:00,5.93,5.0,0.18599999999999994,1.0
2026-02-07 09:17:00,6.03,5.0,0.20600000000000004,1.0
2026-02-07 09:18:00,5.64,5.0,0.12799999999999995,1.0
2026-02-07 09:19:00,5.54,5.0,0.10800000000000001,1.0
2026-02-07 09:20:00,5.45,5.0,0.09000000000000004,1.0
2026-02-07 09:21:00,5.39,5.0,0.07799999999999993,1.0
2026-02-07 09:22:00,5.38,5.0,0.07599999999999998,1.0
2026-02-07 09:23:00,5.31,5.0,0.06199999999999992,1.0
2026-02-07 09:24:00,5.41,5.0,0.08200000000000003,1.0
2026-02-07 09:25:00,5.47,5.0,0.09399999999999994,1.0
2026-02-07 09:26:00,5.52,5.0,0.10399999999999991,1.0
2026-02-07 09:27:00,5.5,5.0,0.1,1.0
2026-02-07 09:28:00,5.51,5.0,0.10199999999999995,1.0
2026-02-07 09:29:00,5.53,5.0,0.10600000000000005,1.0
2026-02-07 09:30:00,5.51,5.0,0.10199999999999995,1.0
2026-02-07 09:31:00,5.51,5.0,0.10199999999999995,1.0
2026-02-07 09:32:00,5.53,5.0,0.10600000000000005,1.0
2026-02-07 09:33:00,5.53,5.0,0.10600000000000005,1.0
2026-02-07 09:34:00,5.58,5.0,0.11600000000000002,1.0
2026-02-07 09:35:00,5.62,5.0,0.12400000000000003,1.0
2026-02-07 09:36:00,5.69,5.0,0.13800000000000007,1.0
2026-02-07 09:37:00,5.64,5.0,0.12799999999999995,1.0
2026-02-07 09:38:00,5.62,5.0,0.12400000000000003,1.0
2026-02-07 09:39:00,5.58,5.0,0.11600000000000002,1.0
2026-02-07 09:40:00,5.65,5.0,0.13000000000000006,1.0
2026-02-07 09:41:00,5.7,5.0,0.14000000000000004,1.0
2026-02-07 09:42:00,5.67,5.0,0.13399999999999998,1.0
2026-02-07 09:43:00,5.6,5.0,0.11999999999999993,1.0
2026-02-07 09:44:00,5.68,5.0,0.13599999999999995,1.0
2026-02-07 09:45:00,5.82,5.0,0.16400000000000006,1.0
2026-02-07 09:46:00,5.89,5.0,0.17799999999999994,1.0
2026-02-07 09:47:00,5.94,5.0,0.18800000000000008,1.0
2026-02-07 09:48:00,5.96,5.0,0.192,1.0
2026-02-07 09:49:00,5.82,5.0,0.16400000000000006,1.0
2026-02-07 09:50:00,5.56,5.0,0.11199999999999992,1.0
2026-02-07 09:51:00,5.62,5.0,0.12400000000000003,1.0
2026-02-07 09:52:00,5.8,5.0,0.15999999999999998,1.0
2026-02-07 09:53:00,5.82,5.0,0.16400000000000006,1.0
2026-02-07 09:54:00,5.8,5.0,0.15999999999999998,1.0
2026-02-07 09:55:00,5.74,5.0,0.14800000000000005,1.0
2026-02-07 09:56:00,5.84,5.0,0.16799999999999998,1.0
2026-02-07 09:57:00,5.8,5.0,0.15999999999999998,1.0
2026-02-07 09:58:00,5.73,5.0,0.14600000000000007,1.0
2026-02-07 10:02:00,5.71,5.0,0.142,1.0
2026-02-07 10:03:00,5.56,5.0,0.11199999999999992,1.0
2026-02-07 10:04:00,5.66,5.0,0.13200000000000003,1.0
2026-02-07 10:05:00,5.72,5.0,0.14399999999999996,1.0
2026-02-07 10:06:00,5.69,5.0,0.13800000000000007,1.0
2026-02-07 10:07:00,5.65,5.0,0.13000000000000006,1.0
2026-02-07 10:08:00,5.69,5.0,0.13800000000000007,1.0
2026-02-07 10:09:00,5.7,5.0,0.14000000000000004,1.0
2026-02-07 10:10:00,5.76,5.0,0.15199999999999997,1.0
2026-02-07 10:11:00,5.73,5.0,0.14600000000000007,1.0
2026-02-07 10:12:00,5.83,5.0,0.166,1.0
2026-02-07 10:13:00,5.6,5.0,0.11999999999999993,1.0
2026-02-07 10:14:00,5.59,5.0,0.11799999999999997,1.0
2026-02-07 10:15:00,5.79,5.0,0.158,1.0
2026-02-07 10:16:00,5.75,5.0,0.15,1.0
2026-02-07 10:17:00,5.74,5.0,0.14800000000000005,1.0
2026-02-07 10:18:00,5.75,5.0,0.15,1.0
2026-02-07 10:19:00,5.76,5.0,0.15199999999999997,1.0
2026-02-07 10:20:00,5.83,5.0,0.166,1.0
2026-02-07 10:21:00,5.75,5.0,0.15,1.0
2026-02-07 10:22:00,5.74,5.0,0.14800000000000005,1.0
2026-02-07 10:23:00,5.75,5.0,0.15,1.0
2026-02-07 10:24:00,5.72,5.0,0.14399999999999996,1.0
2026-02-07 10:25:00,5.82,5.0,0.16400000000000006,1.0
2026-02-07 10:26:00,5.91,5.0,0.18200000000000002,1.0
2026-02-07 10:27:00,5.82,5.0,0.16400000000000006,1.0
2026-02-07 10:28:00,5.77,5.0,0.15399999999999991,1.0
2026-02-07 10:29:00,5.84,5.0,0.16799999999999998,1.0
2026-02-07 10:30:00,5.88,5.0,0.176,1.0
2026-02-07 10:31:00,5.89,5.0,0.17799999999999994,1.0
2026-02-07 10:32:00,5.81,5.0,0.16199999999999992,1.0
2026-02-07 10:33:00,5.85,5.0,0.16999999999999993,1.0
2026-02-07 10:34:00,5.93,5.0,0.18599999999999994,1.0
2026-02-07 10:35:00,5.91,5.0,0.18200000000000002,1.0
2026-02-07 10:36:00,5.81,5.0,0.16199999999999992,1.0
2026-02-07 10:37:00,5.85,5.0,0.16999999999999993,1.0
2026-02-07 10:38:00,5.92,5.0,0.184,1.0
2026-02-07 10:39:00,5.94,5.0,0.18800000000000008,1.0
2026-02-07 10:40:00,5.89,5.0,0.17799999999999994,1.0
2026-02-07 10:41:00,5.9,5.0,0.18000000000000008,1.0
2026-02-07 10:42:00,5.78,5.0,0.15600000000000006,1.0
2026-02-07 10:43:00,5.77,5.0,0.15399999999999991,1.0
2026-02-07 10:44:00,5.9,5.0,0.18000000000000008,1.0
2026-02-07 10:45:00,5.87,5.0,0.17400000000000002,1.0
2026-02-07 10:46:00,5.89,5.0,0.17799999999999994,1.0
2026-02-07 10:47:00,5.8,5.0,0.15999999999999998,1.0
2026-02-07 10:48:00,5.89,5.0,0.17799999999999994,1.0
2026-02-07 10:49:00,5.85,5.0,0.16999999999999993,1.0
2026-02-07 10:50:00,5.9,5.0,0.18000000000000008,1.0
2026-02-07 10:51:00,5.98,5.0,0.1960000000000001,1.0
2026-02-07 10:52:00,5.77,5.0,0.15399999999999991,1.0
2026-02-07 10:53:00,5.73,5.0,0.14600000000000007,1.0
2026-02-07 10:54:00,5.78,5.0,0.15600000000000006,1.0
2026-02-07 10:55:00,5.77,5.0,0.15399999999999991,1.0
2026-02-07 10:56:00,5.79,5.0,0.158,1.0
2026-02-07 10:57:00,5.8,5.0,0.15999999999999998,1.0
2026-02-07 10:58:00,5.78,5.0,0.15600000000000006,1.0
2026-02-07 10:59:00,5.77,5.0,0.15399999999999991,1.0
2026-02-07 11:00:00,5.75,5.0,0.15,1.0
2026-02-07 11:01:00,5.74,5.0,0.14800000000000005,1.0
2026-02-07 11:03:00,5.85,5.0,0.16999999999999993,1.0
2026-02-07 11:04:00,5.75,5.0,0.15,1.0
2026-02-07 11:05:00,5.8,5.0,0.15999999999999998,1.0
2026-02-07 11:06:00,5.8,5.0,0.15999999999999998,1.0
2026-02-07 11:07:00,5.87,5.0,0.17400000000000002,1.0
2026-02-07 11:08:00,5.84,5.0,0.16799999999999998,1.0
2026-02-07 11:09:00,5.82,5.0,0.16400000000000006,1.0
2026-02-07 11:10:00,5.86,5.0,0.17200000000000007,1.0
2026-02-07 11:11:00,5.82,5.0,0.16400000000000006,1.0
2026-02-07 11:12:00,5.81,5.0,0.16199999999999992,1.0
2026-02-07 11:13:00,5.82,5.0,0.16400000000000006,1.0
2026-02-07 11:14:00,5.81,5.0,0.16199999999999992,1.0
2026-02-07 11:15:00,5.86,5.0,0.17200000000000007,1.0
2026-02-07 11:16:00,5.81,5.0,0.16199999999999992,1.0
2026-02-07 11:17:00,5.83,5.0,0.166,1.0
2026-02-07 11:18:00,5.83,5.0,0.166,1.0
2026-02-07 11:19:00,5.79,5.0,0.158,1.0
2026-02-07 11:20:00,5.79,5.0,0.158,1.0
2026-02-07 11:21:00,5.89,5.0,0.17799999999999994,1.0
2026-02-07 11:22:00,6.06,5.0,0.2119999999999999,1.0
2026-02-07 11:23:00,6.05,5.0,0.20999999999999996,1.0
2026-02-07 11:24:00,5.78,5.0,0.15600000000000006,1.0
2026-02-07 11:25:00,5.79,5.0,0.158,1.0
2026-02-07 11:26:00,5.95,5.0,0.19000000000000003,1.0
2026-02-07 11:27:00,5.98,5.0,0.1960000000000001,1.0
2026-02-07 11:28:00,5.96,5.0,0.192,1.0
2026-02-07 11:29:00,5.92,5.0,0.184,1.0
2026-02-07 11:30:00,5.86,5.0,0.17200000000000007,1.0
2026-02-07 11:31:00,5.92,5.0,0.184,1.0
2026-02-07 11:32:00,5.87,5.0,0.17400000000000002,1.0
2026-02-07 11:33:00,5.83,5.0,0.166,1.0
2026-02-07 11:34:00,5.76,5.0,0.15199999999999997,1.0
2026-02-07 11:35:00,5.83,5.0,0.166,1.0
2026-02-07 11:36:00,5.75,5.0,0.15,1.0
2026-02-07 11:37:00,5.75,5.0,0.15,1.0
2026-02-07 11:38:00,6.0,5.0,0.2,1.0
2026-02-07 11:39:00,6.02,5.0,0.2039999999999999,1.0
2026-02-07 11:40:00,5.99,5.0,0.19800000000000004,1.0
2026-02-07 11:41:00,6.08,5.0,0.21600000000000003,1.0
2026-02-07 11:42:00,6.06,5.0,0.2119999999999999,1.0
2026-02-07 11:43:00,6.01,5.0,0.20199999999999996,1.0
2026-02-07 11:44:00,5.95,5.0,0.19000000000000003,1.0
2026-02-07 11:45:00,6.01,5.0,0.20199999999999996,1.0
2026-02-07 11:46:00,6.05,5.0,0.20999999999999996,1.0
2026-02-07 11:47:00,6.07,5.0,0.21400000000000005,1.0
2026-02-07 11:48:00,6.0,5.0,0.2,1.0
2026-02-07 11:49:00,5.82,5.0,0.16400000000000006,1.0
2026-02-07 11:50:00,5.82,5.0,0.16400000000000006,1.0
2026-02-07 11:51:00,5.76,5.0,0.15199999999999997,1.0
2026-02-07 11:52:00,5.7,5.0,0.14000000000000004,1.0
2026-02-07 11:53:00,5.81,5.0,0.16199999999999992,1.0
2026-02-07 11:54:00,5.96,5.0,0.192,1.0
2026-02-07 11:55:00,6.1,5.0,0.21999999999999992,1.0
2026-02-07 11:56:00,6.18,5.0,0.23599999999999993,1.0
2026-02-07 11:57:00,6.03,5.0,0.20600000000000004,1.0
2026-02-07 11:58:00,5.81,5.0,0.16199999999999992,1.0
2026-02-07 11:59:00,5.78,5.0,0.15600000000000006,1.0
2026-02-07 12:00:00,5.68,5.0,0.13599999999999995,1.0
2026-02-07 12:01:00,5.7,5.0,0.14000000000000004,1.0
2026-02-07 12:02:00,5.73,5.0,0.14600000000000007,1.0
2026-02-07 12:03:00,5.74,5.0,0.14800000000000005,1.0
2026-02-07 12:04:00,5.87,5.0,0.17400000000000002,1.0
2026-02-07 12:05:00,5.8,5.0,0.15999999999999998,1.0
2026-02-07 12:06:00,5.67,5.0,0.13399999999999998,1.0
2026-02-07 12:07:00,6.16,5.0,0.23200000000000004,1.0
2026-02-07 12:08:00,6.31,5.0,0.2619999999999999,1.0
2026-02-07 12:09:00,6.13,5.0,0.22599999999999998,1.0
2026-02-07 12:10:00,6.18,5.0,0.23599999999999993,1.0
